,epoch,addr,purpose,date,amount,Expiration,AvailableAt
0,442,198836d653f267dfed06bd383b80539c50f3ab6d6e7e0de11d9b723e,SP reward for iETH,08 October 2023,689,10-01-2024 21:45,12-10-2023 23:00
1,442,43b8e3375ecf90169230d91ce92863d0b041ed4c8668cc87d17ea980,SP reward for iETH,08 October 2023,3355,10-01-2024 21:45,12-10-2023 23:00
2,442,58565b9a0b90f766dad48a3cb365453b452565ecb6773a55a5517b48,SP reward for iETH,08 October 2023,438741,10-01-2024 21:45,12-10-2023 23:00
3,442,405966152e910c43c45f1d21d8420d7ce66c604b9750824741970780,SP reward for iETH,08 October 2023,353,10-01-2024 21:45,12-10-2023 23:00
4,442,4199f4bb58f9b3c60dec5310a8326d46c90318b83d2e96ff45f30bf1,SP reward for iETH,08 October 2023,23,10-01-2024 21:45,12-10-2023 23:00
5,442,f9f1d44d00b15f63b1aac48dd4e3b4738bec1c79cef84b67ef5c69e4,SP reward for iETH,08 October 2023,375,10-01-2024 21:45,12-10-2023 23:00
6,442,bdb8c089708bb3dd3c626bb9a286a3aacbf77517b9643161db4a1452,SP reward for iETH,08 October 2023,61,10-01-2024 21:45,12-10-2023 23:00
7,442,117a220650f577db973565412c705745e0cac69c796d137e977267a0,SP reward for iETH,08 October 2023,1,10-01-2024 21:45,12-10-2023 23:00
8,442,ad122b9fa3ab86495712afd2a6f655430427c2cf21a54fd0c8fe8e63,SP reward for iETH,08 October 2023,72475,10-01-2024 21:45,12-10-2023 23:00
9,442,2e1573f020d7dc42fb1befd459287f0e620fb799cee111e43c50d676,SP reward for iETH,08 October 2023,10978,10-01-2024 21:45,12-10-2023 23:00
10,442,ed3122194af84dbc350676f420b1927209b40cf0d239ec26a5cc8623,SP reward for iETH,08 October 2023,225832,10-01-2024 21:45,12-10-2023 23:00
11,442,5016a30bc3c1a609d20be6cd2ea1f87bf5b49bcf2f8ecdb1d21cceff,SP reward for iETH,08 October 2023,1,10-01-2024 21:45,12-10-2023 23:00
12,442,bffe2a2f3dde97b96f94f5cdde3957828c61db930faba0e4b2afbb46,SP reward for iETH,08 October 2023,44231,10-01-2024 21:45,12-10-2023 23:00
13,442,435ac6984516a80bf6a9e7d16ba8431add7b4f44083131ab8dce0097,SP reward for iETH,08 October 2023,82491,10-01-2024 21:45,12-10-2023 23:00
14,442,8b542601309e158b422074b4a53ec9aa0f09a0b50f58bce55a68b4a0,SP reward for iETH,08 October 2023,15706,10-01-2024 21:45,12-10-2023 23:00
15,442,6efc2b7d458837222c6305866822d7d3039f9b436dc7eeda2ebabd4e,SP reward for iETH,08 October 2023,4863,10-01-2024 21:45,12-10-2023 23:00
16,442,ce6885bef0ae899503bec94142f5c2d8f8d25973ddb50e1c5dca5c1e,SP reward for iETH,08 October 2023,811,10-01-2024 21:45,12-10-2023 23:00
17,442,7bfcb0b4a3974232c21fe4440a2befb5aff58093e9582c9d447c1e0d,SP reward for iETH,08 October 2023,425,10-01-2024 21:45,12-10-2023 23:00
18,442,89d095d531c5d92be599e65bfe27c44652b2cf99b72a332427e9d8a2,SP reward for iETH,08 October 2023,25397,10-01-2024 21:45,12-10-2023 23:00
19,442,42a1f1254b83222880c10986170dff3d174299a9b6601511d369a189,SP reward for iETH,08 October 2023,206100,10-01-2024 21:45,12-10-2023 23:00
20,442,93fb8feafbe7b27f8ccddb6c42676e5c85698c605c6627728507d8fc,SP reward for iETH,08 October 2023,562,10-01-2024 21:45,12-10-2023 23:00
21,442,19c1be2fd0ce6e32cde0185dd60a56edc288d8de6243c1ca4e569f51,SP reward for iETH,08 October 2023,76,10-01-2024 21:45,12-10-2023 23:00
22,442,d1b4a2e733c66382f3c60bf7a43803b57e44c07d5efe87bf8c4185ee,SP reward for iETH,08 October 2023,79735,10-01-2024 21:45,12-10-2023 23:00
23,442,70412db01246a610b0e448401967f8c79afad0c1eda5cc75b2c252f7,SP reward for iETH,08 October 2023,1064,10-01-2024 21:45,12-10-2023 23:00
24,442,875b60897b0b855c13d7cab2fa168fe63bce45ed7e657bdd951b5972,SP reward for iETH,08 October 2023,34424,10-01-2024 21:45,12-10-2023 23:00
25,442,84e650cc71a2cc4a1e57241565b32d0b24ba3ed2a8726bbd11c76ef7,SP reward for iETH,08 October 2023,16083,10-01-2024 21:45,12-10-2023 23:00
26,442,4e5426811df99e191ae0bc3eca64836e561a07d1623b16f94828240b,SP reward for iETH,08 October 2023,2,10-01-2024 21:45,12-10-2023 23:00
27,442,2b3f8ce415f63a81454d53882a00a4d2225e1284c257a8b14ecb4c22,SP reward for iETH,08 October 2023,1,10-01-2024 21:45,12-10-2023 23:00
28,442,af91dcc8800fad79990ad47efc93335efb93b85b15f01ad0570b0924,SP reward for iETH,08 October 2023,97462,10-01-2024 21:45,12-10-2023 23:00
29,442,8707ca72180e998be7256d3ca209f1018ee51fc9f9e1d55fd1d962ae,SP reward for iETH,08 October 2023,1516,10-01-2024 21:45,12-10-2023 23:00
30,442,aa67df191de68ac9224c3425b62b628becbb3d001d0ba78f1dacac4e,SP reward for iETH,08 October 2023,14,10-01-2024 21:45,12-10-2023 23:00
31,442,609ec540fc0fe4aa910919d0f5a2a5dfda7db6cb7f9b4c73c285bb22,SP reward for iETH,08 October 2023,33103,10-01-2024 21:45,12-10-2023 23:00
32,442,38182d9874dbabb161ffff5e21c81a58b8134ff7f34f2407903dba6c,SP reward for iETH,08 October 2023,5428,10-01-2024 21:45,12-10-2023 23:00
33,442,bbc489f4c0a227930bdf92a3fd265427280735a5254c1de2120276f8,SP reward for iETH,08 October 2023,69920,10-01-2024 21:45,12-10-2023 23:00
34,442,a179c06273cc4b1676137e136a2ef23e7cf4a3ea8b07f359a13f88a2,SP reward for iETH,08 October 2023,4431,10-01-2024 21:45,12-10-2023 23:00
35,442,8d995bf956bbf2a69b6549ca3a6830e9292b0d2641e9fa520d0f294d,SP reward for iETH,08 October 2023,107162,10-01-2024 21:45,12-10-2023 23:00
36,442,7a7fe8f80addd82b29adc3d5f017985c04c21eac82da3072fb95ba30,SP reward for iETH,08 October 2023,820,10-01-2024 21:45,12-10-2023 23:00
37,442,afd3aaa6c6cff952df201e8b6aa2e2e06e080f61f9fcbabc1997b42b,SP reward for iETH,08 October 2023,102393,10-01-2024 21:45,12-10-2023 23:00
38,442,57e5858c1df6db74f151486eedd33dec6790c38e79d12b69e2add37e,SP reward for iETH,08 October 2023,54122,10-01-2024 21:45,12-10-2023 23:00
39,442,206d0b9f1190d040970e6a139ec20333570c9f73098ab4f8c5772536,SP reward for iETH,08 October 2023,31215,10-01-2024 21:45,12-10-2023 23:00
40,442,241ecd4e529840fd1d3c3a44abf3e5f3d65c6312fa1203025234ade4,SP reward for iETH,08 October 2023,5072,10-01-2024 21:45,12-10-2023 23:00
41,442,7bca37d84a32420442867cc57a31d617763def3c9963f639c58ff001,SP reward for iETH,08 October 2023,255261,10-01-2024 21:45,12-10-2023 23:00
42,442,9913007f4d5d7d0bdfde593a74f1cc948368d29881aa3efab60a6338,SP reward for iETH,08 October 2023,31175,10-01-2024 21:45,12-10-2023 23:00
43,442,731c4e0664571b4ea0a1b9279f3b9dc10ae79bd38908a7b30ecefe22,SP reward for iETH,08 October 2023,435,10-01-2024 21:45,12-10-2023 23:00
44,442,8bb170899ad086aaf786240e8429aaae18448301ad0d2ab068d38f4a,SP reward for iETH,08 October 2023,1,10-01-2024 21:45,12-10-2023 23:00
45,442,c8ca667b94b226c0400fc4f3f8ce935ef841edd752b09fbf28b1cb16,SP reward for iETH,08 October 2023,8,10-01-2024 21:45,12-10-2023 23:00
46,442,84b2dddf4357c2589e7d431a055e3b0db4149b94240c63ecb1b676f2,SP reward for iETH,08 October 2023,10637248,10-01-2024 21:45,12-10-2023 23:00
47,442,a33c563393379855e9b6f66e6830ceac659fac8982b06d4128b21722,SP reward for iETH,08 October 2023,5790,10-01-2024 21:45,12-10-2023 23:00
48,442,6d6912b202d92f19e9b506ce91eb315f764d0eb5aaf86598b6408dd0,SP reward for iETH,08 October 2023,26602,10-01-2024 21:45,12-10-2023 23:00
49,442,93c8ee55e003b8ac9b1be4260e01d9f03ef35e8cb8ad07fc04c86f80,SP reward for iETH,08 October 2023,182790,10-01-2024 21:45,12-10-2023 23:00
50,442,243143a1edf725605b078e3660ccf3ef4811e54ce8d70b04ae15a4b0,SP reward for iETH,08 October 2023,147,10-01-2024 21:45,12-10-2023 23:00
51,442,512f425cedae5c11513155242686e5039b766c7ae798515b68a364e7,SP reward for iETH,08 October 2023,2741,10-01-2024 21:45,12-10-2023 23:00
52,442,ed3ceb224858d2a44bcae5c64c3f96bc3e80d85bc3347c5f156ae7ff,SP reward for iETH,08 October 2023,1,10-01-2024 21:45,12-10-2023 23:00
53,442,ccf0463efcfc0be16312d889a485c827392edb4bf32af4b43af4aad5,SP reward for iETH,08 October 2023,4635,10-01-2024 21:45,12-10-2023 23:00
54,442,38a6b071d8b300a0a8219cb49ae293024f466985a89f62d6188d0388,SP reward for iETH,08 October 2023,6606,10-01-2024 21:45,12-10-2023 23:00
55,442,b5f538b9bc03a2b72e11f5d02d4480cb5a8db857e1a730b1d4499ec4,SP reward for iETH,08 October 2023,3827669,10-01-2024 21:45,12-10-2023 23:00
56,442,0d4dfb08eb9de8c5610cecd9f1624a8f1bcd2775a9fa651631d44cd5,SP reward for iETH,08 October 2023,4240287,10-01-2024 21:45,12-10-2023 23:00
57,442,929695c172f6c2841df1482161ec1a2716ee2f166c27c86b20736e71,SP reward for iETH,08 October 2023,91683,10-01-2024 21:45,12-10-2023 23:00
58,442,d5783eeb99454513796d07833a55b33d041157aa2557f641d50b7f13,SP reward for iETH,08 October 2023,8878,10-01-2024 21:45,12-10-2023 23:00
59,442,4cb2eb343a9f29be1c2550732c532cf3d2a846cce4b12691379bdc70,SP reward for iETH,08 October 2023,8230,10-01-2024 21:45,12-10-2023 23:00
60,442,73a2384cb145aa11ef7c996728c5715f87b007368e1a4769853927ee,SP reward for iETH,08 October 2023,7101723,10-01-2024 21:45,12-10-2023 23:00
61,442,cef48e82717f374be93b1e5bccad65b68e9403e57dcec8f251b35455,SP reward for iETH,08 October 2023,51227061,10-01-2024 21:45,12-10-2023 23:00
62,442,b2cd3ac1116b5d4d2634eb51a832f9c99dd03abe51b9e05f463bde68,SP reward for iETH,08 October 2023,99121,10-01-2024 21:45,12-10-2023 23:00
63,442,bbc6d8e0a8f8fa47238a3df22e1b9a0e39a0de2330ba5b49d69a6bc0,SP reward for iETH,08 October 2023,544755,10-01-2024 21:45,12-10-2023 23:00
64,442,61cc93b6feaaf71fb0a4133fc103134b9e0057b17a96b5b8ab064345,SP reward for iETH,08 October 2023,528814,10-01-2024 21:45,12-10-2023 23:00
65,442,c05d3ab97abdcac7e81855b92b59afe40f18b059e9d8cceedc5ef511,SP reward for iETH,08 October 2023,61216,10-01-2024 21:45,12-10-2023 23:00
66,442,20e9a6827fc11c89ad4f49e9b36cf80b55c5650eb397b1a9507dde2b,SP reward for iETH,08 October 2023,5404,10-01-2024 21:45,12-10-2023 23:00
67,442,4fef1de46ca4dffc70cafbce94918dc9e28000d395411532f418a73d,SP reward for iETH,08 October 2023,68503,10-01-2024 21:45,12-10-2023 23:00
68,442,fc5543c66855df3872fc1c6bedbd95bb592feb158a7656d0964358b1,SP reward for iETH,08 October 2023,13479,10-01-2024 21:45,12-10-2023 23:00
69,442,476b50ba222061304df4ef1e7da2a370fc1a452f4100e862d5555269,SP reward for iETH,08 October 2023,27505,10-01-2024 21:45,12-10-2023 23:00
70,442,96fcd31985e22ce4ab339cd92f94a5e54e5ddb4880f0a3a6c6ccb2f5,SP reward for iETH,08 October 2023,13330,10-01-2024 21:45,12-10-2023 23:00
71,442,d2a9e3449671da65c467670745d3d5ba2f2f261187808191a95710cf,SP reward for iETH,08 October 2023,18136,10-01-2024 21:45,12-10-2023 23:00
72,442,9a278ffaf46bf70581b4d7914236ad05ee20ee98c7c73158bbc60a3b,SP reward for iETH,08 October 2023,39309,10-01-2024 21:45,12-10-2023 23:00
73,442,e1fe8c18060b61725fc639e6ed11f31323da2cc773f048910a4634da,SP reward for iETH,08 October 2023,104339,10-01-2024 21:45,12-10-2023 23:00
74,442,d4da2d85527b6622fb0dfae1fda83de879b7cd969bf5ff96e9ba3aa6,SP reward for iETH,08 October 2023,283895,10-01-2024 21:45,12-10-2023 23:00
75,442,ef375afc54458f274bd07dec902e981a581fb46d4ab6d996e40b5bb0,SP reward for iETH,08 October 2023,111362,10-01-2024 21:45,12-10-2023 23:00
76,442,aceab5cd6d083ab7388b8487f260c514770460bd9809196d455c7150,SP reward for iETH,08 October 2023,566332,10-01-2024 21:45,12-10-2023 23:00
77,442,3942f959c4dacb2bb80d5854e6b2a304601ad692ce27a6040806de62,SP reward for iETH,08 October 2023,65524,10-01-2024 21:45,12-10-2023 23:00
78,442,dbf62020c6e458cd78ab8e4726fbc766b60c9a473918a5afb8784f4f,SP reward for iETH,08 October 2023,15847,10-01-2024 21:45,12-10-2023 23:00
79,442,a4bb846ef68110900c05f24352c1648db506ec921bf6011e61e01684,SP reward for iETH,08 October 2023,59043,10-01-2024 21:45,12-10-2023 23:00
80,442,73064ed9d446fe559dea6a5c0484f4c4876d91e1d7442109f6815770,SP reward for iETH,08 October 2023,2,10-01-2024 21:45,12-10-2023 23:00
81,442,cd193a0e787cfd42924e2432b5d4b74a19c1bdcb210d44faa6ed875b,SP reward for iETH,08 October 2023,41788,10-01-2024 21:45,12-10-2023 23:00
82,442,75463feb9358b4187d202bc5b8a3d96df6f8c2416495350e8519a3e2,SP reward for iETH,08 October 2023,39019,10-01-2024 21:45,12-10-2023 23:00
83,442,0cdd12ae3e182cc9ce56f55e17b6ae78cd48110aa592163b39ba5b03,SP reward for iETH,08 October 2023,16168,10-01-2024 21:45,12-10-2023 23:00
84,442,144a91af110e1f266e04a5fc28a41d897523570b8c8ca12724be3b64,SP reward for iETH,08 October 2023,31234,10-01-2024 21:45,12-10-2023 23:00
85,442,c90dfeb23d605971a7c59e29113aecd883e6390ae59b21748a3ef672,SP reward for iETH,08 October 2023,29153,10-01-2024 21:45,12-10-2023 23:00
86,442,2d8e47435b0c86ffc07f8c45272929148631ba923e3e24abd49c7d62,SP reward for iETH,08 October 2023,4539,10-01-2024 21:45,12-10-2023 23:00
87,442,a3f63e4cbce10a5560a60dc4c7360da433b03e596e9c61f507eec809,SP reward for iETH,08 October 2023,22394,10-01-2024 21:45,12-10-2023 23:00
88,442,138e6f1324b88fc7e3c520e1ce26fb28d0fd99871c45b0e83c80f900,SP reward for iETH,08 October 2023,77741,10-01-2024 21:45,12-10-2023 23:00
89,442,11b4ac68cf0d110247dc7d2bc139c92fd7a21af0a798a913e06fecd1,SP reward for iETH,08 October 2023,43264,10-01-2024 21:45,12-10-2023 23:00
90,442,5f085aae9b0dcd71e73a7a5074d80dc8cd0dacafc1bb98bc6fe46cb9,SP reward for iETH,08 October 2023,413775,10-01-2024 21:45,12-10-2023 23:00
91,442,026c8ee36589862c813abaf4142583d8631869cc694bfc393ad229ed,SP reward for iETH,08 October 2023,87128,10-01-2024 21:45,12-10-2023 23:00
92,442,76bd0706659b380bf2acb2259850bdd90488151424877d178eaa4c2d,SP reward for iETH,08 October 2023,21516,10-01-2024 21:45,12-10-2023 23:00
93,442,9147f0988a1efd942134a43aaab625d1ff84f6be971c676a2d7d907c,SP reward for iETH,08 October 2023,17973,10-01-2024 21:45,12-10-2023 23:00
94,442,2dd87e3321612d435e9ded9e76469a8d221b8bfce442e92997b74ae9,SP reward for iETH,08 October 2023,312950,10-01-2024 21:45,12-10-2023 23:00
95,442,b178ffc093995ed4f92326da8cbbae25832bd1c723b4897435ae3ee3,SP reward for iETH,08 October 2023,29629,10-01-2024 21:45,12-10-2023 23:00
96,442,6c6327cb74b31bca70661b8a54165f95eec53e59c955ce2060e7dcaa,SP reward for iETH,08 October 2023,51308,10-01-2024 21:45,12-10-2023 23:00
97,442,edb0c1b08e873184c25ab99e045c1331c2a8009d5d6abafef20429d7,SP reward for iETH,08 October 2023,163891,10-01-2024 21:45,12-10-2023 23:00
98,442,b844eda8d8b99c58609f090d3156ef91488778e92501e1154e797492,SP reward for iETH,08 October 2023,67362,10-01-2024 21:45,12-10-2023 23:00
99,442,91aa6ddecfac713f774fe7635bc6804e96e008cd220186a1382b7f1f,SP reward for iETH,08 October 2023,26464,10-01-2024 21:45,12-10-2023 23:00
100,442,c1847df694146357cb67166b11ec706348cb02d268b09c7ca0567a2a,SP reward for iETH,08 October 2023,1,10-01-2024 21:45,12-10-2023 23:00
101,442,343a6e2b66f769abf99ad58bc6425690fd647ea7221a738a55d94bd6,SP reward for iETH,08 October 2023,15608,10-01-2024 21:45,12-10-2023 23:00
102,442,bc12846dfe29fb17207d6e11b98fdda7201679227d46d744de5574e8,SP reward for iETH,08 October 2023,37734,10-01-2024 21:45,12-10-2023 23:00
103,442,2387805ec55905b81396a1744734c4695abaaf620a73e88092018f58,SP reward for iETH,08 October 2023,21096,10-01-2024 21:45,12-10-2023 23:00
104,442,945cd17ae5a96a439a8191283c8459e67ab18c7e2d93fa1dfce4671c,SP reward for iETH,08 October 2023,67642,10-01-2024 21:45,12-10-2023 23:00
105,442,50b984ca982d833e08f2bd2124164aef4193d86503cb484ecbeb1abc,SP reward for iETH,08 October 2023,98697,10-01-2024 21:45,12-10-2023 23:00
106,442,0906bc9e7c5e11ffa7933e391b3eac7386660467616399958c62e606,SP reward for iETH,08 October 2023,2452,10-01-2024 21:45,12-10-2023 23:00
107,442,bd584b825b8ea2a3c6756ada80f881936d174cd8935edeefbff34723,SP reward for iETH,08 October 2023,3462,10-01-2024 21:45,12-10-2023 23:00
108,442,e04792fa709f493a554e363756388231edd8716df5998754d114594a,SP reward for iETH,08 October 2023,33593,10-01-2024 21:45,12-10-2023 23:00
109,442,786de79ca4b4c908980fc370c9089196933c2733c12eb95186b97406,SP reward for iETH,08 October 2023,227332,10-01-2024 21:45,12-10-2023 23:00
110,442,f08a2242c6a6353ea38c9316dc478cad0d5e53eef6c1833e763eb33d,SP reward for iETH,08 October 2023,1709,10-01-2024 21:45,12-10-2023 23:00
111,442,332640ca63bf1c45ca8f5beafe24f3e68887f052b3a03914e2efd235,SP reward for iETH,08 October 2023,1662,10-01-2024 21:45,12-10-2023 23:00
112,442,2d7f83bee28f29bf82eb41de3d59674e71af6a2faf3cce9eb95d6026,SP reward for iETH,08 October 2023,39199,10-01-2024 21:45,12-10-2023 23:00
113,442,2922bb18ea7225c2905acb96276ea33273c5e07a0860fb276087115f,SP reward for iETH,08 October 2023,33459,10-01-2024 21:45,12-10-2023 23:00
114,442,0da3cacef17d65df4ab3d98a21d5d8ef52ef3f813b35b46e9ac4e562,SP reward for iETH,08 October 2023,538,10-01-2024 21:45,12-10-2023 23:00
115,442,08abc365d15eb5a450ff8ed2a6207bfa3cb5a0df4ec1ddd0e6636026,SP reward for iETH,08 October 2023,1,10-01-2024 21:45,12-10-2023 23:00
116,442,16490539b2a6c749b18c82a41ad485eaa882ee019335452b7a7c27c0,SP reward for iETH,08 October 2023,66906,10-01-2024 21:45,12-10-2023 23:00
117,442,efdea48b2d455838b64f1bdbf0106eef7cd67041ce4aa429d812183e,SP reward for iETH,08 October 2023,35563,10-01-2024 21:45,12-10-2023 23:00
118,442,30f730fb260aed1721ae7ec3d6ba003509bc8d125ddbf93ddf51cfac,SP reward for iETH,08 October 2023,542054,10-01-2024 21:45,12-10-2023 23:00
119,442,8bb9c1842b5df8a44359e65982adb4d2a7d0cb745a2b8488592e3d9f,SP reward for iETH,08 October 2023,13091,10-01-2024 21:45,12-10-2023 23:00
120,442,dfe5d2289b230fb69bdf502d43ec466d44b6742ea21e967ed674bdc9,SP reward for iETH,08 October 2023,657417,10-01-2024 21:45,12-10-2023 23:00
121,442,9bf780683ee09b92d00a465c519ef7febf74a26e6ff45fd9af96e496,SP reward for iETH,08 October 2023,127795,10-01-2024 21:45,12-10-2023 23:00
122,442,514ec5e427280c6bca6a0d79dea12bc793673a7241ba8f6f982a542e,SP reward for iETH,08 October 2023,85415,10-01-2024 21:45,12-10-2023 23:00
123,442,e6f174b44628064bfdc62cdf2be63c50b2cd68625efe6847f5fdbf83,SP reward for iETH,08 October 2023,128086,10-01-2024 21:45,12-10-2023 23:00
124,442,8425e1110917c188382ff1e28f3e11c6310ca3c1ee09b4b4bcc41bc1,SP reward for iETH,08 October 2023,18868,10-01-2024 21:45,12-10-2023 23:00
125,442,7d1641812bc78ee852ab754207dc818d1eaa658986d48e6890f08bb9,SP reward for iETH,08 October 2023,184631,10-01-2024 21:45,12-10-2023 23:00
126,442,e435792ece3754f9a940629ec319e62c108f06fedc90da30504b776f,SP reward for iETH,08 October 2023,93468,10-01-2024 21:45,12-10-2023 23:00
127,442,e31737eff954647c3cfb076fc5ec72a889d3d7b27a875fdf2fd1b379,SP reward for iETH,08 October 2023,1,10-01-2024 21:45,12-10-2023 23:00
128,442,e4833eff5469ddeeaf0fbd065ad976676be56e8cd67c04526d51c495,SP reward for iETH,08 October 2023,100223,10-01-2024 21:45,12-10-2023 23:00
129,442,778f07f22a2e44147376960b871a2bf9382ec1a50ae2c4b2086a8436,SP reward for iETH,08 October 2023,491296,10-01-2024 21:45,12-10-2023 23:00
130,442,e4a3572c85228edfa7ee4d015fa55fd6c93d181597f86859aaabca91,SP reward for iETH,08 October 2023,155087,10-01-2024 21:45,12-10-2023 23:00
131,442,63b3889ebf65aba913b3ca44031d7b2c59b04b0727c3f2e67d52d034,SP reward for iETH,08 October 2023,688,10-01-2024 21:45,12-10-2023 23:00
132,442,34c3340d91bf6565f8b26b14e5dc37c6f89d62bc748b78de164115da,SP reward for iETH,08 October 2023,10329,10-01-2024 21:45,12-10-2023 23:00
133,442,895dbda6ce8ae6e05cb8936861ffdc934ef3f8b289ecbaf06f20da59,SP reward for iETH,08 October 2023,190100,10-01-2024 21:45,12-10-2023 23:00
134,442,e1dabf1e8691c018fda047487415acf4ed06b874cc7e2bb639dd1845,SP reward for iETH,08 October 2023,4727,10-01-2024 21:45,12-10-2023 23:00
135,442,63d62b85ce675ee25e9e0da4c846d9843afc136a494b52ccdc2e48e2,SP reward for iETH,08 October 2023,48,10-01-2024 21:45,12-10-2023 23:00
136,442,a6dbba290877e35a99d112108edf8c59364f9d06d0de28484b88d592,SP reward for iETH,08 October 2023,5373,10-01-2024 21:45,12-10-2023 23:00
137,442,006a690654880fd995ebad7a4e4dd8f215be0784cd96ec4e5ebf1226,SP reward for iETH,08 October 2023,648658,10-01-2024 21:45,12-10-2023 23:00
138,442,d20a972f5bddebc47975b4d78f5a5ea7113b8311a84623fe58891b45,SP reward for iETH,08 October 2023,26841,10-01-2024 21:45,12-10-2023 23:00
139,442,3c1e2cfc33728127b806c2679ecccabd2c3602a7fe754228f122f754,SP reward for iETH,08 October 2023,1093608,10-01-2024 21:45,12-10-2023 23:00
140,442,23d5170dffbfa8d5cf6534cd1c06d52d6d2e8819b7914995fa9a94f4,SP reward for iETH,08 October 2023,13275,10-01-2024 21:45,12-10-2023 23:00
141,442,5310a7c00c573d9400459ad061211250ce8c164a1b657d952003f32e,SP reward for iETH,08 October 2023,253577,10-01-2024 21:45,12-10-2023 23:00
142,442,3e2a4fefddafa38436d4c55f1c52cbca11c3c2aef0e94f37ff5be620,SP reward for iETH,08 October 2023,128481,10-01-2024 21:45,12-10-2023 23:00
143,442,b17a9e6267af6b03c1d5b6ed9d2ffd82052fe72f052d434082cfc7dc,SP reward for iETH,08 October 2023,40483,10-01-2024 21:45,12-10-2023 23:00
144,442,4dab7e1283403bdbdee27b8d4162fc41974ebae2f54d41bd5a01a045,SP reward for iETH,08 October 2023,12428,10-01-2024 21:45,12-10-2023 23:00
145,442,cc61886cd84b2810e7509648dbac8024a15547b5253af083842d07d3,SP reward for iETH,08 October 2023,121362,10-01-2024 21:45,12-10-2023 23:00
146,442,b6cdf3c4560e284a5d05fdc1e919565e5e3b6bd51640855b450ccb41,SP reward for iETH,08 October 2023,3796229,10-01-2024 21:45,12-10-2023 23:00
147,442,23b41dab65f698716d09448d4c399e10d2f66ba2fb6433671643c280,SP reward for iETH,08 October 2023,148363,10-01-2024 21:45,12-10-2023 23:00
148,442,42a9b7449b9ba23da79cfc754f2172d52b9a8a550e0e7b6eeda08f77,SP reward for iETH,08 October 2023,130,10-01-2024 21:45,12-10-2023 23:00
149,442,7088f3152f3ae927521b83c3e469bab8107621572660984ac0a5fd16,SP reward for iETH,08 October 2023,150184,10-01-2024 21:45,12-10-2023 23:00
150,442,a9928569964125814eb08c5a930fd78bf8199b39812c2a87abe879ab,SP reward for iETH,08 October 2023,56527,10-01-2024 21:45,12-10-2023 23:00
151,442,f357aeab5d6038af73b7ce783bf505ecb9ff382a18e2b211b18a513a,SP reward for iETH,08 October 2023,3815,10-01-2024 21:45,12-10-2023 23:00
152,442,374b46ff0fc4f269f31c99a12c82159a58207c3e686c437d57dad408,SP reward for iETH,08 October 2023,637690,10-01-2024 21:45,12-10-2023 23:00
153,442,d203a585d517315ef60b563878acfd72bd9ba9bd458d8c432ba53f7f,SP reward for iETH,08 October 2023,38523,10-01-2024 21:45,12-10-2023 23:00
154,442,581aabebb65db4e67ca6a39e7a1770f1e6c03db11aa0e257888f1c15,SP reward for iETH,08 October 2023,716374,10-01-2024 21:45,12-10-2023 23:00
155,442,cf59324e35572473a1c164ace3b16a04c1893f82aae9557abe429d89,SP reward for iETH,08 October 2023,211586,10-01-2024 21:45,12-10-2023 23:00
156,442,5dbde133f26c4c4d49266229d6414d8496450a0322832c6e4219cb4b,SP reward for iETH,08 October 2023,67844,10-01-2024 21:45,12-10-2023 23:00
157,442,d74a6efc13c28b96e80fa23036353ec62897443d0ee58a7cae63cb0b,SP reward for iETH,08 October 2023,106750,10-01-2024 21:45,12-10-2023 23:00
158,442,53eb9c7601e433f0659a74479e98400d203af061f135354f43e0dad4,SP reward for iETH,08 October 2023,36720,10-01-2024 21:45,12-10-2023 23:00
159,442,fdcb2ad56f90c49a73ace602f2f459055f75c9b42f6b186731da60e0,SP reward for iETH,08 October 2023,22916,10-01-2024 21:45,12-10-2023 23:00
160,442,b215ba39568ae7a0d55515f874d117697db493f66f20999e88b36433,SP reward for iETH,08 October 2023,29008,10-01-2024 21:45,12-10-2023 23:00
161,442,e78c4eb4ec3e852b78f8540a7ff65767451cbf7601c4e6a9c4c97d52,SP reward for iETH,08 October 2023,305916,10-01-2024 21:45,12-10-2023 23:00
162,442,ea79af332a33e08d0180ace4940a4bba5e9040ea76bf0f8a884279cd,SP reward for iETH,08 October 2023,19817,10-01-2024 21:45,12-10-2023 23:00
163,442,37659fd936489ba08c0f7122f30d034594d20804392ba14cd2a6d362,SP reward for iETH,08 October 2023,4514,10-01-2024 21:45,12-10-2023 23:00
164,442,1d873b8c37d35e5e322736d5194df4efbcec93bd3e87090998185a10,SP reward for iETH,08 October 2023,96664,10-01-2024 21:45,12-10-2023 23:00
165,442,8c738aba609903d995a789c5cde7e59510858da191c3fca173d8ecc8,SP reward for iETH,08 October 2023,20959,10-01-2024 21:45,12-10-2023 23:00
166,442,6c348312a0608ec6032c6b58e8570d4eb54a6792e95185b661ecd19e,SP reward for iETH,08 October 2023,123993,10-01-2024 21:45,12-10-2023 23:00
167,442,860fe50b46f99f50253e4c88bf0c80c30c05b2047f3f9925b575092f,SP reward for iETH,08 October 2023,1092934,10-01-2024 21:45,12-10-2023 23:00
168,442,5704ede877045beaaf499cf2a9a7f73b1aec49880230fdbd61512f0e,SP reward for iETH,08 October 2023,31,10-01-2024 21:45,12-10-2023 23:00
169,442,3a5c536f4deb9d98ff6e72f3ee92266964b9312d00e6230e33c218b4,SP reward for iETH,08 October 2023,24835,10-01-2024 21:45,12-10-2023 23:00
170,442,57d6070983700de5c4501c698bc410cca90c4ae813ac758cc239be46,SP reward for iETH,08 October 2023,147394,10-01-2024 21:45,12-10-2023 23:00
171,442,525701de611d44593620f664b0abc5ec17b8223153ec1e918f560efe,SP reward for iETH,08 October 2023,120925,10-01-2024 21:45,12-10-2023 23:00
172,442,5c37f6244184589068ccd1481ffbe29b185b7634dcb9e43bd9064c17,SP reward for iETH,08 October 2023,39318,10-01-2024 21:45,12-10-2023 23:00
173,442,31eec5d71937555a28119e20dadcbe20b67b367b2f31f21957466444,SP reward for iETH,08 October 2023,227278,10-01-2024 21:45,12-10-2023 23:00
174,442,e6fdaba56d087a16a9d4cd4a298d537bb25843159bbe8c9dfcfa3530,SP reward for iETH,08 October 2023,101682,10-01-2024 21:45,12-10-2023 23:00
175,442,58c052676fe5b1cd52fda1ba62bbdabef2b3f261258e1fcfaa4df833,SP reward for iETH,08 October 2023,448769,10-01-2024 21:45,12-10-2023 23:00
176,442,244ef5c19b4209da7df61d1f9a41ca599cf12610aed0f9457dbc7353,SP reward for iETH,08 October 2023,203202,10-01-2024 21:45,12-10-2023 23:00
177,442,010983eec9ff8e0cdb301b705d958ae67ca9335fc4a19fe8701c7191,SP reward for iETH,08 October 2023,117492,10-01-2024 21:45,12-10-2023 23:00
178,442,b82989f36f9471ddeb5cb48abfc4b3db92692b938d9adb90b2f52437,SP reward for iETH,08 October 2023,783836,10-01-2024 21:45,12-10-2023 23:00
179,442,86be47e3f02ade0055290f56554a21cd9f6d9e3f037b34301a28890c,SP reward for iETH,08 October 2023,632205,10-01-2024 21:45,12-10-2023 23:00
180,442,264b74cef0d10e378ac83a2b2cf399d17b45e2b6b3664b69c8019fcf,SP reward for iETH,08 October 2023,2133385,10-01-2024 21:45,12-10-2023 23:00
181,442,39b1d4be2a009b5add1835ff88e27d53352d43cba2df661d22c9943f,SP reward for iETH,08 October 2023,166439,10-01-2024 21:45,12-10-2023 23:00
182,442,fbffa3ca1aa8b1911628181e1757f2976c4981da8ce4a1cd62cde4f0,SP reward for iETH,08 October 2023,82353,10-01-2024 21:45,12-10-2023 23:00
183,442,bb32c423f9a82af12f10a7ddfbb3e06a6160ad5b75827a14c2975eb5,SP reward for iETH,08 October 2023,138547,10-01-2024 21:45,12-10-2023 23:00
184,442,092b7b9ae9bfed9f25757ce431f885b079ba820ec102294ec9f18c5b,SP reward for iETH,08 October 2023,63929,10-01-2024 21:45,12-10-2023 23:00
185,442,6c2c506ec04e624743404ae1688a4fc6f668de7ac6990612e26246d0,SP reward for iETH,08 October 2023,13690,10-01-2024 21:45,12-10-2023 23:00
186,442,cf5450200267464f17eca7d4a23ee0c892f8bb6f0d464b8b5eba0c73,SP reward for iETH,08 October 2023,5589325,10-01-2024 21:45,12-10-2023 23:00
187,442,7c287d80b89068e3f0e5ad9cdcfccd67e264e10c7bac1f1c50b4b4ce,SP reward for iETH,08 October 2023,58820,10-01-2024 21:45,12-10-2023 23:00
188,442,21c654305eb324675f59e619a6c6af7de11871079f4b86280654f096,SP reward for iETH,08 October 2023,16064,10-01-2024 21:45,12-10-2023 23:00
189,442,31b4236f1e3ca2c5ec1844abf72660d6da46e7573291459ca84984e4,SP reward for iETH,08 October 2023,808446,10-01-2024 21:45,12-10-2023 23:00
190,442,632a6535602ee5ead53e56f5fbf567840543bd145e9a3769479898d5,SP reward for iETH,08 October 2023,206377,10-01-2024 21:45,12-10-2023 23:00
191,442,264b3be253f8b7ded1b7c01a483256379777df963ce59e49167e95d4,SP reward for iETH,08 October 2023,142598,10-01-2024 21:45,12-10-2023 23:00
192,442,0b9406a4cc6048882b8fd51266f4be903cdb725e354949f8f4b8729b,SP reward for iETH,08 October 2023,150238,10-01-2024 21:45,12-10-2023 23:00
193,442,6a22c66b1ac47584e99999b61de170878547bb5a6b87946a6f1e018e,SP reward for iETH,08 October 2023,72059,10-01-2024 21:45,12-10-2023 23:00
194,442,a65059f2283e5ff29d0c818cba02d9f700fc7c3e891c324bdfd5d1ca,SP reward for iETH,08 October 2023,95909,10-01-2024 21:45,12-10-2023 23:00
195,442,e367111803d9720ed53b7127da78ed0a9317a8b7188c71fa947fb5cb,SP reward for iETH,08 October 2023,28402,10-01-2024 21:45,12-10-2023 23:00
196,442,619db89e32d3347ca98cb4718f91695154e3a3f7d383af693a4dabc8,SP reward for iETH,08 October 2023,372248,10-01-2024 21:45,12-10-2023 23:00
197,442,927fc7c9604b1b86803b1e6c79b229cbba70ff722d91214cfc33d8f4,SP reward for iETH,08 October 2023,263141,10-01-2024 21:45,12-10-2023 23:00
198,442,9c8cc3ac2810e440ae1d0d41c4d7cbf79b860b5f315f8d4ed8350d81,SP reward for iETH,08 October 2023,203737,10-01-2024 21:45,12-10-2023 23:00
199,442,ebcc3b31dea33abd57fc84f6d81697adf063aa7a6114e07f76ea4594,SP reward for iETH,08 October 2023,49753,10-01-2024 21:45,12-10-2023 23:00
200,442,1c348c0ee2a2c36691e877a0058da0def13243399ab568db8db5825c,SP reward for iETH,08 October 2023,31259,10-01-2024 21:45,12-10-2023 23:00
201,442,85dccd823a8eda33c9f680bb5dd7c09479fae10c95732a968f39ddad,SP reward for iETH,08 October 2023,239131,10-01-2024 21:45,12-10-2023 23:00
202,442,c1cd747fe18cf8260a8115694c82c458f6facfafd5a382447a2a3e03,SP reward for iETH,08 October 2023,79028,10-01-2024 21:45,12-10-2023 23:00
203,442,659c684b55fbaeac93ace9f4568e4815d01e094b823be7a04d3552f5,SP reward for iETH,08 October 2023,380630,10-01-2024 21:45,12-10-2023 23:00
204,442,5549e47cc751bd3ea39c302038ed15de03593797992f85d62ec3588b,SP reward for iETH,08 October 2023,3195,10-01-2024 21:45,12-10-2023 23:00
205,442,eb4632e83ff3219e6198dfda1fda37ffe0006dc4673dca0adebed6f0,SP reward for iETH,08 October 2023,26780,10-01-2024 21:45,12-10-2023 23:00
206,442,742e13aeb9130597e75cb1e4201368884b223a027760b1614ddcd514,SP reward for iETH,08 October 2023,29045,10-01-2024 21:45,12-10-2023 23:00
207,442,69db3ddacd4bd728026a19f9e8be6d41771d6cfb8cc1706798b3ad1b,SP reward for iETH,08 October 2023,63268,10-01-2024 21:45,12-10-2023 23:00
208,442,ff7146ab3d288749871f4cf95b6d586203facd0bbf2cedebd34470e3,SP reward for iETH,08 October 2023,460241,10-01-2024 21:45,12-10-2023 23:00
209,442,f09508247e043a250758c76b5ccb0e00df48f5caa7d61518dcb96707,SP reward for iETH,08 October 2023,49838,10-01-2024 21:45,12-10-2023 23:00
210,442,dbf5237efea8d4014dd9dd124d0c1f8798e92e1e2016cf670eaf1424,SP reward for iETH,08 October 2023,46786,10-01-2024 21:45,12-10-2023 23:00
211,442,bf80faca49b6c4b820d11fd8028343afde02b4e9cfeded543c4650b9,SP reward for iETH,08 October 2023,24829,10-01-2024 21:45,12-10-2023 23:00
212,442,57e353299dc689c7b021c9252c7d0650f362b3877a2e659340efc70a,SP reward for iETH,08 October 2023,63640,10-01-2024 21:45,12-10-2023 23:00
213,442,83ab60a79224a24403fce6b98eda271efbf2a363d5a1475a4ede6307,SP reward for iETH,08 October 2023,56509,10-01-2024 21:45,12-10-2023 23:00
214,442,ba9cdccfb43c0bb8236d5819a7086f1093d0c0a4d6b631ea5eed67bc,SP reward for iETH,08 October 2023,2086844,10-01-2024 21:45,12-10-2023 23:00
215,442,dddc26bc5c16b1fdccc13e72abfc5bbab373d7ceb98132fe51b39e33,SP reward for iETH,08 October 2023,765507,10-01-2024 21:45,12-10-2023 23:00
216,442,add22687547b52ee682e6d576776af097ef9374ecce09681b9b43715,SP reward for iETH,08 October 2023,185404,10-01-2024 21:45,12-10-2023 23:00
217,442,e9b900a8a8988098763b2e5d3a9cd9bac932d2958a6c3b811b79e175,SP reward for iETH,08 October 2023,147920,10-01-2024 21:45,12-10-2023 23:00
218,442,257054d58a607073e56032f3af44c34c4da9c3c80ffcb6155bc26122,SP reward for iETH,08 October 2023,251293,10-01-2024 21:45,12-10-2023 23:00
219,442,c432ddfda57b0a0a80baf5c74d4950c6a6a42c9e690b10d3632ac164,SP reward for iETH,08 October 2023,146659,10-01-2024 21:45,12-10-2023 23:00
220,442,6f47cbf71699a17dff2d3039f2dd0eb49adccb6b7ea8c245d9fb8952,SP reward for iETH,08 October 2023,435678,10-01-2024 21:45,12-10-2023 23:00
221,442,ee0d3f0402347e81228151903cf5249eb6303bf0e78b4f488263db90,SP reward for iETH,08 October 2023,915465,10-01-2024 21:45,12-10-2023 23:00
222,442,b2d0834973ca3f26aee1f012c1b4f03cc0dcd96a5e299c62beb86237,SP reward for iETH,08 October 2023,472,10-01-2024 21:45,12-10-2023 23:00
223,442,ecf6df3e564fb3214117ff1ba3fb4532e6d1f2fb80c0015027b291b8,SP reward for iETH,08 October 2023,104815,10-01-2024 21:45,12-10-2023 23:00
224,442,7c5378fa54feb8a83d9a2a241503e07eee3876d90931e1953788c3e4,SP reward for iETH,08 October 2023,668004,10-01-2024 21:45,12-10-2023 23:00
225,442,ecf1cb14a49abe481c4930be126426df3a7468257a129575cd49b41b,SP reward for iETH,08 October 2023,976924,10-01-2024 21:45,12-10-2023 23:00
226,442,338f6ad73e0886541751486f71ceb084279c1ef0babe1ca9a2d58687,SP reward for iETH,08 October 2023,231684,10-01-2024 21:45,12-10-2023 23:00
227,442,1ff8ec747a4655f4f3abfe66233fb0343954025143e9134ca779640d,SP reward for iETH,08 October 2023,12412459,10-01-2024 21:45,12-10-2023 23:00
228,442,0e37ff2bfb32da6cd23995d8683ba2c62b0752390ea6795fae443de3,SP reward for iETH,08 October 2023,475014,10-01-2024 21:45,12-10-2023 23:00
229,442,5c9d73b5373d44bae79f327e1f81752bf8444bf4c6b0be27f179d2e2,SP reward for iETH,08 October 2023,455810,10-01-2024 21:45,12-10-2023 23:00
230,442,28bbd819d100bce6cdedd2005ca0a9d23409b52d2b6b2b3699054c90,SP reward for iETH,08 October 2023,2649272,10-01-2024 21:45,12-10-2023 23:00
231,442,37d0d7bacd94e0c31b8a3a88a5b9e075dc47a7c11720e9806eed4ecc,SP reward for iETH,08 October 2023,1545080,10-01-2024 21:45,12-10-2023 23:00
232,442,5a3d4f39ee17e2b67b6dd93ba71379a098b16f5f1839a069ce9533f4,SP reward for iETH,08 October 2023,65601,10-01-2024 21:45,12-10-2023 23:00
233,442,ee8e915802b5f642b6f4d4d30ce94976a6efc51f145c980d9d376034,SP reward for iETH,08 October 2023,20333,10-01-2024 21:45,12-10-2023 23:00
234,442,a6275c87fe29638ec63e529f7ccbc3f29b77d181cee3bb24945a9fe0,SP reward for iETH,08 October 2023,66745,10-01-2024 21:45,12-10-2023 23:00
235,442,b10c7dd14700813748087d6fbfd03a8c3b83f6cb191743f5e35f7d84,SP reward for iETH,08 October 2023,952724,10-01-2024 21:45,12-10-2023 23:00
236,442,c835248f41cb65303bec60d767f0299ea458a19c8c04beb125513487,SP reward for iETH,08 October 2023,329145,10-01-2024 21:45,12-10-2023 23:00
237,442,eca93e97120204b13cf0fa6a0f87e37c39503bfaa2872a01944f02b8,SP reward for iETH,08 October 2023,96517,10-01-2024 21:45,12-10-2023 23:00
238,442,80b0277609005bb84688ef825eab5e624478c3737efddc04d222c278,SP reward for iETH,08 October 2023,213750,10-01-2024 21:45,12-10-2023 23:00
239,442,17847aaa1e8f5041d5591347a6337e9992eb0f565f725cf43191558a,SP reward for iETH,08 October 2023,2053215,10-01-2024 21:45,12-10-2023 23:00
240,442,eec262031b5b78bd61e1f5aaeb37110ab6599407ab82682ad1798d21,SP reward for iETH,08 October 2023,143169,10-01-2024 21:45,12-10-2023 23:00
241,442,d293f90ea2fd8c346edc313e42d1d8e3e739282dca078926377f6e1d,SP reward for iETH,08 October 2023,87939,10-01-2024 21:45,12-10-2023 23:00
242,442,09575db3a66d29e820a464f9a5784aa42e3efd96396413c15d5a1160,SP reward for iETH,08 October 2023,43831,10-01-2024 21:45,12-10-2023 23:00
243,442,8ede185c7701ad49c0e4a8e8551d273ff717922d2487f54fac34fa6d,SP reward for iETH,08 October 2023,234838,10-01-2024 21:45,12-10-2023 23:00
244,442,b1896ed05f89dc37f90008cbdd3d7aae51e2304a8bb9fa170803290a,SP reward for iETH,08 October 2023,3075483,10-01-2024 21:45,12-10-2023 23:00
245,442,623f00f49ed872b8fde76a4d5520f4ff63e50dec00b938701fe2aedd,SP reward for iETH,08 October 2023,47319,10-01-2024 21:45,12-10-2023 23:00
246,442,4d8a42fbaca129837c77497e86ce3b3eef159f90e4f3f12030e9332f,SP reward for iETH,08 October 2023,104948,10-01-2024 21:45,12-10-2023 23:00
247,442,5cbf5f0ea9260bb305078b3bbfdca41a598d232d74c9a30db243ab67,SP reward for iETH,08 October 2023,749831,10-01-2024 21:45,12-10-2023 23:00
248,442,f791a456607c1532c6f056c09bcbdac59fa54e26c62f1304f288c948,SP reward for iETH,08 October 2023,436534,10-01-2024 21:45,12-10-2023 23:00
249,442,53f44f9ec55dbd78c92531c00f666fb9ebae3415bb2d2f064516a1c2,SP reward for iETH,08 October 2023,12214,10-01-2024 21:45,12-10-2023 23:00
250,442,862f5ad26068a3da287a54bc2fab1c19a99a48c81939d34870be1b85,SP reward for iETH,08 October 2023,51731,10-01-2024 21:45,12-10-2023 23:00
251,442,cf160c79e4395e9b17de9ff8fa6d78e9ade6fee1e7080e0c00152e3e,SP reward for iETH,08 October 2023,79573,10-01-2024 21:45,12-10-2023 23:00
252,442,fc2570c6c03402569141305d77268cb1d15304441a142d76a4ac2814,SP reward for iETH,08 October 2023,164437,10-01-2024 21:45,12-10-2023 23:00
253,442,17e6192c507aa42939888c9354ab8ad76b387cdd923668c0999a198b,SP reward for iETH,08 October 2023,4643,10-01-2024 21:45,12-10-2023 23:00
254,442,026a986627de817bcb642714112306ad7b7fec5c593af507676d3835,SP reward for iETH,08 October 2023,5941,10-01-2024 21:45,12-10-2023 23:00
255,442,fd12aeae1a8e6873b5c4a638cb4d848792b9f401520d27ecd3c3a4b0,SP reward for iETH,08 October 2023,41520,10-01-2024 21:45,12-10-2023 23:00
256,442,e8efeaa8e932f8ad63d3ec8f75f68926e93f66ffc1fc602e3b28bfa4,SP reward for iETH,08 October 2023,3701425,10-01-2024 21:45,12-10-2023 23:00
257,442,f7315c71937b8ee2b38ba0cabbb3d24b34186c415cb1a75e1f383666,SP reward for iETH,08 October 2023,46754,10-01-2024 21:45,12-10-2023 23:00
258,442,8fd1c10f23d010cb70527dfa179041722d39ecbb73a759bc2b88639c,SP reward for iETH,08 October 2023,227351,10-01-2024 21:45,12-10-2023 23:00
259,442,31735ce88157a4b959f5e404f69aa0a7ff6b9bd0cc3f28d39943e3d7,SP reward for iETH,08 October 2023,104228,10-01-2024 21:45,12-10-2023 23:00
260,442,d7346fcd395de69e62f4a2bafbc32af393ceecb3287b0ff4442ff36e,SP reward for iETH,08 October 2023,396381,10-01-2024 21:45,12-10-2023 23:00
261,442,c464a820786db2b4f6292f2d7d300f6e4c5a27921ad23b4d5a9fea1d,SP reward for iETH,08 October 2023,291111,10-01-2024 21:45,12-10-2023 23:00
262,442,9ea99f6560c2e636e90f5e02b7d73b4ad950dde2177c8e80fd2dafb0,SP reward for iETH,08 October 2023,83542,10-01-2024 21:45,12-10-2023 23:00
263,442,a3ad69669ecee78b25f6b796d095ca691912481c72cc3ff42ee41ed1,SP reward for iETH,08 October 2023,58978,10-01-2024 21:45,12-10-2023 23:00
264,442,d0ae4c6f8a0fcdc9cb13e25df039545245b8950ba8820a0adc772a14,SP reward for iETH,08 October 2023,814978,10-01-2024 21:45,12-10-2023 23:00
265,442,55cf69df3e09e88978a5396efa57fb076d25f9089229a52baac18e5d,SP reward for iETH,08 October 2023,51406,10-01-2024 21:45,12-10-2023 23:00
266,442,772e948ec345913bb1f86e295f4ff0d3b1f70e1b4ebca5831c6532a9,SP reward for iETH,08 October 2023,13999,10-01-2024 21:45,12-10-2023 23:00
267,442,775ef1ace4264239a1f7713dfcf2509b35664a69ff58631d9ca7b43d,SP reward for iETH,08 October 2023,123534,10-01-2024 21:45,12-10-2023 23:00
268,442,437ab86f735097bbe07e92f1ae1b125249806ad8649e3a011db36a2d,SP reward for iETH,08 October 2023,34166,10-01-2024 21:45,12-10-2023 23:00
269,442,4effa125f9fc4cf7456e397b1a9ac44add9301b8d959e488a8fa1e86,SP reward for iETH,08 October 2023,25265,10-01-2024 21:45,12-10-2023 23:00
270,442,f04e3a2f427f303624958a861d18f657e307e65da73922e8d823d573,SP reward for iETH,08 October 2023,135314,10-01-2024 21:45,12-10-2023 23:00
271,442,c51068d78a400985cd0b359e59d17ad32344e3c82dbb911033e92cdf,SP reward for iETH,08 October 2023,2258683,10-01-2024 21:45,12-10-2023 23:00
272,442,2dbce9a05ff3ecdedbaf202ea14e89a4396560be74f4f5748aa289f6,SP reward for iETH,08 October 2023,2163936,10-01-2024 21:45,12-10-2023 23:00
273,442,b7ecb676a1826b060ca7fe03135cbb0caf03c02bbb36f2ee9392f822,SP reward for iETH,08 October 2023,1656884,10-01-2024 21:45,12-10-2023 23:00
274,442,ec39d10b072cdc5297cdf1683465556b81d641cdd07fad63ae4fcdd0,SP reward for iETH,08 October 2023,107158,10-01-2024 21:45,12-10-2023 23:00
275,442,c637928cbdf87a8650a7a8401ad1a6b8757d91192677c615daf7deb9,SP reward for iETH,08 October 2023,6599417,10-01-2024 21:45,12-10-2023 23:00
276,442,9e56b28c6ebeb632b7144c800618f085d67742c165f03ed5626a56a4,SP reward for iETH,08 October 2023,7717979,10-01-2024 21:45,12-10-2023 23:00
277,442,ad4777b70337d0ced4b52aaa6bacb63de8b472344b8f00f330bd09a1,SP reward for iETH,08 October 2023,46386,10-01-2024 21:45,12-10-2023 23:00
278,442,6f55a9d74db68134d952107df81bfffdec92fed808885f29e3ab39b1,SP reward for iETH,08 October 2023,27899,10-01-2024 21:45,12-10-2023 23:00
279,442,9e888b8b96c8adc83588187764673c7e357b0c3b404072c997389f74,SP reward for iETH,08 October 2023,69368,10-01-2024 21:45,12-10-2023 23:00
280,442,ace43bacbaaf8c652192a6b790f353ca7553a105d99419638d1544fa,SP reward for iETH,08 October 2023,109963,10-01-2024 21:45,12-10-2023 23:00
281,442,08918c42b18ddf44a0916525988f5b94ee9520a3010ece764b39399b,SP reward for iETH,08 October 2023,853933,10-01-2024 21:45,12-10-2023 23:00
282,442,f6d8c4c39a8c57fbdaabfd6243784c0d6cb36c8b3fc41d01387c5432,SP reward for iETH,08 October 2023,886112,10-01-2024 21:45,12-10-2023 23:00
283,442,c2caa3f52fdfe4424d8aab68f691aa1617988acdb86a37b2850795ac,SP reward for iETH,08 October 2023,255827,10-01-2024 21:45,12-10-2023 23:00
284,442,064bdec62473f25d5eb0cb4e051a3bfb6fd889f02e86c496539846b0,SP reward for iETH,08 October 2023,108355,10-01-2024 21:45,12-10-2023 23:00
285,442,794343926a43d13d72892383b093678fa0602c5ad6338620eb7c302c,SP reward for iETH,08 October 2023,23862,10-01-2024 21:45,12-10-2023 23:00
286,442,cb2b4570726c6675a37c6a6a64b482eb461e2b5b1a75359d4ae3a8d1,SP reward for iETH,08 October 2023,8570,10-01-2024 21:45,12-10-2023 23:00
287,442,9b314b76487603dec62a43cfeea584dae73cd42e7f83871495974fdb,SP reward for iETH,08 October 2023,250149,10-01-2024 21:45,12-10-2023 23:00
288,442,92fd4c1482e065ef6db70c0b78d37262354356a3d67d81aac22ebee3,SP reward for iETH,08 October 2023,5444367,10-01-2024 21:45,12-10-2023 23:00
289,442,9e62f5685e9d1397fa74526b92e01ec062c6f07a6d2b95500728a976,SP reward for iETH,08 October 2023,5637150,10-01-2024 21:45,12-10-2023 23:00
290,442,c762b49fcc98442f1dc5e71e6de2635f02c7b22275a7d112abe90dbc,SP reward for iETH,08 October 2023,719563,10-01-2024 21:45,12-10-2023 23:00
291,442,71c5e6f8e60dcd93e1107a2b11e92628db4daaef1f5705680c4f958d,SP reward for iETH,08 October 2023,449201,10-01-2024 21:45,12-10-2023 23:00
292,442,78cd8a0a3b2bd1b5d1a85f348849349a8d180b3bc180c9f5ea34c726,SP reward for iETH,08 October 2023,2259431,10-01-2024 21:45,12-10-2023 23:00
293,442,0d54066357cf1b893f76d88adc3586fc28aa526ab3ac30db74147a50,SP reward for iETH,08 October 2023,164376,10-01-2024 21:45,12-10-2023 23:00
294,442,ceabd75a3b23cc400a3f7f13e9d00f168902b95910ebc86298a774b6,SP reward for iETH,08 October 2023,5075125,10-01-2024 21:45,12-10-2023 23:00
295,442,878c6006173f9d113f53ba6169317039743808f62e25f539418ba4af,SP reward for iETH,08 October 2023,2846858,10-01-2024 21:45,12-10-2023 23:00
296,442,5ba4f7eb27d46622d4728a365e4e78b349d96c40cb8e6b17b32814ad,SP reward for iETH,08 October 2023,26915,10-01-2024 21:45,12-10-2023 23:00
297,442,3350a1cb0110a5855f289a0738fdbe0c00c07cf748fd5f5cdf1aa63b,SP reward for iETH,08 October 2023,305259,10-01-2024 21:45,12-10-2023 23:00
298,442,12c646d4c6d7a35c14788d15f0f6142f6148975d8932592fbd625f67,SP reward for iETH,08 October 2023,25023299,10-01-2024 21:45,12-10-2023 23:00
299,442,a2b3fc71aa466e489bef35c30ca8b4a9388f701ab0cd73c9c81a5409,SP reward for iETH,08 October 2023,75127,10-01-2024 21:45,12-10-2023 23:00
300,442,d054a3e88aa7d909469f67c6bbaeab11aa87316f08c1eed2b6c2aed3,SP reward for iETH,08 October 2023,235544,10-01-2024 21:45,12-10-2023 23:00
301,442,50c932f2307b366df7e0d4c2a462a0cced8ff0bfb46c565d79b69858,SP reward for iETH,08 October 2023,506080,10-01-2024 21:45,12-10-2023 23:00
302,442,a7f36591a463373640ffdb7ecb6222b65e7a6f28944e6d30b5764499,SP reward for iETH,08 October 2023,321307,10-01-2024 21:45,12-10-2023 23:00
303,442,bf97ad99b5269c15e3726290f95f0fc0ec8dbada31183778548d9da0,SP reward for iETH,08 October 2023,18527734,10-01-2024 21:45,12-10-2023 23:00
304,442,00023775abacb7c31af161e5d0faebd84067299748396171df0a4143,SP reward for iETH,08 October 2023,353132,10-01-2024 21:45,12-10-2023 23:00
305,442,c6aef9c4dd86f4d87ee64da60a47365ddefcce6afe4f81ab201dcd59,SP reward for iETH,08 October 2023,57863,10-01-2024 21:45,12-10-2023 23:00
306,442,134772ad86746619dd39c1bcfd82c5cbec2872f3fbbae1c289e2c7c4,SP reward for iETH,08 October 2023,441,10-01-2024 21:45,12-10-2023 23:00
307,442,1227be2193b0f03f9ced11395f01fec9baab09491e545787377e5787,SP reward for iETH,08 October 2023,650874,10-01-2024 21:45,12-10-2023 23:00
308,442,2e5a4c00de5e5ae25ec3d16e50b1da6b651d07ba33d3af5358becf71,SP reward for iETH,08 October 2023,150814,10-01-2024 21:45,12-10-2023 23:00
309,442,6dfa5c283d15c82b85b918c5480a6abf540d11f8ba50bdd65af11b86,SP reward for iETH,08 October 2023,29008,10-01-2024 21:45,12-10-2023 23:00
310,442,f1d39751c36b29e842f06a1166cf58e421047fe58c7d91c93e456e53,SP reward for iETH,08 October 2023,140630,10-01-2024 21:45,12-10-2023 23:00
311,442,6584bcf113af500d0a3da31cf71613891b5ec591bf920e03518cd20a,SP reward for iETH,08 October 2023,734635,10-01-2024 21:45,12-10-2023 23:00
312,442,a1c6c16a77941b70641de99c94eb9c167da9da22267a137f2adef062,SP reward for iETH,08 October 2023,5987905,10-01-2024 21:45,12-10-2023 23:00
313,442,a74340a486e8463d7574049adacae6920b126c6776c41ff1fb0ed2ce,SP reward for iETH,08 October 2023,29535,10-01-2024 21:45,12-10-2023 23:00
314,442,a55a7da0a1aa1b661de849ac383a2be9c3eded37d04cbe728403f2d4,SP reward for iETH,08 October 2023,659680,10-01-2024 21:45,12-10-2023 23:00
315,442,eb1b8ad62c7f3ea5e90a78719edc152e38ce63b8e928e1902f7d1468,SP reward for iETH,08 October 2023,2922309,10-01-2024 21:45,12-10-2023 23:00
316,442,037e28af67f2f46508f4f97a151f1b693cfd758194d7f9c9e07794f7,SP reward for iETH,08 October 2023,493733,10-01-2024 21:45,12-10-2023 23:00
317,442,5cdd7f4959486306226ebcf1e43d45d7bfe2c4acd7ebafaf2c647248,SP reward for iETH,08 October 2023,989542,10-01-2024 21:45,12-10-2023 23:00
318,442,161478c8f8376606bcc5ae29a3d3c4efe4a06ae5009285f447daa51f,SP reward for iETH,08 October 2023,386864,10-01-2024 21:45,12-10-2023 23:00
319,442,a4ae6b7d6fde02966811a441c04d72af1ad8a1bafd8684192c5c99f7,SP reward for iETH,08 October 2023,17590,10-01-2024 21:45,12-10-2023 23:00
320,442,0b6d4094acb71999783c5f632377b48f9df9fc9e2d90e0fda2fdbdec,SP reward for iETH,08 October 2023,885372,10-01-2024 21:45,12-10-2023 23:00
321,442,9442130f8971114afb57ca22fc0c8bbf9cdd009faba8c714a571d88a,SP reward for iETH,08 October 2023,56836,10-01-2024 21:45,12-10-2023 23:00
322,442,e8aa119715131d1dc98e1703729210cc98b1883773fefc5177cbfdb9,SP reward for iETH,08 October 2023,204141,10-01-2024 21:45,12-10-2023 23:00
323,442,6077abce350b8d0846071ae22ba796d4996a063e4980982a12b7d513,SP reward for iETH,08 October 2023,28325,10-01-2024 21:45,12-10-2023 23:00
324,442,01cefc4ac7b65ac3fddbaedc169b071ab04fcf6f5ab009ff125768c4,SP reward for iETH,08 October 2023,425757,10-01-2024 21:45,12-10-2023 23:00
325,442,690b0a92962d8e5940212f11e4e414db2a6a773f06923adaa063bf7a,SP reward for iETH,08 October 2023,33365018,10-01-2024 21:45,12-10-2023 23:00
326,442,a6ba497ed8d5a03dc779c890dc17d9c5f688a9c8c197597290bb4e14,SP reward for iETH,08 October 2023,223407,10-01-2024 21:45,12-10-2023 23:00
327,442,d3343c6168437902b403e99ae1f62fade8dc0a729f01ff42ac4abbd6,SP reward for iETH,08 October 2023,590545,10-01-2024 21:45,12-10-2023 23:00
328,442,5015aba4d3c982a18669bf8a76082f6563b3bb7872f876d3e910644d,SP reward for iETH,08 October 2023,6852856,10-01-2024 21:45,12-10-2023 23:00
329,442,95fa00657c1613aa2f6a3ff39b636d93ae3106ec72498d3e39b0fa8e,SP reward for iETH,08 October 2023,475480,10-01-2024 21:45,12-10-2023 23:00
330,442,9e50685ab277c256faccb96797ca4a94bdff89291b969ed2371c5abb,SP reward for iETH,08 October 2023,1044,10-01-2024 21:45,12-10-2023 23:00
331,442,f4035fabf6ceffc8d7ba6defb2a76bf77e2fd6f447f37c9037340990,SP reward for iETH,08 October 2023,7860,10-01-2024 21:45,12-10-2023 23:00
332,442,759b2ad795fb741546cb47086bf90dcbfc4e8144e62a824c815c1ffb,SP reward for iETH,08 October 2023,1533809,10-01-2024 21:45,12-10-2023 23:00
333,442,ea374c2d569d63853df7d92c816502210495360908aa4df12568e567,SP reward for iETH,08 October 2023,173027,10-01-2024 21:45,12-10-2023 23:00
334,442,5c704662b0f709ad9ff512bbe5ea1f24f1a1ac2a73053e12c55a50c5,SP reward for iETH,08 October 2023,247207,10-01-2024 21:45,12-10-2023 23:00
335,442,e05979c7922a556392d6db0c2749d7fcd34934e8daf0dfdeed3070a9,SP reward for iETH,08 October 2023,112207,10-01-2024 21:45,12-10-2023 23:00
336,442,9320b2e201b2f4141b4ea6e17e410f4696c911f77149408d632ebb8e,SP reward for iETH,08 October 2023,4503277,10-01-2024 21:45,12-10-2023 23:00
337,442,15ac7ca1b38f99e5e84ca3f3588a779e690a8d586eec079a8dcc6e8c,SP reward for iETH,08 October 2023,1407069,10-01-2024 21:45,12-10-2023 23:00
338,442,5f431f57ad76f9c3feaf03809fb3ba95da61f53fda601021a73f8040,SP reward for iETH,08 October 2023,3031877,10-01-2024 21:45,12-10-2023 23:00
339,442,9a9f9ad845523a55422b5720db7abbdf827733b0945a3aafbd5e33f9,SP reward for iETH,08 October 2023,127315,10-01-2024 21:45,12-10-2023 23:00
340,442,019f3d35ef1c1067784c46f9b165150919cdefda177dd301af373051,SP reward for iETH,08 October 2023,44129,10-01-2024 21:45,12-10-2023 23:00
341,442,d94f9bc0ffe11ad1005b22a6e5c2b471b29c53510aa81514fc24d95a,SP reward for iETH,08 October 2023,39407,10-01-2024 21:45,12-10-2023 23:00
342,442,8cfb3488bf7db4a3b403363dedd790347ff45543a63a7ecdf5ba44f5,SP reward for iETH,08 October 2023,1264626,10-01-2024 21:45,12-10-2023 23:00
343,442,9c2b04c3d361d4d72878e7c0c067ce6cdf9f29561bfab5c59728c4e2,SP reward for iETH,08 October 2023,80484,10-01-2024 21:45,12-10-2023 23:00
344,442,508757f097d3f23cb9e51cc9d35a550b2f2f9bedea6326229950647f,SP reward for iETH,08 October 2023,8671,10-01-2024 21:45,12-10-2023 23:00
345,442,8da4658888007dc5604d42ff781ff425ae51926af8c15244df8a3052,SP reward for iETH,08 October 2023,1849241,10-01-2024 21:45,12-10-2023 23:00
346,442,af7ea0c07f8c05d8c8e27b25a70ae93cff2159b4224f0f032e366d3a,SP reward for iETH,08 October 2023,646409,10-01-2024 21:45,12-10-2023 23:00
347,442,b0f6f6c285e1711e5cc0b237539ebd40eed3ef96be5b78aac6c389ce,SP reward for iETH,08 October 2023,575515,10-01-2024 21:45,12-10-2023 23:00
348,442,9057a63eaa2afa9e1f67bdb5d29fd62c59c91d0c79a30e225f079aca,SP reward for iETH,08 October 2023,885061,10-01-2024 21:45,12-10-2023 23:00
349,442,97bf01e140f1cd68d8f3e3fa882f1f10784d33847cbdd3562934fca0,SP reward for iETH,08 October 2023,1959509,10-01-2024 21:45,12-10-2023 23:00
350,442,09e63926e1dd953e2f6110242c704ce63328e1f2d5ce2142bb66daf2,SP reward for iETH,08 October 2023,765364,10-01-2024 21:45,12-10-2023 23:00
351,442,bf909d05ff1a6d1c02af70932384a6e3d457d460b2fb54c93aa2e021,SP reward for iETH,08 October 2023,179789,10-01-2024 21:45,12-10-2023 23:00
352,442,5b06d393e8dfcfc2b19ca8ecc91c242dd437ed72d917391264183f36,SP reward for iETH,08 October 2023,224459,10-01-2024 21:45,12-10-2023 23:00
353,442,cbf2fe83219efa63b2e1d6c43e53fefa9280e4e862b5cc88d5bdaf7d,SP reward for iETH,08 October 2023,131715,10-01-2024 21:45,12-10-2023 23:00
354,442,2772388f1b0f2a02ac50c87a58f500ebda9b80a4fe8faa0237326e74,SP reward for iETH,08 October 2023,12996682,10-01-2024 21:45,12-10-2023 23:00
355,442,a7793000be35ab0dd64570208d714684e292588d3067948d9cab4b62,SP reward for iETH,08 October 2023,1982558,10-01-2024 21:45,12-10-2023 23:00
356,442,56a31a31d994dd695445965d7862c2025320c4d7a0202bb6e977e74b,SP reward for iETH,08 October 2023,853345,10-01-2024 21:45,12-10-2023 23:00
357,442,cb07fef02adf81a4bb0ee3ec992f392a4ecd92774619a97be8f086b9,SP reward for iETH,08 October 2023,2170620,10-01-2024 21:45,12-10-2023 23:00
358,442,8732d6ae48c07b2694e9918fcdfff84e0995b165d4615c32fc76a978,SP reward for iETH,08 October 2023,1008365,10-01-2024 21:45,12-10-2023 23:00
359,442,34b9eb31c69076b836788f32cc4f00a21725cbccace3077105c00801,SP reward for iETH,08 October 2023,85770,10-01-2024 21:45,12-10-2023 23:00
360,442,8105d0f33d443db33095e1de7e3c084af5cefb8675af79f718bd3e36,SP reward for iETH,08 October 2023,100589,10-01-2024 21:45,12-10-2023 23:00
361,442,569124adbb5d1457305f93056568f6e6744675288b6ede04630140e4,SP reward for iETH,08 October 2023,1018214,10-01-2024 21:45,12-10-2023 23:00
362,442,c3945d89b9f99ee385a09971bc4d7bdeedf5e6f809f8f72816ddd692,SP reward for iETH,08 October 2023,200878,10-01-2024 21:45,12-10-2023 23:00
363,442,5c388590260c27a11e1ee1c0e753ce29e204c58432e25fa2d66bb33a,SP reward for iETH,08 October 2023,228896,10-01-2024 21:45,12-10-2023 23:00
364,442,f29f47b1b0418459d3089b645f7822ffde188e85a102de177d76cd77,SP reward for iETH,08 October 2023,88592,10-01-2024 21:45,12-10-2023 23:00
365,442,284839fc9946e6331dada95c3f7c14e995b738b0e580d8079c50bac1,SP reward for iETH,08 October 2023,7208,10-01-2024 21:45,12-10-2023 23:00
366,442,37dce7298152979f0d0ff71fb2d0c759b298ac6fa7bc56b928ffc1bc,SP reward for iETH,08 October 2023,55342613,10-01-2024 21:45,12-10-2023 23:00
367,442,42c58ba9df280c4ae00cfa9fc794f2f00e7658f9f6d69abe0e8afe82,SP reward for iETH,08 October 2023,452762,10-01-2024 21:45,12-10-2023 23:00
368,442,811d81c21b08352b6d13adc8815022f120336e4eadd03f4ee1a1b0fa,SP reward for iETH,08 October 2023,638882,10-01-2024 21:45,12-10-2023 23:00
369,442,914956f9a626440cebae913d11e64945359d03d5066c30ddbf4e1408,SP reward for iETH,08 October 2023,499035,10-01-2024 21:45,12-10-2023 23:00
370,442,590d2732226bce1245e4da51d3c55e00f3e7ec6a16c5117904558405,SP reward for iETH,08 October 2023,619015,10-01-2024 21:45,12-10-2023 23:00
371,442,2ea8cfe869a9f7f29b36dae2a1fcf19b9e4b47293961ec78dc5ebccf,SP reward for iETH,08 October 2023,1096157,10-01-2024 21:45,12-10-2023 23:00
372,442,568b65fadfb32178198768d1bff91956f5dba957701ce300719237b4,SP reward for iETH,08 October 2023,719485,10-01-2024 21:45,12-10-2023 23:00
373,442,0077f5569d8a6b58837844cae16b24e60b4718f5805e316dbf493897,SP reward for iETH,08 October 2023,1140582,10-01-2024 21:45,12-10-2023 23:00
374,442,224881a0dbeda325ad728e2ff0abfe10aa335eb0dfa6258f6c163af1,SP reward for iETH,08 October 2023,994547,10-01-2024 21:45,12-10-2023 23:00
375,442,5076acb2a03d9c30a10cb6a51faf9a1bd425efa5b701d0e483ff31d3,SP reward for iETH,08 October 2023,1081310,10-01-2024 21:45,12-10-2023 23:00
376,442,d2a924b445aa266e71c0fc977e3b319ab88f904021b488f3b63f0055,SP reward for iETH,08 October 2023,1573739,10-01-2024 21:45,12-10-2023 23:00
377,442,1ec35cc7e933953ef129dc5adf6c6773f0400d20a0c3966ffa19b253,SP reward for iETH,08 October 2023,601069,10-01-2024 21:45,12-10-2023 23:00
378,442,3440301225c582d0a5a6a0a5beec84e9589d670ed742b1cf94d7200c,SP reward for iETH,08 October 2023,264097,10-01-2024 21:45,12-10-2023 23:00
379,442,cb7cb7825c61148750bb1569f658df2f54872e4a21378797628893f9,SP reward for iETH,08 October 2023,3634688,10-01-2024 21:45,12-10-2023 23:00
380,442,80df57ef64f6c84627cb8f0909b8613a3a85b59118092ec2565f754b,SP reward for iETH,08 October 2023,255849,10-01-2024 21:45,12-10-2023 23:00
381,442,fc3f98ae5a3b654f6d89eebba84dede2c2ebe58d58ed3d59984dfef4,SP reward for iETH,08 October 2023,1,10-01-2024 21:45,12-10-2023 23:00
382,442,4f8edf63fddd78518ee36c8b5d0366c3f57cca7707320c9b6d3b434b,SP reward for iETH,08 October 2023,359533,10-01-2024 21:45,12-10-2023 23:00
383,442,b476886ebb904922102c2c8e89a984a7e37aac15d29adcd0120b1a09,SP reward for iETH,08 October 2023,4555687,10-01-2024 21:45,12-10-2023 23:00
384,442,43d0a98cb18fe49f759a593585010bd4b4947c7e7b3493de6d96849f,SP reward for iETH,08 October 2023,2955105,10-01-2024 21:45,12-10-2023 23:00
385,442,12a8bedd60b73e64175dd4019fc92d9652d748c6c9fd3329063c673a,SP reward for iETH,08 October 2023,6042731,10-01-2024 21:45,12-10-2023 23:00
386,442,f9c3ea8ec044b27830d9806f8ce5a952fbb89debf69180307e723e57,SP reward for iETH,08 October 2023,358371,10-01-2024 21:45,12-10-2023 23:00
387,442,0ad45bd4425847c0893b6a9135dc9086793f21620bf46205901be98a,SP reward for iETH,08 October 2023,87415,10-01-2024 21:45,12-10-2023 23:00
388,442,0fcd5515a7c42ff375fbe24915bf94140f3ae6559957291e2fc8cb98,SP reward for iETH,08 October 2023,436357,10-01-2024 21:45,12-10-2023 23:00
389,442,fa7a8fdcdf6d6515bddfec9cd7731c20ba94fa51352be03e4c06bda1,SP reward for iETH,08 October 2023,4219694,10-01-2024 21:45,12-10-2023 23:00
390,442,cbf9437b6fa4bfa4931ce623e6aff6689fa8ffc1ce3572e6f5ff613a,SP reward for iETH,08 October 2023,2506829,10-01-2024 21:45,12-10-2023 23:00
391,442,a10a23ec8c8bc86c8b39bb8d034a7ea407acf952bab967bbd8797d7f,SP reward for iETH,08 October 2023,160605,10-01-2024 21:45,12-10-2023 23:00
392,442,85e349e81e454ec1437215d6983a07e06b26df6b7906c0556b687b43,SP reward for iETH,08 October 2023,8201991,10-01-2024 21:45,12-10-2023 23:00
393,442,a79e3310327ff57aec9921c729d9a81389fe10aaa398fda3e5ae0fb3,SP reward for iETH,08 October 2023,2391728,10-01-2024 21:45,12-10-2023 23:00
394,442,d00c92d92560223d54d47e2332b1937f37e48f8faf44d2735e119b40,SP reward for iETH,08 October 2023,78753,10-01-2024 21:45,12-10-2023 23:00
395,442,a599571d436d6d4796f955247b1e358fa4275e063273d81dc5845a47,SP reward for iETH,08 October 2023,307715,10-01-2024 21:45,12-10-2023 23:00
396,442,c6d45c71d2db10ad40fe49e492ce13dbf368ee6e721bc09c91ae89f5,SP reward for iETH,08 October 2023,5765518,10-01-2024 21:45,12-10-2023 23:00
397,442,35b5d87660008e921bf997918dca5a84f808badf0fdc910fb5cc1d06,SP reward for iETH,08 October 2023,269669,10-01-2024 21:45,12-10-2023 23:00
398,442,072569588caa5cdfcfc07a1bc6e8731d835f6a6f5c077d1d6dee0756,SP reward for iETH,08 October 2023,46655,10-01-2024 21:45,12-10-2023 23:00
399,442,6c543f866d7e82c724ab7bf7b8ca2568f3a72061fef7a192e8f34616,SP reward for iETH,08 October 2023,58565486,10-01-2024 21:45,12-10-2023 23:00
400,442,e0ea68c3e09114bb8b746e67a3e44b5e4c0cdce33c07391dc1f61be2,SP reward for iETH,08 October 2023,1829445,10-01-2024 21:45,12-10-2023 23:00
401,442,9b7a2c9c23228fbb138fcaf45db9deb395114a33c8fa11a758eeac0c,SP reward for iETH,08 October 2023,79150,10-01-2024 21:45,12-10-2023 23:00
402,442,3cd4e0a1ef398a95359b11785b477a8505b46c2444bb6acc08a2ecd4,SP reward for iETH,08 October 2023,7981708,10-01-2024 21:45,12-10-2023 23:00
403,442,a485b6436c9f49a331655fa1574405c3e9bb1ead65e84b91f28fe826,SP reward for iETH,08 October 2023,23291911,10-01-2024 21:45,12-10-2023 23:00
404,442,a90c9789e1cc4e2b2b3f0623af62cf6c143918214776980f29b12d12,SP reward for iETH,08 October 2023,907609,10-01-2024 21:45,12-10-2023 23:00
405,442,00666e59e9ceb98f3b3b0f97037acaf2d5e5543044d7d10a93fae574,SP reward for iETH,08 October 2023,1085560,10-01-2024 21:45,12-10-2023 23:00
406,442,34589e061b2fcffb9f07e7109d77a14c7c7f55f15f5a52d5ebe6c94e,SP reward for iETH,08 October 2023,11721,10-01-2024 21:45,12-10-2023 23:00
407,442,d5ffa4e09c6eaa4c882e10d3cc94b6c604e5982bf3715d40d4ec5351,SP reward for iETH,08 October 2023,374173,10-01-2024 21:45,12-10-2023 23:00
408,442,69af353f2cb9ab695b429cff0e80203bc8e9e47548f28176e9bf99a0,SP reward for iETH,08 October 2023,251524,10-01-2024 21:45,12-10-2023 23:00
409,442,eb399c4149c7004a187d460e10d8e524215b9b39e600560ce8f42806,SP reward for iETH,08 October 2023,1397127,10-01-2024 21:45,12-10-2023 23:00
410,442,548fece8d2f6e55efda4a70452343bc1f92cac3c1cf8ef250535c048,SP reward for iETH,08 October 2023,1599380,10-01-2024 21:45,12-10-2023 23:00
411,442,e105290df587390be33d256392f378bfd7709dca5c16de6ff1958de1,SP reward for iETH,08 October 2023,20598,10-01-2024 21:45,12-10-2023 23:00
412,442,d28984c713366768ef92d78cdf6375539bc637d329226151e915c315,SP reward for iETH,08 October 2023,2371809,10-01-2024 21:45,12-10-2023 23:00
413,442,bb065d2662a76b6a4be9b01e41d5c3f50462c1dda589da692b9754da,SP reward for iETH,08 October 2023,6303179,10-01-2024 21:45,12-10-2023 23:00
414,442,3307f4774118bdc69163b2f8f2065892aa4484df07772bc4fe5fd052,SP reward for iETH,08 October 2023,579198,10-01-2024 21:45,12-10-2023 23:00
415,442,b6756686f4eb2913773cd154afd06f721a1eeeb6dd84d37b099acb14,SP reward for iETH,08 October 2023,1056491,10-01-2024 21:45,12-10-2023 23:00
416,442,1b0cbfa819f5a7b1eb06097e9b374f4c240f1a764b9a0a58973fdaa1,SP reward for iETH,08 October 2023,2135014,10-01-2024 21:45,12-10-2023 23:00
417,442,c590affd526db47b19bcb411793bba5d639c1f5885fafc47838cd22e,SP reward for iETH,08 October 2023,1366278,10-01-2024 21:45,12-10-2023 23:00
418,442,73761bdecaf3b16b1ac8cfbc32a46cfb73f3086cd854b57855bcf16e,SP reward for iETH,08 October 2023,204078,10-01-2024 21:45,12-10-2023 23:00
419,442,fa54bc15eb2f3a2b38c0132795dab8639855d59ff6437fc0ee24a331,SP reward for iETH,08 October 2023,1620987,10-01-2024 21:45,12-10-2023 23:00
420,442,68b290e8c37102ca4abfb9f2f7875308f678c9c39d20a7e9bdbeb719,SP reward for iETH,08 October 2023,956340,10-01-2024 21:45,12-10-2023 23:00
421,442,07c59e348504d75a47aa875c80c5f7c537f4153637fb942f8f21f7e4,SP reward for iETH,08 October 2023,69923,10-01-2024 21:45,12-10-2023 23:00
422,442,4f9bae79147020cfc7a1879a0429879c46f9e8beec5768b3744a665c,SP reward for iETH,08 October 2023,4209915,10-01-2024 21:45,12-10-2023 23:00
423,442,1d6b21b388975d2273d12b214d15d38aefe4aa45af8ed903e4d386aa,SP reward for iETH,08 October 2023,8764,10-01-2024 21:45,12-10-2023 23:00
424,442,c207ec74fa19825b5803267491fce22d2cc7b4d7269df74d22f7c4b4,SP reward for iETH,08 October 2023,2009606,10-01-2024 21:45,12-10-2023 23:00
425,442,69a97eb8edd3bd6c373b00d162d4463c2b6834e4d66d0e6f29f797e3,SP reward for iETH,08 October 2023,24099530,10-01-2024 21:45,12-10-2023 23:00
426,442,f22884c68cb845cbba534a40bc7c2d3cd362c70741bc3632c0bbf772,SP reward for iETH,08 October 2023,29043377,10-01-2024 21:45,12-10-2023 23:00
427,442,ca0f77040a2b74ee79cb3a2c8046083e364c853648d64885a75ae35e,SP reward for iETH,08 October 2023,1586979,10-01-2024 21:45,12-10-2023 23:00
428,442,7715ea9b7284bacb2675cdc4a89dfeb34ce4245f956510eaa294e1d7,SP reward for iETH,08 October 2023,2923789,10-01-2024 21:45,12-10-2023 23:00
429,442,17abbdbbee649dac78243c157c3238f34b9368e0e7d2c0232951484c,SP reward for iETH,08 October 2023,168428,10-01-2024 21:45,12-10-2023 23:00
430,442,57ddeaa392fd68799959ed26225a53efdda10ad0b297ce71a8c6b8eb,SP reward for iETH,08 October 2023,5839781,10-01-2024 21:45,12-10-2023 23:00
431,442,9d77c4650d9fc15ff9d7591ec7324e12e84a7b588a88586e55113d83,SP reward for iETH,08 October 2023,2660867,10-01-2024 21:45,12-10-2023 23:00
432,442,092e26fa08057d6cbfc986b6638b347cf850a74b846f6a36e5fd8dfa,SP reward for iETH,08 October 2023,576760,10-01-2024 21:45,12-10-2023 23:00
433,442,8d0f5398476da86053901f440d112916efc41a0e88481086fe064cf6,SP reward for iETH,08 October 2023,386524,10-01-2024 21:45,12-10-2023 23:00
434,442,d1660b25e17cb23c44f9161fd71df2a4e847f5b1e0b23a4bae71423a,SP reward for iETH,08 October 2023,97029509,10-01-2024 21:45,12-10-2023 23:00
435,442,fc1c84e08e8e47cda82dfe5d2778002da43570516efe2517c7878226,SP reward for iETH,08 October 2023,377,10-01-2024 21:45,12-10-2023 23:00
436,442,e0a5fe8d81c61f33e7b47c1a5b07c02ca836cd80b91e2ce18e088db3,SP reward for iETH,08 October 2023,118315,10-01-2024 21:45,12-10-2023 23:00
437,442,bdabcdc638396b13e6a2f2fcee884fac8903ad668c7155fad848616a,SP reward for iETH,08 October 2023,159684,10-01-2024 21:45,12-10-2023 23:00
438,442,cacee11ae9fc0ffb6219d179e22b1cddefd988ebcfb1ec7fca4ad52d,SP reward for iETH,08 October 2023,114307907,10-01-2024 21:45,12-10-2023 23:00
439,442,25f2b6e8273673fa147f150644a62517d248bba31bbb8c35963fcb94,SP reward for iETH,08 October 2023,538211,10-01-2024 21:45,12-10-2023 23:00
440,442,b343c02a76bd4f94ecbd4e8260a37ea68d5543d01e9f21e162c9cd1a,SP reward for iETH,08 October 2023,1071624,10-01-2024 21:45,12-10-2023 23:00
441,442,e174ca1bc8de7a28fcd3d2fbb172d223fbd8b83c1dc51cd37c790420,SP reward for iETH,08 October 2023,2234887,10-01-2024 21:45,12-10-2023 23:00
442,442,7b313b41860de9075ae0eb22e9211a5822c0f23119037e21b769e96a,SP reward for iETH,08 October 2023,14515213,10-01-2024 21:45,12-10-2023 23:00
443,442,27e19a4d47b49657009c6265473dd7191ec0908bdcffdc0fe37ee348,SP reward for iETH,08 October 2023,2486264,10-01-2024 21:45,12-10-2023 23:00
444,442,811bdd761ef03a0aff09b20d4f6ffb6cb5bbc2c726d7d3fa38a537fc,SP reward for iETH,08 October 2023,12545062,10-01-2024 21:45,12-10-2023 23:00
445,442,ccb220201f3cb6b293ae4aa8f4c4280591f300897fa0354851c616f7,SP reward for iETH,08 October 2023,126301,10-01-2024 21:45,12-10-2023 23:00
446,442,5c1a02a27266c981c3c4a9f5301c0e540b93da75bba83693aa1284a2,SP reward for iETH,08 October 2023,154634,10-01-2024 21:45,12-10-2023 23:00
447,442,277fd1b973fb696cd511a2382770f137bedb994b2395d476db829938,SP reward for iETH,08 October 2023,45903186,10-01-2024 21:45,12-10-2023 23:00
448,442,13dd85c67472864399334d40bd57d4bbfcdd5ea0436ed478f6c2409c,SP reward for iETH,08 October 2023,16030209,10-01-2024 21:45,12-10-2023 23:00
449,442,4a56c29fe51cedb6d52c5fb17efea3451759a14b6931ec212aeea070,SP reward for iETH,08 October 2023,471041,10-01-2024 21:45,12-10-2023 23:00
450,442,c480783df5b96cc1a051c2bbe8c96d842a2743c747f303c656613e19,SP reward for iETH,08 October 2023,227765,10-01-2024 21:45,12-10-2023 23:00
451,442,fa9c7e0beaad372083bafd39c7cef554824a1e9eb21556676864ab7e,SP reward for iETH,08 October 2023,23708089,10-01-2024 21:45,12-10-2023 23:00
452,442,98e854a41cab6d1ea5e38ff1517f5a1b4a1e8e087fc85195ad42f28c,SP reward for iETH,08 October 2023,307821,10-01-2024 21:45,12-10-2023 23:00
453,442,63aade055d90301cd816870ee5a3c9fc67d769274b8633e7a7893f05,SP reward for iETH,08 October 2023,2414412,10-01-2024 21:45,12-10-2023 23:00
454,442,7263b9dd48afbcdd9151c3044a290690040aec1508704bc04fee78ec,SP reward for iETH,08 October 2023,908254,10-01-2024 21:45,12-10-2023 23:00
455,442,43554050d4b81197d15d448aa81b825612a4fef4cba3b48ba25be4e4,SP reward for iETH,08 October 2023,515596,10-01-2024 21:45,12-10-2023 23:00
456,442,01da9d4fea55755b1bd3017417aeae4b69e15fda2bbdb49d739351ff,SP reward for iETH,08 October 2023,183247,10-01-2024 21:45,12-10-2023 23:00
457,442,d7093cc9caa740381045e3c433dfc849c3403ecf066fac9233e14246,SP reward for iETH,08 October 2023,839464,10-01-2024 21:45,12-10-2023 23:00
458,442,7ff55caba5c965a9bacc6c9de36250dfdcc794f7cb5480c73af2155b,SP reward for iETH,08 October 2023,4448524,10-01-2024 21:45,12-10-2023 23:00
459,442,abd768ffa460e4578bd7a72296552532e2e463ac8727396b752aeef9,SP reward for iETH,08 October 2023,139553,10-01-2024 21:45,12-10-2023 23:00
460,442,78b355ef81f783f5efe26565142565159adb6d0fe2ff17631c37540c,SP reward for iETH,08 October 2023,165631,10-01-2024 21:45,12-10-2023 23:00
461,442,0bb67baf3148157625daeb00d942466bc473a3ff85dd49afa7658f89,SP reward for iETH,08 October 2023,7316449,10-01-2024 21:45,12-10-2023 23:00
462,442,b0a222c6bfdd962ede1dda2efc895e8d4e79dd5e493694ac784bc7c9,SP reward for iETH,08 October 2023,26248942,10-01-2024 21:45,12-10-2023 23:00
463,442,dcc2117fe7b56fbf5a0c7ae4bd3e33a3a4ed07cd25e02c4c6e34d510,SP reward for iETH,08 October 2023,703169,10-01-2024 21:45,12-10-2023 23:00
464,442,239f2ce7543af3b3c9119a00f53a64ad8e1e4b19d90fd1dfaecd7427,SP reward for iETH,08 October 2023,10245702,10-01-2024 21:45,12-10-2023 23:00
465,442,8d999dd787f9871ef69430cfd7473d3d786fe6e060985c65265997d9,SP reward for iETH,08 October 2023,7088,10-01-2024 21:45,12-10-2023 23:00
466,442,9eacf5e8b3c6bf9b1abf34590fd8c9b02e34c0bcd682a1e895ede3fe,SP reward for iETH,08 October 2023,7087945,10-01-2024 21:45,12-10-2023 23:00
467,442,1c01312dd39930a1fd168b6bb8e18b2a71ddbe264e9b125b69450236,SP reward for iETH,08 October 2023,410345,10-01-2024 21:45,12-10-2023 23:00
468,442,ebb3c77c9d613815a380172a1ccc3f14b656b3a637c068209100501e,SP reward for iETH,08 October 2023,1182931,10-01-2024 21:45,12-10-2023 23:00
469,442,fcc20a843a102f03b5a67e2d9567fc74c70c2c2c294b85fa83086611,SP reward for iETH,08 October 2023,55982526,10-01-2024 21:45,12-10-2023 23:00
470,442,495d43a4ab309f1fa086cf3904d3772c79777333c79d8470e5a3bb59,SP reward for iETH,08 October 2023,731361,10-01-2024 21:45,12-10-2023 23:00
471,442,0e0e12df3f3f5a2cd59f3d2b767cbe947e7e4892e027033457eeaa75,SP reward for iETH,08 October 2023,1496243,10-01-2024 21:45,12-10-2023 23:00
472,442,9119d1928ddf92d6dc740edccad925e6ec9a7bacafb0a4d1963064a2,SP reward for iETH,08 October 2023,285220,10-01-2024 21:45,12-10-2023 23:00
473,442,9aec16c760df1aafd6cd7469b76de43e665f9cfa99263e756084ae89,SP reward for iETH,08 October 2023,2153450,10-01-2024 21:45,12-10-2023 23:00
474,442,a39926586271cd40910a9efa7a9bb2d6a53d7852b444ec240a99f0f9,SP reward for iETH,08 October 2023,221176,10-01-2024 21:45,12-10-2023 23:00
475,442,e369f9a894744f3c1bf4e714426f0e9753cdcab22a9cf0ab620bd642,SP reward for iETH,08 October 2023,22224701,10-01-2024 21:45,12-10-2023 23:00
476,442,3657a92f82da5d852f3757b0d144117b3fce7353181e8a8202843d54,SP reward for iETH,08 October 2023,17992712,10-01-2024 21:45,12-10-2023 23:00
477,442,fa1723e381818dd3249476008192dd876d12607046f821ff55defe4a,SP reward for iETH,08 October 2023,622988,10-01-2024 21:45,12-10-2023 23:00
478,442,9ef82b39ec0521ee2054f18b3811007af895c6a3248eb9bf458ebedd,SP reward for iETH,08 October 2023,706565,10-01-2024 21:45,12-10-2023 23:00
479,442,ad7fe2d8b9b3cf82a37e9633c0e48784f788f352c5314d5a5e20bf08,SP reward for iETH,08 October 2023,3562505,10-01-2024 21:45,12-10-2023 23:00
480,442,0caac09ff220e441884a7a73eef7a39f1372cf9bf052c92db4155457,SP reward for iETH,08 October 2023,4090430,10-01-2024 21:45,12-10-2023 23:00
481,442,a249e0d4dab1b164dd033043cbabdf204b34f7ecbdb994bec90d7216,SP reward for iETH,08 October 2023,68335,10-01-2024 21:45,12-10-2023 23:00
482,442,0b1db916e7560c61e187d688e00f936a0730a88d1049e89f4ece9e9a,SP reward for iETH,08 October 2023,7410740,10-01-2024 21:45,12-10-2023 23:00
483,442,b47ead9c1c659d7d927c23212bd62d475f71d986236aafe16bde23ee,SP reward for iETH,08 October 2023,2594089,10-01-2024 21:45,12-10-2023 23:00
484,442,ff935aa9517ed6dbb666d91a00c0172972ac4f6de32420c025a23e37,SP reward for iETH,08 October 2023,108444289,10-01-2024 21:45,12-10-2023 23:00
485,442,b7f7ae08769181fd6287c83f74fe18cce31b5bad2e39eeb4ae982f68,SP reward for iETH,08 October 2023,2534315,10-01-2024 21:45,12-10-2023 23:00
486,442,56270f8bf55701d31d45a3db4a13d99ef7848fc936616777f4257dcb,SP reward for iETH,08 October 2023,1772341,10-01-2024 21:45,12-10-2023 23:00
487,442,6ab1e8f492b0ade359dcc23754a37711b11e09f3c300db387a7df62a,SP reward for iETH,08 October 2023,438743,10-01-2024 21:45,12-10-2023 23:00
488,442,1344c6719d8058b88f756f2ee293581dab8214b388113a46e95cb2e8,SP reward for iETH,08 October 2023,72660,10-01-2024 21:45,12-10-2023 23:00
489,442,19006487a208affb9e50bea4ec43f00e27b951edc7a440ecd4a88d21,SP reward for iETH,08 October 2023,525174,10-01-2024 21:45,12-10-2023 23:00
490,442,f4a8ce4d0551a961e622053652a6a2b31450ba4bd57780b29e111908,SP reward for iETH,08 October 2023,7827470,10-01-2024 21:45,12-10-2023 23:00
491,442,f00f927995925d46c18314ed041f55e32d1e9bc0da7b18b5f9d56602,SP reward for iETH,08 October 2023,7212653,10-01-2024 21:45,12-10-2023 23:00
492,442,14f88693101a09292fbe4dd300718d6cba658cd09cbaa6958a855078,SP reward for iETH,08 October 2023,10207191,10-01-2024 21:45,12-10-2023 23:00
493,442,c91490adde7feb9e01721f33e1ab60e2002bef0b62a0e83a759ff983,SP reward for iETH,08 October 2023,272280,10-01-2024 21:45,12-10-2023 23:00
494,442,3a826ec6e4148fb1370003f967fd432adcb29aaeb72e5bc230d82105,SP reward for iETH,08 October 2023,5168918,10-01-2024 21:45,12-10-2023 23:00
495,442,9cc6a5c39d7b0a317daf1c2ac03e490912585b884ac4d922a146117b,SP reward for iETH,08 October 2023,8030159,10-01-2024 21:45,12-10-2023 23:00
496,442,d63f60aa79a4c439dc9ecee11ebf08b791bbd30b0c82ff5d684d1e62,SP reward for iETH,08 October 2023,3245910,10-01-2024 21:45,12-10-2023 23:00
497,442,ad122b9fa3ab86495712afd2a6f655430427c2cf21a54fd0c8fe8e63,SP reward for iUSD,08 October 2023,54430,10-01-2024 21:45,12-10-2023 23:00
498,442,8dc46b205f4e3147a3bb91d9d76b188da58b1da3f1bbe5ce85093ba6,SP reward for iUSD,08 October 2023,4419,10-01-2024 21:45,12-10-2023 23:00
499,442,529828b5fb8e3347ffc11e615fead9d06250f5457c828595bba6d3ba,SP reward for iUSD,08 October 2023,197820,10-01-2024 21:45,12-10-2023 23:00
500,442,f0cde7772008d840812c16a10b033c4b64949c7026e1cd26384b812e,SP reward for iUSD,08 October 2023,3114,10-01-2024 21:45,12-10-2023 23:00
501,442,e2a0f1cae6e8f02aa0fdc9622f8351573919d111cea3bc1eceb898b5,SP reward for iUSD,08 October 2023,24290,10-01-2024 21:45,12-10-2023 23:00
502,442,7445ca9f38f1c88e0f7f1ec5ba3f11352a03ebdc93814ae8cc3c4365,SP reward for iUSD,08 October 2023,645,10-01-2024 21:45,12-10-2023 23:00
503,442,56f657fe0244e7e283418ef04510779eab7f5f4791cfda7ef19b020f,SP reward for iUSD,08 October 2023,8624,10-01-2024 21:45,12-10-2023 23:00
504,442,8bedd3fd1561aa61bc84af3b1354a73ccd0d25e56ca6ad10d46184c5,SP reward for iUSD,08 October 2023,2605,10-01-2024 21:45,12-10-2023 23:00
505,442,f08a2242c6a6353ea38c9316dc478cad0d5e53eef6c1833e763eb33d,SP reward for iUSD,08 October 2023,1629,10-01-2024 21:45,12-10-2023 23:00
506,442,815ea6793d319a3090588b6c39c6a080bcc3483d6e73761bb4473a85,SP reward for iUSD,08 October 2023,5784,10-01-2024 21:45,12-10-2023 23:00
507,442,0944891a137e8df0f9e8d6bf87f7c77b6b2630c69af3e5281612f484,SP reward for iUSD,08 October 2023,6257,10-01-2024 21:45,12-10-2023 23:00
508,442,b7e3d8ea466740d71d745657f3078a52f9603a22401ffe10d5f84704,SP reward for iUSD,08 October 2023,820,10-01-2024 21:45,12-10-2023 23:00
509,442,ef1af1a8910ea15c905f4244cbf01932b9cd343cee3f538be0965412,SP reward for iUSD,08 October 2023,2735,10-01-2024 21:45,12-10-2023 23:00
510,442,6873f354a534d12ba78b5393b34ff62a34e055198eb763a142dc6d06,SP reward for iUSD,08 October 2023,24364,10-01-2024 21:45,12-10-2023 23:00
511,442,d906bff43d0cf1f953664eb6ce9d568afb32f84dd5a04d368a052957,SP reward for iUSD,08 October 2023,56986,10-01-2024 21:45,12-10-2023 23:00
512,442,b5373262fed909ee4b36ac1cb3a3fd9112a45078a09c2bc5d7fff5df,SP reward for iUSD,08 October 2023,3425,10-01-2024 21:45,12-10-2023 23:00
513,442,88e170617a780709bbdda9f213666a62d7a9b2cba72c82fbce60d039,SP reward for iUSD,08 October 2023,93,10-01-2024 21:45,12-10-2023 23:00
514,442,dd4ec1a00770d0659820e0083be64e233a9da64af048ed52e2c9bf00,SP reward for iUSD,08 October 2023,1208,10-01-2024 21:45,12-10-2023 23:00
515,442,2c19a094c5f1193406dbc39958bb9c8ab662b8fd06587e47060c2718,SP reward for iUSD,08 October 2023,301334,10-01-2024 21:45,12-10-2023 23:00
516,442,67b9e1699f39f1483dbe59aaca3fe0689992c2c0c996d6394e4f7569,SP reward for iUSD,08 October 2023,4148,10-01-2024 21:45,12-10-2023 23:00
517,442,663197d6c6deb7037a232cb477b7cc4b559e93b8aa392f136e2d1e32,SP reward for iUSD,08 October 2023,25923,10-01-2024 21:45,12-10-2023 23:00
518,442,b5fc9bc8eb047299ba87a5b613947f9c9abaec6ba994d7a835a2479e,SP reward for iUSD,08 October 2023,3441,10-01-2024 21:45,12-10-2023 23:00
519,442,65d6303282486d29912b02c301c44d66d1c1ad41c3aa32afde902098,SP reward for iUSD,08 October 2023,143277,10-01-2024 21:45,12-10-2023 23:00
520,442,24d1ce22399ea1ad15281271e90aa1ff32729eda148ccb70b5ae29de,SP reward for iUSD,08 October 2023,3838,10-01-2024 21:45,12-10-2023 23:00
521,442,9db8dbdfc35cd01248d7ef8b323d76a072cc6ccec45aca38ddd3f99c,SP reward for iUSD,08 October 2023,169640,10-01-2024 21:45,12-10-2023 23:00
522,442,7027a58b0e7ba0c62c9c728ed6c39aaeea2a5a6eb7655dae15408d74,SP reward for iUSD,08 October 2023,279,10-01-2024 21:45,12-10-2023 23:00
523,442,c6cd7420bd85c47570966504ccdc3847422b7fa54b2b2e9da06d49c9,SP reward for iUSD,08 October 2023,10866,10-01-2024 21:45,12-10-2023 23:00
524,442,37ed0edbae22b1cd07e47eade303eb9911b4ce9c80ca0f96906b277d,SP reward for iUSD,08 October 2023,13856,10-01-2024 21:45,12-10-2023 23:00
525,442,3fbed1f70aaad0f5450f532262388c6ebbdd08685a91a2f4e2b5aa56,SP reward for iUSD,08 October 2023,501189,10-01-2024 21:45,12-10-2023 23:00
526,442,3f8f2cdd4da6db7af455c401c0e2108d6e2147856f31f815c0036689,SP reward for iUSD,08 October 2023,555247,10-01-2024 21:45,12-10-2023 23:00
527,442,84ecc5f7b81ce47c366701b164b6ecb5feff0bdcf2672755a2d2917c,SP reward for iUSD,08 October 2023,21473,10-01-2024 21:45,12-10-2023 23:00
528,442,33077859854a4c4a6ee59151162d9ad87f180123bf154fd9e8518156,SP reward for iUSD,08 October 2023,9829,10-01-2024 21:45,12-10-2023 23:00
529,442,82356f5dd9c1d197555f8efeece254a8db19ef9857f7f1fe0d168fc3,SP reward for iUSD,08 October 2023,35384,10-01-2024 21:45,12-10-2023 23:00
530,442,193cbbdd794fd3f6c3cb96d10463421f633f66509cfc2c50b449dfbc,SP reward for iUSD,08 October 2023,7220,10-01-2024 21:45,12-10-2023 23:00
531,442,aed65613b6eaa83bacd22c00f0be750f1eb6b3dda9e5639434b8ebfa,SP reward for iUSD,08 October 2023,611,10-01-2024 21:45,12-10-2023 23:00
532,442,57bd6627620ca97848d563e991aa18abf036fe7cdf1e8dac55e39558,SP reward for iUSD,08 October 2023,2449,10-01-2024 21:45,12-10-2023 23:00
533,442,114ed1fa4be6d0fc67ac7eb0e7c59955986dc2a646f2dbdb03f98d7b,SP reward for iUSD,08 October 2023,33473,10-01-2024 21:45,12-10-2023 23:00
534,442,577cd4ebc8dd617a8bd294f1b4bd853e1c2c82a10616ef099601b26d,SP reward for iUSD,08 October 2023,190,10-01-2024 21:45,12-10-2023 23:00
535,442,f6bec0f37a857e1281e70c22d6f5c1b45f94b6ba6d9bc0e97dd614db,SP reward for iUSD,08 October 2023,539493,10-01-2024 21:45,12-10-2023 23:00
536,442,9d7c80e92b2d81a528c6f4ce7fb1abcd5efb56c5b3123a27209be50f,SP reward for iUSD,08 October 2023,4281,10-01-2024 21:45,12-10-2023 23:00
537,442,53ad03696a854631cba8cdf7d2628fe142aae67a9e9ce8a19b81e4fa,SP reward for iUSD,08 October 2023,8181,10-01-2024 21:45,12-10-2023 23:00
538,442,8ce5d17ed848dc9ee4fbc3bb79271e1efbfaf43d9ead7df700faa0ed,SP reward for iUSD,08 October 2023,5678,10-01-2024 21:45,12-10-2023 23:00
539,442,5f02661fe9260d523acf4075e2361c9ccd10d6f9b10c5d2837151284,SP reward for iUSD,08 October 2023,3350,10-01-2024 21:45,12-10-2023 23:00
540,442,5aa3cc24dcf73c5402762bc5aa229f63f6bdb0ddbcdeb4a6f3acb59c,SP reward for iUSD,08 October 2023,2045,10-01-2024 21:45,12-10-2023 23:00
541,442,64ef8751f97cc1ef51b020ca8f648808e77698aba365802d49840f2f,SP reward for iUSD,08 October 2023,2073,10-01-2024 21:45,12-10-2023 23:00
542,442,239f2ce7543af3b3c9119a00f53a64ad8e1e4b19d90fd1dfaecd7427,SP reward for iUSD,08 October 2023,0,10-01-2024 21:45,12-10-2023 23:00
543,442,6747fe860de920bf606e1d93b3bc44d208304c44415a30e4095b7d15,SP reward for iUSD,08 October 2023,5,10-01-2024 21:45,12-10-2023 23:00
544,442,d5faac42498239db89b4f4b5342a64c36d47ed6300a0b0c03ee460a5,SP reward for iUSD,08 October 2023,336,10-01-2024 21:45,12-10-2023 23:00
545,442,642050a5c5961494b8342be7339a9021eec09b44b199648ab6f2be18,SP reward for iUSD,08 October 2023,445,10-01-2024 21:45,12-10-2023 23:00
546,442,58565b9a0b90f766dad48a3cb365453b452565ecb6773a55a5517b48,SP reward for iUSD,08 October 2023,1663573,10-01-2024 21:45,12-10-2023 23:00
547,442,f946a9da7bc2551c51e8bf0d38a5f7978c825edbd438c8f89a904859,SP reward for iUSD,08 October 2023,1707,10-01-2024 21:45,12-10-2023 23:00
548,442,91aa6ddecfac713f774fe7635bc6804e96e008cd220186a1382b7f1f,SP reward for iUSD,08 October 2023,1890,10-01-2024 21:45,12-10-2023 23:00
549,442,37ca722e2027c5cf406b6ab9bfe3a6a3a6121ad56ac88e6039789e3d,SP reward for iUSD,08 October 2023,16785,10-01-2024 21:45,12-10-2023 23:00
550,442,4bdcb3d0328b899e150cbe4efeedafcb2d46cd97f56d1d1a97b8f99d,SP reward for iUSD,08 October 2023,91282,10-01-2024 21:45,12-10-2023 23:00
551,442,53313be7f4738a1ad1554126858d052f318ccbf66d88b5016e9155d5,SP reward for iUSD,08 October 2023,60,10-01-2024 21:45,12-10-2023 23:00
552,442,74d50c0b2a239a06b6ac587434530db68e66bf0fd59e1c103629c8b7,SP reward for iUSD,08 October 2023,120760,10-01-2024 21:45,12-10-2023 23:00
553,442,a8a8d6cf9f5babf18575b08d03ddcd6a055a0a1dab04bb2213fd69a9,SP reward for iUSD,08 October 2023,9670,10-01-2024 21:45,12-10-2023 23:00
554,442,f2c550cc77d4c4360fc6b780b2b794ee7b55007d8a441bea3938abb3,SP reward for iUSD,08 October 2023,7917,10-01-2024 21:45,12-10-2023 23:00
555,442,f3a01380eefce347d7713b4c5d50e311521511808e535fae44fb59f2,SP reward for iUSD,08 October 2023,4271,10-01-2024 21:45,12-10-2023 23:00
556,442,9b113025f2c6f81786d0214a1970cad776b3db8072262d939286d1fc,SP reward for iUSD,08 October 2023,875,10-01-2024 21:45,12-10-2023 23:00
557,442,160fbbec0ed081424274993969fd198d802e3b8495837cc20ba07598,SP reward for iUSD,08 October 2023,7054,10-01-2024 21:45,12-10-2023 23:00
558,442,9eeb45bc82ef7227205a3a13b4b89807a4528463752f76ea433c10e1,SP reward for iUSD,08 October 2023,4635,10-01-2024 21:45,12-10-2023 23:00
559,442,28b66d8534f750f7e6ce51f398ee9f7436525bfa1b3cb1a7f36f38dc,SP reward for iUSD,08 October 2023,254702,10-01-2024 21:45,12-10-2023 23:00
560,442,d6a625657c0efe8f8a026c58b4889627baaa18a5526fea421477989f,SP reward for iUSD,08 October 2023,117480,10-01-2024 21:45,12-10-2023 23:00
561,442,bd35e698c1519cd374228d72345ac3a007aa585b19e1fa76ac768818,SP reward for iUSD,08 October 2023,1836,10-01-2024 21:45,12-10-2023 23:00
562,442,3d1168af1573bf5b74d0cf10c8fa32a1b4173649f230e1c90960183d,SP reward for iUSD,08 October 2023,5010,10-01-2024 21:45,12-10-2023 23:00
563,442,8c964a70518a80f577b48a7281cb1843ae4c0a40c8e4dd5af17bd06a,SP reward for iUSD,08 October 2023,14271,10-01-2024 21:45,12-10-2023 23:00
564,442,5cdf84ad76fb735689a463f081ce64455d07208781b617297b622830,SP reward for iUSD,08 October 2023,35174,10-01-2024 21:45,12-10-2023 23:00
565,442,6e40bd68f7505ec6b2943305dd1becd267f0bb79b5e46bce75718d41,SP reward for iUSD,08 October 2023,14731,10-01-2024 21:45,12-10-2023 23:00
566,442,f9f1d44d00b15f63b1aac48dd4e3b4738bec1c79cef84b67ef5c69e4,SP reward for iUSD,08 October 2023,19674,10-01-2024 21:45,12-10-2023 23:00
567,442,d71882533c70394cfade226a4b2338786ffcb27bb1a360148508c28d,SP reward for iUSD,08 October 2023,26968,10-01-2024 21:45,12-10-2023 23:00
568,442,559d23a5db8f1b809ba9b48e7504582c96af34f68495f3ed51b2cce5,SP reward for iUSD,08 October 2023,114253,10-01-2024 21:45,12-10-2023 23:00
569,442,d7346fcd395de69e62f4a2bafbc32af393ceecb3287b0ff4442ff36e,SP reward for iUSD,08 October 2023,2955,10-01-2024 21:45,12-10-2023 23:00
570,442,4ff84f0ac0bd82a6b10a454e7526a531435890c6da1c01404940d7ee,SP reward for iUSD,08 October 2023,21554,10-01-2024 21:45,12-10-2023 23:00
571,442,68508e515cb193333cce070a1c36b7ee417313b5648af8965d81bd20,SP reward for iUSD,08 October 2023,245,10-01-2024 21:45,12-10-2023 23:00
572,442,3993f803206b3c6d823fd5286f5dc1d4c91135afbafd3e54f651a411,SP reward for iUSD,08 October 2023,1302182,10-01-2024 21:45,12-10-2023 23:00
573,442,962451fcde3d1d3603722efc54a8f7d0d370798ed989947d4bb1b6c8,SP reward for iUSD,08 October 2023,33985,10-01-2024 21:45,12-10-2023 23:00
574,442,72a59314981c54873af2418f0690f8e52ba89562fd4dfcb5fa7aa4bd,SP reward for iUSD,08 October 2023,181444,10-01-2024 21:45,12-10-2023 23:00
575,442,4604467a331a2044f37e747d8d081b73538f8d1001a17b6bb55bb0a8,SP reward for iUSD,08 October 2023,49962,10-01-2024 21:45,12-10-2023 23:00
576,442,3e5e3dc4c45ead7c7e88fcd186620ffe4b292bc02a54aebb5c753815,SP reward for iUSD,08 October 2023,34112,10-01-2024 21:45,12-10-2023 23:00
577,442,68e1002e7fbfbfae546c4597ec5a986db289ef36a12d40b58a5260be,SP reward for iUSD,08 October 2023,17142,10-01-2024 21:45,12-10-2023 23:00
578,442,5b1af46cec17d48b26b69b2e643ccd5bece471f4954aeb14bea90586,SP reward for iUSD,08 October 2023,23153,10-01-2024 21:45,12-10-2023 23:00
579,442,6bfad24902340f4237017493bdf4490613343a1c2f02b7a5b4f4e337,SP reward for iUSD,08 October 2023,7864,10-01-2024 21:45,12-10-2023 23:00
580,442,a3259647cb4c6a8efc1ba1b6077831fe603f4c1236bf1746e19c88e9,SP reward for iUSD,08 October 2023,165666,10-01-2024 21:45,12-10-2023 23:00
581,442,76acdf55012635af253d2743b41d17dfa4459293ad2ba44104050c2b,SP reward for iUSD,08 October 2023,5100,10-01-2024 21:45,12-10-2023 23:00
582,442,7968a748b588347106eebc57fb2cf6afc0bfebd72784ab489dbd0ad5,SP reward for iUSD,08 October 2023,775,10-01-2024 21:45,12-10-2023 23:00
583,442,94be338db483fec65437c12b87e6a48e49a8b483445d52a9bd0c0c36,SP reward for iUSD,08 October 2023,34155,10-01-2024 21:45,12-10-2023 23:00
584,442,332640ca63bf1c45ca8f5beafe24f3e68887f052b3a03914e2efd235,SP reward for iUSD,08 October 2023,8438,10-01-2024 21:45,12-10-2023 23:00
585,442,d4274c2088411d1c7c9bf283cb734d0fb4577bc45278481cfe7505f1,SP reward for iUSD,08 October 2023,18788,10-01-2024 21:45,12-10-2023 23:00
586,442,ea374c2d569d63853df7d92c816502210495360908aa4df12568e567,SP reward for iUSD,08 October 2023,3824,10-01-2024 21:45,12-10-2023 23:00
587,442,df3ed3c34530edc62131484128ad73c4a256a8974d6a52ec845b64ed,SP reward for iUSD,08 October 2023,253180,10-01-2024 21:45,12-10-2023 23:00
588,442,4e5426811df99e191ae0bc3eca64836e561a07d1623b16f94828240b,SP reward for iUSD,08 October 2023,5473,10-01-2024 21:45,12-10-2023 23:00
589,442,8bb9f1df2cd1d6f7e3c5758eb144bf720666784db45e4fd8fa7ca440,SP reward for iUSD,08 October 2023,1402,10-01-2024 21:45,12-10-2023 23:00
590,442,89d095d531c5d92be599e65bfe27c44652b2cf99b72a332427e9d8a2,SP reward for iUSD,08 October 2023,45875,10-01-2024 21:45,12-10-2023 23:00
591,442,34d9199dd24497aeedaaa07324c61c74d192d13417e9c35147c4a56a,SP reward for iUSD,08 October 2023,3780,10-01-2024 21:45,12-10-2023 23:00
592,442,278c8e15c48d22d81c86ef27d34212b6e3b8ccaab5414d4ee3633b7f,SP reward for iUSD,08 October 2023,3761,10-01-2024 21:45,12-10-2023 23:00
593,442,cb7cb7825c61148750bb1569f658df2f54872e4a21378797628893f9,SP reward for iUSD,08 October 2023,250665,10-01-2024 21:45,12-10-2023 23:00
594,442,fc933ffc8d260f40b24fd2dcf83aad2c426a0471e73c7dc87f58d8ad,SP reward for iUSD,08 October 2023,17095,10-01-2024 21:45,12-10-2023 23:00
595,442,7de337d83081a32aebfcd1e0d193a2bc16a27bd6b79d4cae868e10ef,SP reward for iUSD,08 October 2023,342062,10-01-2024 21:45,12-10-2023 23:00
596,442,3e10263d5b2ba0da4de992fabb8c5f84d8a1ab8714c671a6d5856b77,SP reward for iUSD,08 October 2023,1515,10-01-2024 21:45,12-10-2023 23:00
597,442,65fc42e22008193de7a306e5fe9fd2f577c152405566e88cb9799936,SP reward for iUSD,08 October 2023,4023,10-01-2024 21:45,12-10-2023 23:00
598,442,ef500acce9b7728948264268d5807c40106c9cfc347b884efff9db46,SP reward for iUSD,08 October 2023,140430,10-01-2024 21:45,12-10-2023 23:00
599,442,2f37e1ed677e0433a6b91609ff613f842e0a1d4ee7d3c180806bff79,SP reward for iUSD,08 October 2023,4374,10-01-2024 21:45,12-10-2023 23:00
600,442,73064ed9d446fe559dea6a5c0484f4c4876d91e1d7442109f6815770,SP reward for iUSD,08 October 2023,537,10-01-2024 21:45,12-10-2023 23:00
601,442,e28aba5171ad00a856677709fe5fbfb3a6e298f99c156ac780559240,SP reward for iUSD,08 October 2023,86280,10-01-2024 21:45,12-10-2023 23:00
602,442,2fbdf41fac86b8215049143086655832bbab1c197f3768f20cd72cc6,SP reward for iUSD,08 October 2023,23317,10-01-2024 21:45,12-10-2023 23:00
603,442,ccc25cc3789dafa8d0fd76d139cf2380bd9f2f422559672e22ce5604,SP reward for iUSD,08 October 2023,8281,10-01-2024 21:45,12-10-2023 23:00
604,442,8a4c3daa12883c0f1497bc247769e75a9780ccf05e91a12ff2817052,SP reward for iUSD,08 October 2023,8198,10-01-2024 21:45,12-10-2023 23:00
605,442,00dbe9c7a086b01849f3b76fc376042ab007d22aeff9fe5ad2717840,SP reward for iUSD,08 October 2023,21958,10-01-2024 21:45,12-10-2023 23:00
606,442,8d995bf956bbf2a69b6549ca3a6830e9292b0d2641e9fa520d0f294d,SP reward for iUSD,08 October 2023,77575,10-01-2024 21:45,12-10-2023 23:00
607,442,1741556bb8f73f9ce821d81a273de59e3cbed3ce6ae3358763709f59,SP reward for iUSD,08 October 2023,343,10-01-2024 21:45,12-10-2023 23:00
608,442,f9f2145a4745019f15d0b21fcdd6a58e7f2e4f7b94337fd9b5c5db63,SP reward for iUSD,08 October 2023,134,10-01-2024 21:45,12-10-2023 23:00
609,442,324b6c26b4d9b073ddcfa472805dc34452bade6de21f4c03fb2b1818,SP reward for iUSD,08 October 2023,2230,10-01-2024 21:45,12-10-2023 23:00
610,442,246e54e96104c23bcd7d8c64e2800100761178c08c831385742f1e23,SP reward for iUSD,08 October 2023,259,10-01-2024 21:45,12-10-2023 23:00
611,442,286ad3b19328beb1a9794af815ad8c71651a0369cd8da4aa57104735,SP reward for iUSD,08 October 2023,3386,10-01-2024 21:45,12-10-2023 23:00
612,442,5c09e2a58cc302fffed20347693d203662ff73a13dc71dac8d322f50,SP reward for iUSD,08 October 2023,250,10-01-2024 21:45,12-10-2023 23:00
613,442,b2d0834973ca3f26aee1f012c1b4f03cc0dcd96a5e299c62beb86237,SP reward for iUSD,08 October 2023,94,10-01-2024 21:45,12-10-2023 23:00
614,442,9df87edb89f15cfbbc1d2bc31d67a045860d2eed2e9b5c7f81317e41,SP reward for iUSD,08 October 2023,3217,10-01-2024 21:45,12-10-2023 23:00
615,442,57d407e152f15436acb9ae40d001d051d7dfef85f575dd739a6c85c0,SP reward for iUSD,08 October 2023,36060,10-01-2024 21:45,12-10-2023 23:00
616,442,7a8a0ae460d6803fe27a3ee1d3b10e1f1aab38dea89b608d94f3ff19,SP reward for iUSD,08 October 2023,30963,10-01-2024 21:45,12-10-2023 23:00
617,442,b36db24351d85ac05fecee1e3e0afd76422db67b1a8cab61b2f57f81,SP reward for iUSD,08 October 2023,128635,10-01-2024 21:45,12-10-2023 23:00
618,442,07870a95cc8ef51c6813a07f93b76c9e920640902bf176855333a03e,SP reward for iUSD,08 October 2023,197551,10-01-2024 21:45,12-10-2023 23:00
619,442,24be347acbb7713ebcd0f5b2b131f5d6ec0b9d48f4f142a0da648760,SP reward for iUSD,08 October 2023,2561,10-01-2024 21:45,12-10-2023 23:00
620,442,fe305441ef512260f2c6a5a88326bff15ea41fb8d5cdf036968988f4,SP reward for iUSD,08 October 2023,32578,10-01-2024 21:45,12-10-2023 23:00
621,442,47195e22579086e671fd58e9458f9eebe2c2ee4b099138ac0d281714,SP reward for iUSD,08 October 2023,3154,10-01-2024 21:45,12-10-2023 23:00
622,442,cef48e82717f374be93b1e5bccad65b68e9403e57dcec8f251b35455,SP reward for iUSD,08 October 2023,75559288,10-01-2024 21:45,12-10-2023 23:00
623,442,a53ec2197f8871174d9b194e7492463e9d6e0cd9706f088a4b803738,SP reward for iUSD,08 October 2023,7120,10-01-2024 21:45,12-10-2023 23:00
624,442,d59bd2a7dfdda65788e0e5b5028b8af63831b832390bba330a2eee82,SP reward for iUSD,08 October 2023,1277,10-01-2024 21:45,12-10-2023 23:00
625,442,8c734ed7e636cb450286a7ad6965ac49313d9981213aa6ec3a8c2619,SP reward for iUSD,08 October 2023,127780,10-01-2024 21:45,12-10-2023 23:00
626,442,8d40f3075338523fa3ab3455dcc2d07d7cbd48f02186b44270367f56,SP reward for iUSD,08 October 2023,6008,10-01-2024 21:45,12-10-2023 23:00
627,442,8707ca72180e998be7256d3ca209f1018ee51fc9f9e1d55fd1d962ae,SP reward for iUSD,08 October 2023,1709,10-01-2024 21:45,12-10-2023 23:00
628,442,5e7faea68262c87aec85b67c123673325a4193ab39de773499af83ba,SP reward for iUSD,08 October 2023,3175097,10-01-2024 21:45,12-10-2023 23:00
629,442,63b3889ebf65aba913b3ca44031d7b2c59b04b0727c3f2e67d52d034,SP reward for iUSD,08 October 2023,2700,10-01-2024 21:45,12-10-2023 23:00
630,442,64a10c64f24430b1dd073fdd02d0ba3f90aedfbb56a11ebc88f31d9a,SP reward for iUSD,08 October 2023,7800,10-01-2024 21:45,12-10-2023 23:00
631,442,929695c172f6c2841df1482161ec1a2716ee2f166c27c86b20736e71,SP reward for iUSD,08 October 2023,6278,10-01-2024 21:45,12-10-2023 23:00
632,442,e794c8df47584e1931c1fbbc03c4375a5d895d675c337668088fcc78,SP reward for iUSD,08 October 2023,62782,10-01-2024 21:45,12-10-2023 23:00
633,442,15e9e17482c1661f3967fe537414073da9192c7001f7b1477cea24ed,SP reward for iUSD,08 October 2023,1270039,10-01-2024 21:45,12-10-2023 23:00
634,442,3a5c536f4deb9d98ff6e72f3ee92266964b9312d00e6230e33c218b4,SP reward for iUSD,08 October 2023,36810,10-01-2024 21:45,12-10-2023 23:00
635,442,5174ab849efa5337d220c79f849aa39ee378cd42b3ea9a2cc55ff905,SP reward for iUSD,08 October 2023,25221,10-01-2024 21:45,12-10-2023 23:00
636,442,b4cae3fa064ca51caef29fabac5ad516abe965e7ff23fd150a8ac4c7,SP reward for iUSD,08 October 2023,18915,10-01-2024 21:45,12-10-2023 23:00
637,442,028e1d95bb16f9205f5b7b2f597556c72dd9c67a53663b69a5bcfd5e,SP reward for iUSD,08 October 2023,70737,10-01-2024 21:45,12-10-2023 23:00
638,442,139bb54cd4877496dd1e6ca754a513b7ef490beb8b9eac610304b27a,SP reward for iUSD,08 October 2023,382,10-01-2024 21:45,12-10-2023 23:00
639,442,36e7a0d0cc0aa8097eee1cb2c052221d192467310c3fe0964b2f24df,SP reward for iUSD,08 October 2023,1675,10-01-2024 21:45,12-10-2023 23:00
640,442,d5783eeb99454513796d07833a55b33d041157aa2557f641d50b7f13,SP reward for iUSD,08 October 2023,82,10-01-2024 21:45,12-10-2023 23:00
641,442,50799f7dba5923c0dbfdba5aab54eb247df7039b260be7fb579b0aa0,SP reward for iUSD,08 October 2023,0,10-01-2024 21:45,12-10-2023 23:00
642,442,19c1be2fd0ce6e32cde0185dd60a56edc288d8de6243c1ca4e569f51,SP reward for iUSD,08 October 2023,16,10-01-2024 21:45,12-10-2023 23:00
643,442,a33c563393379855e9b6f66e6830ceac659fac8982b06d4128b21722,SP reward for iUSD,08 October 2023,9804,10-01-2024 21:45,12-10-2023 23:00
644,442,a2b2868b4ed8cb7d64c181d43729fc2d1ee6349d19244491006b16d1,SP reward for iUSD,08 October 2023,4202,10-01-2024 21:45,12-10-2023 23:00
645,442,0dbb67ed102393b0bf27cb9d1c2f8f83ad7a9f1689904879a5191c92,SP reward for iUSD,08 October 2023,309727,10-01-2024 21:45,12-10-2023 23:00
646,442,bc6c5a27cb024bb39c7f0ef9881e65e226e1b89f6e481fc2665718d3,SP reward for iUSD,08 October 2023,253418,10-01-2024 21:45,12-10-2023 23:00
647,442,fba0d2c2242bf4794c16df6438f63a677f173b53f5e57c3646431f3e,SP reward for iUSD,08 October 2023,311,10-01-2024 21:45,12-10-2023 23:00
648,442,d9467aa8366e0043e34e255d5aed0241df4a8ea3d53498fb3c4e6be2,SP reward for iUSD,08 October 2023,9358,10-01-2024 21:45,12-10-2023 23:00
649,442,206d7694ee3d2734f453414972c1758f1462fd8aa3366c7a3dc1f8b8,SP reward for iUSD,08 October 2023,17146,10-01-2024 21:45,12-10-2023 23:00
650,442,3320216f1ae5b4d1bb1fe4912b28facd2e7cda8774f16d51f12b9824,SP reward for iUSD,08 October 2023,1715612,10-01-2024 21:45,12-10-2023 23:00
651,442,243143a1edf725605b078e3660ccf3ef4811e54ce8d70b04ae15a4b0,SP reward for iUSD,08 October 2023,909,10-01-2024 21:45,12-10-2023 23:00
652,442,e7dc57922d735adaed887f06044db8b95f9cb86031d73b266028572b,SP reward for iUSD,08 October 2023,281,10-01-2024 21:45,12-10-2023 23:00
653,442,508757f097d3f23cb9e51cc9d35a550b2f2f9bedea6326229950647f,SP reward for iUSD,08 October 2023,1762,10-01-2024 21:45,12-10-2023 23:00
654,442,e0a5fe8d81c61f33e7b47c1a5b07c02ca836cd80b91e2ce18e088db3,SP reward for iUSD,08 October 2023,166138,10-01-2024 21:45,12-10-2023 23:00
655,442,67269b7b7c3eeba5e7fbc3101a98137e5a61b9b355bfa57ec2d3f60d,SP reward for iUSD,08 October 2023,1150543,10-01-2024 21:45,12-10-2023 23:00
656,442,2d7f83bee28f29bf82eb41de3d59674e71af6a2faf3cce9eb95d6026,SP reward for iUSD,08 October 2023,29089,10-01-2024 21:45,12-10-2023 23:00
657,442,45205288ff65fd218fb46790846d21c21e6c17a2935357aab294786e,SP reward for iUSD,08 October 2023,304,10-01-2024 21:45,12-10-2023 23:00
658,442,451fe314c4e9a41bb5804455fb4057afc1cbf2b74cde2d3d737b3354,SP reward for iUSD,08 October 2023,83291,10-01-2024 21:45,12-10-2023 23:00
659,442,6b1b3b6c653239a344063df53c885e3bb0aa463431a7a52b1d218c46,SP reward for iUSD,08 October 2023,162697,10-01-2024 21:45,12-10-2023 23:00
660,442,e1adb2d62927f4ad62b82d8593808a9a3bbd446521e91d72286b9a41,SP reward for iUSD,08 October 2023,416061,10-01-2024 21:45,12-10-2023 23:00
661,442,bbc6d8e0a8f8fa47238a3df22e1b9a0e39a0de2330ba5b49d69a6bc0,SP reward for iUSD,08 October 2023,30362,10-01-2024 21:45,12-10-2023 23:00
662,442,73a2384cb145aa11ef7c996728c5715f87b007368e1a4769853927ee,SP reward for iUSD,08 October 2023,36108197,10-01-2024 21:45,12-10-2023 23:00
663,442,264b3be253f8b7ded1b7c01a483256379777df963ce59e49167e95d4,SP reward for iUSD,08 October 2023,55228,10-01-2024 21:45,12-10-2023 23:00
664,442,97e4d04ae43b647e81b6329013697a1417c167be759ae49780568c76,SP reward for iUSD,08 October 2023,495498,10-01-2024 21:45,12-10-2023 23:00
665,442,bb0f5b12be7e2bcd62cdd47940f17714a1f71a29d865e9fef823caac,SP reward for iUSD,08 October 2023,171322,10-01-2024 21:45,12-10-2023 23:00
666,442,289cee24fb86dd5d5b6f02c8ca80397e03fa83c086d6e698e3ec330b,SP reward for iUSD,08 October 2023,621,10-01-2024 21:45,12-10-2023 23:00
667,442,543dbea1a4955e257d3568d640b1ceeeefcad09e2cf93f16c15e49d4,SP reward for iUSD,08 October 2023,14998,10-01-2024 21:45,12-10-2023 23:00
668,442,b2cd3ac1116b5d4d2634eb51a832f9c99dd03abe51b9e05f463bde68,SP reward for iUSD,08 October 2023,180706,10-01-2024 21:45,12-10-2023 23:00
669,442,405966152e910c43c45f1d21d8420d7ce66c604b9750824741970780,SP reward for iUSD,08 October 2023,10782,10-01-2024 21:45,12-10-2023 23:00
670,442,752ca73ddf1be8dffa36de008da3efa547f9b96354198896f5961e0e,SP reward for iUSD,08 October 2023,19150,10-01-2024 21:45,12-10-2023 23:00
671,442,d70718d3e1db70560f6ed8698916bf4fb99ef5f0b7b013b3dd35c115,SP reward for iUSD,08 October 2023,27136,10-01-2024 21:45,12-10-2023 23:00
672,442,c2ad2086100a4240ecbb70a1c93699235750bed5cc26d56a6220c67f,SP reward for iUSD,08 October 2023,93731,10-01-2024 21:45,12-10-2023 23:00
673,442,3350a1cb0110a5855f289a0738fdbe0c00c07cf748fd5f5cdf1aa63b,SP reward for iUSD,08 October 2023,80638,10-01-2024 21:45,12-10-2023 23:00
674,442,4613c7a03b53d3a7de1991289304d848749b9602fb602bab2ed697cd,SP reward for iUSD,08 October 2023,571212,10-01-2024 21:45,12-10-2023 23:00
675,442,9cc6a5c39d7b0a317daf1c2ac03e490912585b884ac4d922a146117b,SP reward for iUSD,08 October 2023,384415,10-01-2024 21:45,12-10-2023 23:00
676,442,b7169d51b139306b85aea0b9bf1707d56250572cc8cae113a846a4c5,SP reward for iUSD,08 October 2023,88467,10-01-2024 21:45,12-10-2023 23:00
677,442,ad47602fd2e1cb7a8f94dd6aa26b927b7006651f8e87123d60386c0e,SP reward for iUSD,08 October 2023,83273,10-01-2024 21:45,12-10-2023 23:00
678,442,6c348312a0608ec6032c6b58e8570d4eb54a6792e95185b661ecd19e,SP reward for iUSD,08 October 2023,51993,10-01-2024 21:45,12-10-2023 23:00
679,442,edf2a7b7d47e681123613e5c8c2162dff732ab5c2785a55964344b81,SP reward for iUSD,08 October 2023,115316,10-01-2024 21:45,12-10-2023 23:00
680,442,93a04efb87bfe0561564998c38839778443fa52b4ed501ae02a77866,SP reward for iUSD,08 October 2023,0,10-01-2024 21:45,12-10-2023 23:00
681,442,7cd8f3d5d95127141e5843ab2818de72f85efb9e7b8a1cf847e794c4,SP reward for iUSD,08 October 2023,228522,10-01-2024 21:45,12-10-2023 23:00
682,442,af350112892e7a6b63800ac394548afe1112c24355369c587acc65f3,SP reward for iUSD,08 October 2023,25692,10-01-2024 21:45,12-10-2023 23:00
683,442,3adcdfb9ffd10f6fe6e9729057aeea9415faf43c87222f70a79b427e,SP reward for iUSD,08 October 2023,231881,10-01-2024 21:45,12-10-2023 23:00
684,442,ef375afc54458f274bd07dec902e981a581fb46d4ab6d996e40b5bb0,SP reward for iUSD,08 October 2023,611599,10-01-2024 21:45,12-10-2023 23:00
685,442,c8ca667b94b226c0400fc4f3f8ce935ef841edd752b09fbf28b1cb16,SP reward for iUSD,08 October 2023,2062,10-01-2024 21:45,12-10-2023 23:00
686,442,cda0141ed9eedd491c294cf9e57b08aed8604c91efc11353b4f630ce,SP reward for iUSD,08 October 2023,73098,10-01-2024 21:45,12-10-2023 23:00
687,442,6a22c66b1ac47584e99999b61de170878547bb5a6b87946a6f1e018e,SP reward for iUSD,08 October 2023,21901,10-01-2024 21:45,12-10-2023 23:00
688,442,31ac5363f5d3b6bc5ee0a10aac24f82fb0417a1e53f318833cb34c9b,SP reward for iUSD,08 October 2023,41894,10-01-2024 21:45,12-10-2023 23:00
689,442,a4bb846ef68110900c05f24352c1648db506ec921bf6011e61e01684,SP reward for iUSD,08 October 2023,33477,10-01-2024 21:45,12-10-2023 23:00
690,442,6a24d71337297e197a1427892b2c50f5474749fe1b7e73ade6465ab2,SP reward for iUSD,08 October 2023,320314,10-01-2024 21:45,12-10-2023 23:00
691,442,c91490adde7feb9e01721f33e1ab60e2002bef0b62a0e83a759ff983,SP reward for iUSD,08 October 2023,6110,10-01-2024 21:45,12-10-2023 23:00
692,442,251afb45009e8cdcc4d95ce402b280fd11751704e540c5c12c5d293c,SP reward for iUSD,08 October 2023,10849,10-01-2024 21:45,12-10-2023 23:00
693,442,30179de3ec968f9071cb72762baf87ba795033e3555f72da413ff06a,SP reward for iUSD,08 October 2023,76795,10-01-2024 21:45,12-10-2023 23:00
694,442,103a18c8b3b964841f73d52e0c579fc88f335d20d9c8d7f4de033b3e,SP reward for iUSD,08 October 2023,206892,10-01-2024 21:45,12-10-2023 23:00
695,442,7bfcb0b4a3974232c21fe4440a2befb5aff58093e9582c9d447c1e0d,SP reward for iUSD,08 October 2023,556712,10-01-2024 21:45,12-10-2023 23:00
696,442,987894dea0f7cedc976ab26c7384a072f94d38778f876730df6cf3a8,SP reward for iUSD,08 October 2023,466599,10-01-2024 21:45,12-10-2023 23:00
697,442,a61e01183e93a2bd0cb1ee515fe8c652c33404cb1643c0bb5867cd63,SP reward for iUSD,08 October 2023,2144,10-01-2024 21:45,12-10-2023 23:00
698,442,23d5170dffbfa8d5cf6534cd1c06d52d6d2e8819b7914995fa9a94f4,SP reward for iUSD,08 October 2023,0,10-01-2024 21:45,12-10-2023 23:00
699,442,aa8b22272df60f8f0e8fbd918edcff8e2d6a061abfd0510712964da3,SP reward for iUSD,08 October 2023,25960,10-01-2024 21:45,12-10-2023 23:00
700,442,6f55a9d74db68134d952107df81bfffdec92fed808885f29e3ab39b1,SP reward for iUSD,08 October 2023,26633,10-01-2024 21:45,12-10-2023 23:00
701,442,3264b50776f1384d46195e028a333fa715897338efed324854bfbd3f,SP reward for iUSD,08 October 2023,170961,10-01-2024 21:45,12-10-2023 23:00
702,442,002079cd2c353aff567679318c7a4929fe774847c4ee46328ad550ea,SP reward for iUSD,08 October 2023,545271,10-01-2024 21:45,12-10-2023 23:00
703,442,100747c195d12e8e0c443c5eaf99c8ae8329642720d9f923d6e644fd,SP reward for iUSD,08 October 2023,1287773,10-01-2024 21:45,12-10-2023 23:00
704,442,e40d6449d63880f6344b1e200dd7e1fba9de3658785727f47247e106,SP reward for iUSD,08 October 2023,1729584,10-01-2024 21:45,12-10-2023 23:00
705,442,8c738aba609903d995a789c5cde7e59510858da191c3fca173d8ecc8,SP reward for iUSD,08 October 2023,127477,10-01-2024 21:45,12-10-2023 23:00
706,442,ae8cd1b8b6b4d6219985afb80a2acdb275eff59f4e1cf94ec01c08dd,SP reward for iUSD,08 October 2023,35279,10-01-2024 21:45,12-10-2023 23:00
707,442,202a05658b2d4f335ac72de9060a6c71c91ccff518723d7fd614899c,SP reward for iUSD,08 October 2023,191987,10-01-2024 21:45,12-10-2023 23:00
708,442,53d081f4e3093d26ce758b5b34fbdb4f9a838aae83e7257cc8fc5d59,SP reward for iUSD,08 October 2023,3840,10-01-2024 21:45,12-10-2023 23:00
709,442,810fa90e5670a736eb92bbee8bc538bd6e641667ba73afe3e74f8046,SP reward for iUSD,08 October 2023,2510,10-01-2024 21:45,12-10-2023 23:00
710,442,ccf0463efcfc0be16312d889a485c827392edb4bf32af4b43af4aad5,SP reward for iUSD,08 October 2023,6586,10-01-2024 21:45,12-10-2023 23:00
711,442,1c9a3d3314df62b223b8683be48cf9dfd5359058cb23851f8fcff4d9,SP reward for iUSD,08 October 2023,3051,10-01-2024 21:45,12-10-2023 23:00
712,442,b844eda8d8b99c58609f090d3156ef91488778e92501e1154e797492,SP reward for iUSD,08 October 2023,59167,10-01-2024 21:45,12-10-2023 23:00
713,442,03eff44005d2c091c2647b45a89f9fe5b0ecea143c4e954cfc2dcedc,SP reward for iUSD,08 October 2023,259,10-01-2024 21:45,12-10-2023 23:00
714,442,864f7a3b00ec7f36857c76b97cb1b32ea61360522085426dac6de657,SP reward for iUSD,08 October 2023,38764,10-01-2024 21:45,12-10-2023 23:00
715,442,c56ae41f6148d38ef6528fcaad635917d659e7896dbe4ed9734be7aa,SP reward for iUSD,08 October 2023,9549,10-01-2024 21:45,12-10-2023 23:00
716,442,d203a585d517315ef60b563878acfd72bd9ba9bd458d8c432ba53f7f,SP reward for iUSD,08 October 2023,28421,10-01-2024 21:45,12-10-2023 23:00
717,442,73c236c3e865c9a4e66c7262f739b777bab078cbcece1f9d2e413dfb,SP reward for iUSD,08 October 2023,158881,10-01-2024 21:45,12-10-2023 23:00
718,442,ad7fe2d8b9b3cf82a37e9633c0e48784f788f352c5314d5a5e20bf08,SP reward for iUSD,08 October 2023,9427,10-01-2024 21:45,12-10-2023 23:00
719,442,e122dfae82cf0dc0f672851fd0051a019fb7cf74edafc30443e2faa4,SP reward for iUSD,08 October 2023,383974,10-01-2024 21:45,12-10-2023 23:00
720,442,228f7a0a9cf92326f01761f7311eea4f14bab84d35f9222b4900d312,SP reward for iUSD,08 October 2023,242961,10-01-2024 21:45,12-10-2023 23:00
721,442,8bb9c1842b5df8a44359e65982adb4d2a7d0cb745a2b8488592e3d9f,SP reward for iUSD,08 October 2023,22839,10-01-2024 21:45,12-10-2023 23:00
722,442,7efb273865feb908d7ddba513de17352e1554b62e62f9f417113749b,SP reward for iUSD,08 October 2023,3636,10-01-2024 21:45,12-10-2023 23:00
723,442,ca9ad9d3aa303cf4205c00bd707881b0dcd2807816e5a6ad59134aa7,SP reward for iUSD,08 October 2023,79017,10-01-2024 21:45,12-10-2023 23:00
724,442,a66f3589c69139fbd204ad42b34a70b65dba7834ce7641ae649c5171,SP reward for iUSD,08 October 2023,420737,10-01-2024 21:45,12-10-2023 23:00
725,442,9a48d764ff4b8117da0b37be0f132e319dbb672f9f30a4f136cfe89f,SP reward for iUSD,08 October 2023,59842,10-01-2024 21:45,12-10-2023 23:00
726,442,fc5543c66855df3872fc1c6bedbd95bb592feb158a7656d0964358b1,SP reward for iUSD,08 October 2023,4332,10-01-2024 21:45,12-10-2023 23:00
727,442,96fcd31985e22ce4ab339cd92f94a5e54e5ddb4880f0a3a6c6ccb2f5,SP reward for iUSD,08 October 2023,15486,10-01-2024 21:45,12-10-2023 23:00
728,442,fe822c00f04e3ae7c0c0f92523e6f644645db628621f17a25e88642f,SP reward for iUSD,08 October 2023,30247,10-01-2024 21:45,12-10-2023 23:00
729,442,75ee02775bcf62517779f638a4184d62ebedc4da72d555aceed1e655,SP reward for iUSD,08 October 2023,655328,10-01-2024 21:45,12-10-2023 23:00
730,442,5a3d4f39ee17e2b67b6dd93ba71379a098b16f5f1839a069ce9533f4,SP reward for iUSD,08 October 2023,232961,10-01-2024 21:45,12-10-2023 23:00
731,442,eab5d00ea8449574401c05c7cd7df84d919c9e88b816a262e3a9dbbc,SP reward for iUSD,08 October 2023,350160,10-01-2024 21:45,12-10-2023 23:00
732,442,b178ffc093995ed4f92326da8cbbae25832bd1c723b4897435ae3ee3,SP reward for iUSD,08 October 2023,39276,10-01-2024 21:45,12-10-2023 23:00
733,442,4046d7935086947d2c6dba7e4e5f0db6f8fb72f945d1c1f992ab6c9d,SP reward for iUSD,08 October 2023,235,10-01-2024 21:45,12-10-2023 23:00
734,442,5277d320e4e981971f75599c3c15bc0abebbdb6aea9cbadccb16bff1,SP reward for iUSD,08 October 2023,45469,10-01-2024 21:45,12-10-2023 23:00
735,442,6c3942ed244be5b4dbb74591d7ea4e7c1aec07ed88ef81b678cac0d9,SP reward for iUSD,08 October 2023,154216,10-01-2024 21:45,12-10-2023 23:00
736,442,eb7a0af8677832e487f154e7cb7483878208fc5f4bf6cc1ebd63656d,SP reward for iUSD,08 October 2023,22529,10-01-2024 21:45,12-10-2023 23:00
737,442,eaec8a1a356ed27fb30ce01dca32e642e85c0c7e0c330aa3b5e6143d,SP reward for iUSD,08 October 2023,55293,10-01-2024 21:45,12-10-2023 23:00
738,442,8349a2fcec7eba3f55e7f7b603f0f2bdf932405669b4b42bca49cad9,SP reward for iUSD,08 October 2023,3841,10-01-2024 21:45,12-10-2023 23:00
739,442,350370eb8dce8178f824b16c34a1df2ee956a3b488e0890d40e4256d,SP reward for iUSD,08 October 2023,19203,10-01-2024 21:45,12-10-2023 23:00
740,442,9085a048fd190f237c52943ac271b9b78042747efb1cd553d6e54f4f,SP reward for iUSD,08 October 2023,143246,10-01-2024 21:45,12-10-2023 23:00
741,442,b1428eb9701f0ebc77e97ea2f7fcb5b6960513c2000db36db80ee52c,SP reward for iUSD,08 October 2023,888,10-01-2024 21:45,12-10-2023 23:00
742,442,58c052676fe5b1cd52fda1ba62bbdabef2b3f261258e1fcfaa4df833,SP reward for iUSD,08 October 2023,71786,10-01-2024 21:45,12-10-2023 23:00
743,442,1215c650198e8fe85528c3640a864a2b9202f1fdbc5a63e3c7663db5,SP reward for iUSD,08 October 2023,9851,10-01-2024 21:45,12-10-2023 23:00
744,442,2954f74123faee312835907b70036cd8086ef1552b1cf04161413269,SP reward for iUSD,08 October 2023,32661,10-01-2024 21:45,12-10-2023 23:00
745,442,e4140e7cad203c8a050cbc966735f5eaa1110e1719040b5ec18ccdb6,SP reward for iUSD,08 October 2023,1290,10-01-2024 21:45,12-10-2023 23:00
746,442,8fee6a42565c9c1ebe2fb3caf8c3f6590df4a8aa40aa37fd672605dd,SP reward for iUSD,08 October 2023,20804,10-01-2024 21:45,12-10-2023 23:00
747,442,bc12846dfe29fb17207d6e11b98fdda7201679227d46d744de5574e8,SP reward for iUSD,08 October 2023,109778,10-01-2024 21:45,12-10-2023 23:00
748,442,58752f54a31c2eac27269cda36bf0091016a21b4bf6f65f678eb4e3a,SP reward for iUSD,08 October 2023,180866,10-01-2024 21:45,12-10-2023 23:00
749,442,144a91af110e1f266e04a5fc28a41d897523570b8c8ca12724be3b64,SP reward for iUSD,08 October 2023,26418,10-01-2024 21:45,12-10-2023 23:00
750,442,5f7d1aba60a090039edbb0294ccb27d3617a8827396b292ee49dec9f,SP reward for iUSD,08 October 2023,81356,10-01-2024 21:45,12-10-2023 23:00
751,442,df14eb586b1cc9bd64d32ddab4f401239ce21622474b22ba83193f29,SP reward for iUSD,08 October 2023,0,10-01-2024 21:45,12-10-2023 23:00
752,442,826d2683285bc4a4de68fc10eb78f2631371f48a5d4c0af654badda0,SP reward for iUSD,08 October 2023,376330,10-01-2024 21:45,12-10-2023 23:00
753,442,9c8aec49d745d235f31947cec55e7d22010df0d07bbe94e7b7b4d18b,SP reward for iUSD,08 October 2023,2264071,10-01-2024 21:45,12-10-2023 23:00
754,442,7c5a3ffd4843cf9bb750918cb453a87e71b3b21d63b02dd45dd3ea31,SP reward for iUSD,08 October 2023,141474,10-01-2024 21:45,12-10-2023 23:00
755,442,17d3378cdb60f18ebad70aab20bf4be3fe7415602c2e07313297aa35,SP reward for iUSD,08 October 2023,192133,10-01-2024 21:45,12-10-2023 23:00
756,442,bfecbbfaf133076c576cf705b8472cd12b28dbfa5d1bc7a48e9838a0,SP reward for iUSD,08 October 2023,19587,10-01-2024 21:45,12-10-2023 23:00
757,442,d1b4a2e733c66382f3c60bf7a43803b57e44c07d5efe87bf8c4185ee,SP reward for iUSD,08 October 2023,146372,10-01-2024 21:45,12-10-2023 23:00
758,442,497d04574667e0eaaa3beefd2d3896e6b177c7d8bb445542ba371204,SP reward for iUSD,08 October 2023,30363,10-01-2024 21:45,12-10-2023 23:00
759,442,19c87ada5b44424a2f54fdd13b556f9306ef9f1356359c57581abd4f,SP reward for iUSD,08 October 2023,61954,10-01-2024 21:45,12-10-2023 23:00
760,442,8f231e37853682192e02aa25cd60ee701aab8248646a396ebaa67234,SP reward for iUSD,08 October 2023,384,10-01-2024 21:45,12-10-2023 23:00
761,442,1f7ef810b5dc6ec53922eb17e910a74c3b343b9117c51d4cac82cd88,SP reward for iUSD,08 October 2023,31761,10-01-2024 21:45,12-10-2023 23:00
762,442,c12e9cc03830ebd3539ff3f6cec70e37fa4d9654ca7b19f3e92add09,SP reward for iUSD,08 October 2023,283,10-01-2024 21:45,12-10-2023 23:00
763,442,f4111bbae46475ee2fe4ddcc9b4e56b6bde1b12464cf0ffd1da01dbe,SP reward for iUSD,08 October 2023,34947,10-01-2024 21:45,12-10-2023 23:00
764,442,1d7973ee2e656a214ebd66635ffc5f28ea4b76cd155316ac258d737f,SP reward for iUSD,08 October 2023,0,10-01-2024 21:45,12-10-2023 23:00
765,442,4482822ba84d47736ecfc0a9647e3d1f6114b32f6bc944ceb6c67b13,SP reward for iUSD,08 October 2023,197307,10-01-2024 21:45,12-10-2023 23:00
766,442,24c0af03702aca77635142b03003971246b68cd205c38c495b4b39de,SP reward for iUSD,08 October 2023,74330,10-01-2024 21:45,12-10-2023 23:00
767,442,47a70e7e1e30fa7879992e6d45818928c30ae913cbebafaab2ce71f1,SP reward for iUSD,08 October 2023,1714,10-01-2024 21:45,12-10-2023 23:00
768,442,82f241eb5dadcc19e9990f85c9e7a93bb655b2c07ed3fe375509b417,SP reward for iUSD,08 October 2023,29651,10-01-2024 21:45,12-10-2023 23:00
769,442,f3820b9d2e1ff6bc15652ffbc01346225e9d3f5c06adeb77b316f12a,SP reward for iUSD,08 October 2023,48003,10-01-2024 21:45,12-10-2023 23:00
770,442,2387805ec55905b81396a1744734c4695abaaf620a73e88092018f58,SP reward for iUSD,08 October 2023,74738,10-01-2024 21:45,12-10-2023 23:00
771,442,9a4ba27a659af4a3e6fda495dc7720eb94ff861f40139bf935f37053,SP reward for iUSD,08 October 2023,59491,10-01-2024 21:45,12-10-2023 23:00
772,442,cee88901cf864fa86dc84f90f43ef51a081d79457173b1a9c5f5163b,SP reward for iUSD,08 October 2023,4453,10-01-2024 21:45,12-10-2023 23:00
773,442,ddf0645e036c907d05ea30c896a7412ac7fbe1e0e6cd009a9cc1a28d,SP reward for iUSD,08 October 2023,0,10-01-2024 21:45,12-10-2023 23:00
774,442,597f95da769ea4d957262de8280c653109cb3b72d5ebf25e894a16e0,SP reward for iUSD,08 October 2023,1,10-01-2024 21:45,12-10-2023 23:00
775,442,17abbdbbee649dac78243c157c3238f34b9368e0e7d2c0232951484c,SP reward for iUSD,08 October 2023,1675,10-01-2024 21:45,12-10-2023 23:00
776,442,10a2ea055b227f1d48a0a462ca6048f82693653fdb534eb7cd3ca654,SP reward for iUSD,08 October 2023,133368,10-01-2024 21:45,12-10-2023 23:00
777,442,514ec5e427280c6bca6a0d79dea12bc793673a7241ba8f6f982a542e,SP reward for iUSD,08 October 2023,105911,10-01-2024 21:45,12-10-2023 23:00
778,442,a3f63e4cbce10a5560a60dc4c7360da433b03e596e9c61f507eec809,SP reward for iUSD,08 October 2023,85218,10-01-2024 21:45,12-10-2023 23:00
779,442,1d7f38bdc1dd27e154b6b85e01488580a1be8da0e3e24379c3c41ed5,SP reward for iUSD,08 October 2023,20327,10-01-2024 21:45,12-10-2023 23:00
780,442,67806817b5a6f5deab56bebd3cb40fe54b33e574c929f66038694808,SP reward for iUSD,08 October 2023,5614,10-01-2024 21:45,12-10-2023 23:00
781,442,8cbda1c576e20477e63a5b48625b91411ca4ed1c0fe3049792af6647,SP reward for iUSD,08 October 2023,708,10-01-2024 21:45,12-10-2023 23:00
782,442,e56d333d5f95252d68f7c7bb93abb5597fdb6e7853fd3b391a2896fe,SP reward for iUSD,08 October 2023,83125,10-01-2024 21:45,12-10-2023 23:00
783,442,1434b0f9b0d42bdfe065dfbde6089def626c28128e2b25234b8409db,SP reward for iUSD,08 October 2023,96267,10-01-2024 21:45,12-10-2023 23:00
784,442,6bd530b62ab7384bb1c3587cf52c29ee1e58a8f10abe719db749b887,SP reward for iUSD,08 October 2023,4021,10-01-2024 21:45,12-10-2023 23:00
785,442,e78c4eb4ec3e852b78f8540a7ff65767451cbf7601c4e6a9c4c97d52,SP reward for iUSD,08 October 2023,261624,10-01-2024 21:45,12-10-2023 23:00
786,442,8882040c52f06ec0ddbb69b43fb12ff177a723f1a87ba44bdb783729,SP reward for iUSD,08 October 2023,806,10-01-2024 21:45,12-10-2023 23:00
787,442,e4833eff5469ddeeaf0fbd065ad976676be56e8cd67c04526d51c495,SP reward for iUSD,08 October 2023,70588,10-01-2024 21:45,12-10-2023 23:00
788,442,cd86c7001be335cb5ba746ee9c7b23758eff240e67ae44b4af9f3f85,SP reward for iUSD,08 October 2023,38691,10-01-2024 21:45,12-10-2023 23:00
789,442,f2a6c0d4cf8b5d29ef1a526543844df74f48e57a723f8dc3aa7d0700,SP reward for iUSD,08 October 2023,4046,10-01-2024 21:45,12-10-2023 23:00
790,442,e599429457c61531f5ec659442d7e430dc2e1c6152944d6815f4b064,SP reward for iUSD,08 October 2023,767009,10-01-2024 21:45,12-10-2023 23:00
791,442,2e354a08d7d9618ca9e97625081ec5af50e35ce1ce91aea6081dbb1b,SP reward for iUSD,08 October 2023,8460,10-01-2024 21:45,12-10-2023 23:00
792,442,af28fb0c496ec12e14bd2b811c3e0b14af9b5f18832209c9403015b3,SP reward for iUSD,08 October 2023,17357,10-01-2024 21:45,12-10-2023 23:00
793,442,4f3e26f997727f545315520c7ebea39f54580a528754927778354dee,SP reward for iUSD,08 October 2023,167465,10-01-2024 21:45,12-10-2023 23:00
794,442,e04ad9f221db058997b74653494041917fe1e69e2b9cb027132bf88b,SP reward for iUSD,08 October 2023,0,10-01-2024 21:45,12-10-2023 23:00
795,442,a3ad69669ecee78b25f6b796d095ca691912481c72cc3ff42ee41ed1,SP reward for iUSD,08 October 2023,62947,10-01-2024 21:45,12-10-2023 23:00
796,442,dc4f211e154e0a1994da4d0ff78ab6940da37643026fd55640b37266,SP reward for iUSD,08 October 2023,8910,10-01-2024 21:45,12-10-2023 23:00
797,442,0f74ede103adb7050c0ec12533911dc20b449e1ce9b1e7b19c773f82,SP reward for iUSD,08 October 2023,6323,10-01-2024 21:45,12-10-2023 23:00
798,442,bc74633bac550bbadaf788c0d83c68087a119dbdd4f75bbde49f154a,SP reward for iUSD,08 October 2023,62459,10-01-2024 21:45,12-10-2023 23:00
799,442,20dbc91dd83004def0b7b5ee1073d012cd8369571bba1892e37990fe,SP reward for iUSD,08 October 2023,161029,10-01-2024 21:45,12-10-2023 23:00
800,442,f549c4dfa45a19b8a0ac22a24f491e30cba260e71eb526031e21b7c2,SP reward for iUSD,08 October 2023,199679,10-01-2024 21:45,12-10-2023 23:00
801,442,8f949023bd7eaa7f381c2ad298b345b7750cf9d04a1f53d0adcab6c2,SP reward for iUSD,08 October 2023,23181,10-01-2024 21:45,12-10-2023 23:00
802,442,96278b46637b84faf5c2e4d79ca1c3034721972ac784030cdd2f2fe8,SP reward for iUSD,08 October 2023,77075,10-01-2024 21:45,12-10-2023 23:00
803,442,16acc855c03e081be1599b86632c5fe8ab630fb3f656a018c206ee8a,SP reward for iUSD,08 October 2023,29961,10-01-2024 21:45,12-10-2023 23:00
804,442,faaf89a26e9d1a69134ad6d814176639b0eda359e7a43ab21934ccd8,SP reward for iUSD,08 October 2023,58581,10-01-2024 21:45,12-10-2023 23:00
805,442,9d9c672d1261ac30b4605678f451ccda8f90a1cce1633b4fee0f92bd,SP reward for iUSD,08 October 2023,115850,10-01-2024 21:45,12-10-2023 23:00
806,442,24e2a220f53ccd6ea5908cb441244f1bc2821a24044e2cc0dfb8a241,SP reward for iUSD,08 October 2023,13,10-01-2024 21:45,12-10-2023 23:00
807,442,ef9de691f4e2a8a57504a10dc805a8e20ab0cf9e2906769420f3aea9,SP reward for iUSD,08 October 2023,5877,10-01-2024 21:45,12-10-2023 23:00
808,442,80e6c7de0d6efe91cf577b5502f0f7f9fcb5225d49fab2d74cf0cdc7,SP reward for iUSD,08 October 2023,282326,10-01-2024 21:45,12-10-2023 23:00
809,442,7b2c3d7b795d7cb692b32fe35662bf0c1dc7844185e2af3ee0b3a7eb,SP reward for iUSD,08 October 2023,41358,10-01-2024 21:45,12-10-2023 23:00
810,442,4e6357b65b3479d5e94963c01f5b6eca88a030a35fd9851dd3b648f3,SP reward for iUSD,08 October 2023,288087,10-01-2024 21:45,12-10-2023 23:00
811,442,2674b6d8b52070036fd0f1b28a35cd2bac3c079bba31a3fba4e97276,SP reward for iUSD,08 October 2023,48358,10-01-2024 21:45,12-10-2023 23:00
812,442,df7f42a4594781aabfc866f3baac1486457f32ea8981c17d0f991831,SP reward for iUSD,08 October 2023,3841,10-01-2024 21:45,12-10-2023 23:00
813,442,8dc87d03f862104a9117247e414f007ea8167226f52de0eed6ccdbfc,SP reward for iUSD,08 October 2023,143837,10-01-2024 21:45,12-10-2023 23:00
814,442,ac293f8851bccc597d9f23b7b76bb9afca7bf65e42c93fd9e51ebadb,SP reward for iUSD,08 October 2023,0,10-01-2024 21:45,12-10-2023 23:00
815,442,c9e01dc055bd66469fa16356f9912c27f82caec0bc33240e9ff61f30,SP reward for iUSD,08 October 2023,114083,10-01-2024 21:45,12-10-2023 23:00
816,442,b4502587636550a7424c0caf9198bb9a64edd628d422268535f103c4,SP reward for iUSD,08 October 2023,129515,10-01-2024 21:45,12-10-2023 23:00
817,442,7d976df39c7d42ad6ec5309c5930812d1bee7ef3c716066aea81d8ce,SP reward for iUSD,08 October 2023,57799,10-01-2024 21:45,12-10-2023 23:00
818,442,ec39d10b072cdc5297cdf1683465556b81d641cdd07fad63ae4fcdd0,SP reward for iUSD,08 October 2023,48015,10-01-2024 21:45,12-10-2023 23:00
819,442,adfa05b38e47fd0dd027217e2e2b26c8bbeef24b73ac056cd653e96a,SP reward for iUSD,08 October 2023,59990,10-01-2024 21:45,12-10-2023 23:00
820,442,d20b12211611481db8e256e2b04dea47a8cfd875086c6d7a610788e7,SP reward for iUSD,08 October 2023,92202,10-01-2024 21:45,12-10-2023 23:00
821,442,c89452591e9f783896d9cf6b5b340aac2001d25133f0a9e8df28a0ab,SP reward for iUSD,08 October 2023,126414,10-01-2024 21:45,12-10-2023 23:00
822,442,50d250e7e540d5c12595729616d0dbbfbbe12ab4060c6a33cf768715,SP reward for iUSD,08 October 2023,30729,10-01-2024 21:45,12-10-2023 23:00
823,442,49d1c05ce83ea5dfd6abad09021caf4c5806f207ba657091c46a501b,SP reward for iUSD,08 October 2023,12681,10-01-2024 21:45,12-10-2023 23:00
824,442,422352cc2e0da85c78a0e09b09dfaa78719da049e1be30f81c917cb3,SP reward for iUSD,08 October 2023,36491,10-01-2024 21:45,12-10-2023 23:00
825,442,387700ae4dfdf8a65b70d7ff59f155f1ee30d2f7e2483337f6d0782d,SP reward for iUSD,08 October 2023,84448,10-01-2024 21:45,12-10-2023 23:00
826,442,df56067ead947725fb7502ac74c457e8852933f6ef28c7c455236207,SP reward for iUSD,08 October 2023,17948,10-01-2024 21:45,12-10-2023 23:00
827,442,9449ea44d82d0f7827c5af04370b8bf2b3b913786a650c20b3b5de78,SP reward for iUSD,08 October 2023,546820,10-01-2024 21:45,12-10-2023 23:00
828,442,5b1931f083d9a8fe8fd2ee68265df2ebfa5cb6d3cde6833c60a5aeb8,SP reward for iUSD,08 October 2023,75126,10-01-2024 21:45,12-10-2023 23:00
829,442,76dbab8dc974000bd173ef0593fa4e50aae01be6e13a19f1dd9cae55,SP reward for iUSD,08 October 2023,85830,10-01-2024 21:45,12-10-2023 23:00
830,442,5d9de15a9e526c04fba22b12118560b4c7aee4f3bee35e23431b05f0,SP reward for iUSD,08 October 2023,157,10-01-2024 21:45,12-10-2023 23:00
831,442,03aa5081199a16295e8451a866b93a521747db809eacdef947175ac6,SP reward for iUSD,08 October 2023,10268,10-01-2024 21:45,12-10-2023 23:00
832,442,53eb9c7601e433f0659a74479e98400d203af061f135354f43e0dad4,SP reward for iUSD,08 October 2023,39563,10-01-2024 21:45,12-10-2023 23:00
833,442,fdcb2ad56f90c49a73ace602f2f459055f75c9b42f6b186731da60e0,SP reward for iUSD,08 October 2023,121588,10-01-2024 21:45,12-10-2023 23:00
834,442,420fe4b0b65093169ee9622b1b0c88675e97472513f94170d76bfac9,SP reward for iUSD,08 October 2023,904,10-01-2024 21:45,12-10-2023 23:00
835,442,d74968060bb951234139833a846b6b81ded3059ad1724915091bac2d,SP reward for iUSD,08 October 2023,971471,10-01-2024 21:45,12-10-2023 23:00
836,442,d07a74350a813a2daed74dfade4248bb51ff24da457a48fba9b4539b,SP reward for iUSD,08 October 2023,1283093,10-01-2024 21:45,12-10-2023 23:00
837,442,024856b442278b7d5e63295585fa42f12113724292d75a5288822367,SP reward for iUSD,08 October 2023,3100891,10-01-2024 21:45,12-10-2023 23:00
838,442,fbc5a2e4982c53a70c6eb71bcbdfca2698bba849a2e5e06ea566fd93,SP reward for iUSD,08 October 2023,57567,10-01-2024 21:45,12-10-2023 23:00
839,442,f1f046fcc9cd06aa851f3296213d127f954ecba8136ee829a645f3ec,SP reward for iUSD,08 October 2023,512,10-01-2024 21:45,12-10-2023 23:00
840,442,d33119934f905c46c074d86b01e9ed68d8df9416c1f98311adda04d1,SP reward for iUSD,08 October 2023,62091,10-01-2024 21:45,12-10-2023 23:00
841,442,92a3a6bc9849096be7edb873d5bda4a39b735d23250bbf9984446ad6,SP reward for iUSD,08 October 2023,161531,10-01-2024 21:45,12-10-2023 23:00
842,442,c4c6e2c645f453f6f7ca990b7ade2b2b2de868c0aeb5c7511e481fe9,SP reward for iUSD,08 October 2023,2461865,10-01-2024 21:45,12-10-2023 23:00
843,442,9d94c36c0ba08524969fb2fa100dce63e0eefda22b75eca8ec3e30c4,SP reward for iUSD,08 October 2023,1110609,10-01-2024 21:45,12-10-2023 23:00
844,442,1ff9f868d6a65ea7dec1b4d37240001097a28168752e2723e624337c,SP reward for iUSD,08 October 2023,38965,10-01-2024 21:45,12-10-2023 23:00
845,442,ea79af332a33e08d0180ace4940a4bba5e9040ea76bf0f8a884279cd,SP reward for iUSD,08 October 2023,35054,10-01-2024 21:45,12-10-2023 23:00
846,442,966c8c683271fb81c24235f265eac3d02095b67ca0613e08a0de963f,SP reward for iUSD,08 October 2023,76823,10-01-2024 21:45,12-10-2023 23:00
847,442,026c8ee36589862c813abaf4142583d8631869cc694bfc393ad229ed,SP reward for iUSD,08 October 2023,100698,10-01-2024 21:45,12-10-2023 23:00
848,442,270a564190936d5e6199cd157798a1d802e05b5c4d69a756d02a4024,SP reward for iUSD,08 October 2023,26950,10-01-2024 21:45,12-10-2023 23:00
849,442,1d873b8c37d35e5e322736d5194df4efbcec93bd3e87090998185a10,SP reward for iUSD,08 October 2023,229406,10-01-2024 21:45,12-10-2023 23:00
850,442,f00f927995925d46c18314ed041f55e32d1e9bc0da7b18b5f9d56602,SP reward for iUSD,08 October 2023,43357,10-01-2024 21:45,12-10-2023 23:00
851,442,1dfa4ee606a41e8ce99a52d958e3f76f9f1a455a61853efd0e6cc58d,SP reward for iUSD,08 October 2023,51433,10-01-2024 21:45,12-10-2023 23:00
852,442,9bd32d0c896ecfd22af41a2328d4e1d7bc2e8be07e61ce7eb5caa536,SP reward for iUSD,08 October 2023,6884080,10-01-2024 21:45,12-10-2023 23:00
853,442,159af115130e7a5e8ac56e11c97ebfc173b379c9ad0a240b112eeefe,SP reward for iUSD,08 October 2023,13242,10-01-2024 21:45,12-10-2023 23:00
854,442,efdea48b2d455838b64f1bdbf0106eef7cd67041ce4aa429d812183e,SP reward for iUSD,08 October 2023,165704,10-01-2024 21:45,12-10-2023 23:00
855,442,0392279ce70fc3bc7d60fa0437da097cc264ada08fd59acdba593965,SP reward for iUSD,08 October 2023,48209,10-01-2024 21:45,12-10-2023 23:00
856,442,a0f890b740b6e870ee690e3d02ca5fdeddf9969aea0a87b3bef425e1,SP reward for iUSD,08 October 2023,161106,10-01-2024 21:45,12-10-2023 23:00
857,442,55cf69df3e09e88978a5396efa57fb076d25f9089229a52baac18e5d,SP reward for iUSD,08 October 2023,32969,10-01-2024 21:45,12-10-2023 23:00
858,442,0a36d2059eac53b46045092125f8419d455cf63ba48a7f2285a1a691,SP reward for iUSD,08 October 2023,976660,10-01-2024 21:45,12-10-2023 23:00
859,442,8d42ea2a53e949ffcdcebccbb0656fd0c66f68dd3e12af30d5232c29,SP reward for iUSD,08 October 2023,34079,10-01-2024 21:45,12-10-2023 23:00
860,442,7b0fc9c9e92364eb4bcf52d28f9996c8d2278916eb95eb50a18905bd,SP reward for iUSD,08 October 2023,117058,10-01-2024 21:45,12-10-2023 23:00
861,442,7aeadf295aa5275bb56ee50e2608cc2672d1d01e57ba0bec3dd00daf,SP reward for iUSD,08 October 2023,439,10-01-2024 21:45,12-10-2023 23:00
862,442,3b7b01b415e7533f8bceb3e9e467dbca6d784c7be99fcadb68b1a9d1,SP reward for iUSD,08 October 2023,1897,10-01-2024 21:45,12-10-2023 23:00
863,442,728b52d41c48009dca4d9f7331776537533452cc035505ff82ac9079,SP reward for iUSD,08 October 2023,572,10-01-2024 21:45,12-10-2023 23:00
864,442,56270f8bf55701d31d45a3db4a13d99ef7848fc936616777f4257dcb,SP reward for iUSD,08 October 2023,37242,10-01-2024 21:45,12-10-2023 23:00
865,442,b86d5dffbc00894203fdf272c003fee91969d85b806859edc242b34a,SP reward for iUSD,08 October 2023,28103,10-01-2024 21:45,12-10-2023 23:00
866,442,fe214b004cc1504fc1544acd5b5e0d6dfe76484168e6c7d57d752b79,SP reward for iUSD,08 October 2023,3228,10-01-2024 21:45,12-10-2023 23:00
867,442,90ea3bd89364dbe9084b55fcc578c4f44a9bba7c4a7176cff33b8bb0,SP reward for iUSD,08 October 2023,13988,10-01-2024 21:45,12-10-2023 23:00
868,442,c49e050f25dd059da1f3ebdd00004e46d22cc1ece96e487ea84cee54,SP reward for iUSD,08 October 2023,21461,10-01-2024 21:45,12-10-2023 23:00
869,442,3676a8f6fc88d00bb27fa5eb2e25f91b69ad6b211c9931263bbeb39c,SP reward for iUSD,08 October 2023,5301,10-01-2024 21:45,12-10-2023 23:00
870,442,7eba1da590e93ee9a4da7bf746111c27c6b21f82ca90fd8c7ca5a441,SP reward for iUSD,08 October 2023,21220,10-01-2024 21:45,12-10-2023 23:00
871,442,b0e1aa74e9c491e73fb3c6625d941a883f95c05069b107021888830e,SP reward for iUSD,08 October 2023,6229,10-01-2024 21:45,12-10-2023 23:00
872,442,f357aeab5d6038af73b7ce783bf505ecb9ff382a18e2b211b18a513a,SP reward for iUSD,08 October 2023,2312,10-01-2024 21:45,12-10-2023 23:00
873,442,4b4d2f7ec3cec8a1b3105c8cb94a6e77bd64f3fedc0bd828ffcbcb28,SP reward for iUSD,08 October 2023,195486,10-01-2024 21:45,12-10-2023 23:00
874,442,3b45d59fb8b82d21d208964521a6bbc8d42f06b2ed7e533f8b7a745a,SP reward for iUSD,08 October 2023,302452,10-01-2024 21:45,12-10-2023 23:00
875,442,a7c4ad49f24faecad3a91f5e5a4109cfa822faade50e6840a3db3d67,SP reward for iUSD,08 October 2023,2708109,10-01-2024 21:45,12-10-2023 23:00
876,442,8daf909109e33c204da5034dd588269357cdf89c0947d09c1812955f,SP reward for iUSD,08 October 2023,27941,10-01-2024 21:45,12-10-2023 23:00
877,442,7c287d80b89068e3f0e5ad9cdcfccd67e264e10c7bac1f1c50b4b4ce,SP reward for iUSD,08 October 2023,62244,10-01-2024 21:45,12-10-2023 23:00
878,442,8fd369b6dda38f92043d8595e10ba47a47f2f48f71e37951a6af4fcd,SP reward for iUSD,08 October 2023,40039,10-01-2024 21:45,12-10-2023 23:00
879,442,5a22248acd76b04db2a4f0804b465d7e0e6f9c13d3be980b3f7ef9e7,SP reward for iUSD,08 October 2023,25757,10-01-2024 21:45,12-10-2023 23:00
880,442,dd8f3e200e38deea7336fefd98ab66572801dfabd658f332105e18fa,SP reward for iUSD,08 October 2023,56780,10-01-2024 21:45,12-10-2023 23:00
881,442,4dc5cb65b80027553882008cef8ce7356c362e083f00aede47ebc35f,SP reward for iUSD,08 October 2023,0,10-01-2024 21:45,12-10-2023 23:00
882,442,8b824c5bc7c0c7c6ef3396d567c47dd502e361f62d9f9e6015eb8150,SP reward for iUSD,08 October 2023,3881,10-01-2024 21:45,12-10-2023 23:00
883,442,e1d69e1f1e390faddb3d82a5d66c971e4bef61893892252dfca99837,SP reward for iUSD,08 October 2023,1,10-01-2024 21:45,12-10-2023 23:00
884,442,b9127ad6a07fb42d0a5323ce8a79edbf1fbec2c87d010884d650799f,SP reward for iUSD,08 October 2023,16061,10-01-2024 21:45,12-10-2023 23:00
885,442,480162a64c53e1f9f76d471d5166e722be81296144d422344254a54e,SP reward for iUSD,08 October 2023,870584,10-01-2024 21:45,12-10-2023 23:00
886,442,93fc1d5eda11f4e015acabe138fdf310674c33e9d82a7dc8a7d73d99,SP reward for iUSD,08 October 2023,94403,10-01-2024 21:45,12-10-2023 23:00
887,442,55f6685cbc8c1c99948804a10f2eada7ed6121822a45452582ead10a,SP reward for iUSD,08 October 2023,781,10-01-2024 21:45,12-10-2023 23:00
888,442,4c281c0efad5222fef57cfc5c21e5e07eb358c155406af6c9ef95402,SP reward for iUSD,08 October 2023,387875,10-01-2024 21:45,12-10-2023 23:00
889,442,bf80faca49b6c4b820d11fd8028343afde02b4e9cfeded543c4650b9,SP reward for iUSD,08 October 2023,140729,10-01-2024 21:45,12-10-2023 23:00
890,442,b3628e24f6d8e81e31b7c5dc85cbae7ba04e6f17bbdd1f75eae051c5,SP reward for iUSD,08 October 2023,44770,10-01-2024 21:45,12-10-2023 23:00
891,442,c1ecfddcc1b386980d2cad46efaad99e373cf70398b7c01db68e4f4f,SP reward for iUSD,08 October 2023,307499,10-01-2024 21:45,12-10-2023 23:00
892,442,602b3643af4dbdab1ac91e39e1901d0c190bd42d192f408efc4bee88,SP reward for iUSD,08 October 2023,60761,10-01-2024 21:45,12-10-2023 23:00
893,442,509cba9202668605404e5c6a39d0af1f1522fe41d2e679ce8e394469,SP reward for iUSD,08 October 2023,273566,10-01-2024 21:45,12-10-2023 23:00
894,442,ecf5b1ffca39a9821dc42163dea13dc58d4d9b28767edf02124a271a,SP reward for iUSD,08 October 2023,27776,10-01-2024 21:45,12-10-2023 23:00
895,442,a239ef61e4b000e08143a86c114827b4e14e8e5bbea3254d947f9c56,SP reward for iUSD,08 October 2023,38144,10-01-2024 21:45,12-10-2023 23:00
896,442,b8c025a487acc9735d8bc4ae174ef37a96cb3b9445c45f7d94f9b02c,SP reward for iUSD,08 October 2023,54184,10-01-2024 21:45,12-10-2023 23:00
897,442,17e3d3fc02a43bae98b84a8eab7638749627e2246b2b2804a7d3ae12,SP reward for iUSD,08 October 2023,12529,10-01-2024 21:45,12-10-2023 23:00
898,442,e8be99d7f6e19ccb5282e5387ddbdc30308653a1ee0478e1fb209e07,SP reward for iUSD,08 October 2023,92101,10-01-2024 21:45,12-10-2023 23:00
899,442,8c1ddac13237e90ddf09d9a1884ad85b2265ff7930c6848c57750f2f,SP reward for iUSD,08 October 2023,56357,10-01-2024 21:45,12-10-2023 23:00
900,442,26924e62701e99facb3ceffef5a050c51412503eb7054af52f573e96,SP reward for iUSD,08 October 2023,181407,10-01-2024 21:45,12-10-2023 23:00
901,442,bc3dbd25ddb3da8133ae71b85d66fcc5ce16a42cbdf8313173b61ca6,SP reward for iUSD,08 October 2023,12,10-01-2024 21:45,12-10-2023 23:00
902,442,b47ead9c1c659d7d927c23212bd62d475f71d986236aafe16bde23ee,SP reward for iUSD,08 October 2023,38545,10-01-2024 21:45,12-10-2023 23:00
903,442,20d5e801d2da02fbf8e0ed455656e0a7b2f34314cd386806973ce69d,SP reward for iUSD,08 October 2023,7798,10-01-2024 21:45,12-10-2023 23:00
904,442,6e1beb91f97d5743780e42d9a3deeb8102c716ae69bafe5f99a26e79,SP reward for iUSD,08 October 2023,5481630,10-01-2024 21:45,12-10-2023 23:00
905,442,9d6a55eb1359d4a6c2f1466d1d65dd5083a6fa692b69702af90b51bb,SP reward for iUSD,08 October 2023,1124924,10-01-2024 21:45,12-10-2023 23:00
906,442,e0a1a45ac9fc8b2f545ef76355404c31a0650b032d7ebbfe3eb8a5b1,SP reward for iUSD,08 October 2023,201023,10-01-2024 21:45,12-10-2023 23:00
907,442,53a025fd77be078830865d6918bf8042b3d34bf54b09898d43d5a65c,SP reward for iUSD,08 October 2023,50915,10-01-2024 21:45,12-10-2023 23:00
908,442,e544d0152f17bacc61736bea720477a416dbd60ead88c42cf6dda564,SP reward for iUSD,08 October 2023,5995,10-01-2024 21:45,12-10-2023 23:00
909,442,076fe746635376963ae1c07c98dfa6a84168ff429673d2546ee5e744,SP reward for iUSD,08 October 2023,2046,10-01-2024 21:45,12-10-2023 23:00
910,442,02847e2d52b2bb68326a4d8c20cf22758d8d66a8098b464fb05e388e,SP reward for iUSD,08 October 2023,310775,10-01-2024 21:45,12-10-2023 23:00
911,442,2d2698946bc0f751dfc642bda9716d9c95065c4bb6aa23fa36379917,SP reward for iUSD,08 October 2023,67220,10-01-2024 21:45,12-10-2023 23:00
912,442,fd0172cfb6d4f7289491b5316afb91c0f416ce5ca33fc39727bd691c,SP reward for iUSD,08 October 2023,2009,10-01-2024 21:45,12-10-2023 23:00
913,442,05f8ebd54f40e71508f9cfec116a05dc8256562162f8024666821248,SP reward for iUSD,08 October 2023,268125,10-01-2024 21:45,12-10-2023 23:00
914,442,8c516966b25c9f4da8ad8fc78ec351c17ddeeb5500c875c73373d2b0,SP reward for iUSD,08 October 2023,536727,10-01-2024 21:45,12-10-2023 23:00
915,442,1a6bd66047466d65c4a336460ed902a8aef0801554a8bc831a49ea18,SP reward for iUSD,08 October 2023,392,10-01-2024 21:45,12-10-2023 23:00
916,442,a3857f6dc9fa15ac685d02ad13824292ec40648c7af5b4fbe064c0d8,SP reward for iUSD,08 October 2023,104829,10-01-2024 21:45,12-10-2023 23:00
917,442,7cf91d208dbe661058d16ea8ef2c387153cf91944aabcb9c7ef7fa1e,SP reward for iUSD,08 October 2023,392,10-01-2024 21:45,12-10-2023 23:00
918,442,f107be1c8f14b6f7ecd0a826c5a0addb31538b4d91813ca450a664f1,SP reward for iUSD,08 October 2023,795297,10-01-2024 21:45,12-10-2023 23:00
919,442,cbff8593804e718d922a1186cdf481376268f64631023692bbfcbc57,SP reward for iUSD,08 October 2023,383998,10-01-2024 21:45,12-10-2023 23:00
920,442,244ef5c19b4209da7df61d1f9a41ca599cf12610aed0f9457dbc7353,SP reward for iUSD,08 October 2023,2028,10-01-2024 21:45,12-10-2023 23:00
921,442,2922bb18ea7225c2905acb96276ea33273c5e07a0860fb276087115f,SP reward for iUSD,08 October 2023,1473,10-01-2024 21:45,12-10-2023 23:00
922,442,dff1a907d3ac2ba42da4911d6cabe1fa998cd1269fbbdd20651939f9,SP reward for iUSD,08 October 2023,834871,10-01-2024 21:45,12-10-2023 23:00
923,442,623f00f49ed872b8fde76a4d5520f4ff63e50dec00b938701fe2aedd,SP reward for iUSD,08 October 2023,73171,10-01-2024 21:45,12-10-2023 23:00
924,442,862f5ad26068a3da287a54bc2fab1c19a99a48c81939d34870be1b85,SP reward for iUSD,08 October 2023,31610,10-01-2024 21:45,12-10-2023 23:00
925,442,a906c9214bfd42f7299dedeed943496d866cb18ce0f178b0e37d9a97,SP reward for iUSD,08 October 2023,392,10-01-2024 21:45,12-10-2023 23:00
926,442,08a15c4563f6297afadcb38fdb23a44c8c5771181d618481581f31a7,SP reward for iUSD,08 October 2023,79344,10-01-2024 21:45,12-10-2023 23:00
927,442,9c8cc3ac2810e440ae1d0d41c4d7cbf79b860b5f315f8d4ed8350d81,SP reward for iUSD,08 October 2023,1257,10-01-2024 21:45,12-10-2023 23:00
928,442,24715697456eca22df1c613d9f85b0cdb97f2cb5a253d7b7cae5f09f,SP reward for iUSD,08 October 2023,274901,10-01-2024 21:45,12-10-2023 23:00
929,442,7443fff25d519ebfa4e8783e4180f6b2d7ca64d76b3a3c783694d487,SP reward for iUSD,08 October 2023,5061,10-01-2024 21:45,12-10-2023 23:00
930,442,ccc6065bab9183933462a4acb0bcea38368806fd4e7435a4e76d3624,SP reward for iUSD,08 October 2023,392129,10-01-2024 21:45,12-10-2023 23:00
931,442,6f3eb2687c020672e8f99bf2253e22d45fd86bf23d125fe22faf6264,SP reward for iUSD,08 October 2023,11930518,10-01-2024 21:45,12-10-2023 23:00
932,442,7297266c1e8790a732b07a5a0e0eed06c6c570c69ac34b8e80ac8adb,SP reward for iUSD,08 October 2023,73374,10-01-2024 21:45,12-10-2023 23:00
933,442,6f860cd15e7d9a0fe71735b338fa4ad81e418ddaae95928bd2994fc1,SP reward for iUSD,08 October 2023,2938419,10-01-2024 21:45,12-10-2023 23:00
934,442,315da5b171400a2b8d131c70ea53f27b1977bb1fcec1537d70649dac,SP reward for iUSD,08 October 2023,17369,10-01-2024 21:45,12-10-2023 23:00
935,442,ea8d6023f782f4802d83c0c803c213be848f2a5aec6bceb40a3a71c2,SP reward for iUSD,08 October 2023,185,10-01-2024 21:45,12-10-2023 23:00
936,442,94b544b36d242aecf2649579a989e97018d5f0003e983e50a0dc2994,SP reward for iUSD,08 October 2023,3054541,10-01-2024 21:45,12-10-2023 23:00
937,442,6bdf4e6548d770125f81c51ebc92b583787973ead359912e3ccd8e66,SP reward for iUSD,08 October 2023,376362,10-01-2024 21:45,12-10-2023 23:00
938,442,f013b77ae6ab1f09b5bef9c18f26089ddf57e2e780dc6f1c70746f8c,SP reward for iUSD,08 October 2023,87808,10-01-2024 21:45,12-10-2023 23:00
939,442,7da76359fef75e30d83f945e689ef4d26db9fd199823020e223169b3,SP reward for iUSD,08 October 2023,633653,10-01-2024 21:45,12-10-2023 23:00
940,442,fa773cf3b7cb0a80d8ff29e065ad3fc2a4bb075874f3fbac743fd368,SP reward for iUSD,08 October 2023,15691,10-01-2024 21:45,12-10-2023 23:00
941,442,48e67b9addfc8366aeeebfd3b2bfb1f9f6aa102b44aef6aac664abef,SP reward for iUSD,08 October 2023,392,10-01-2024 21:45,12-10-2023 23:00
942,442,948214e72eb2e68d27c7a9e8eeffe30d0d2631882d13c1b17552a7ca,SP reward for iUSD,08 October 2023,41173,10-01-2024 21:45,12-10-2023 23:00
943,442,e3fe1aded971a56dc2ca9fad8d423d3832f7ac0f915911462729f453,SP reward for iUSD,08 October 2023,240245,10-01-2024 21:45,12-10-2023 23:00
944,442,70f311783e3166f6d6bc39a700b92a2a2610b7cf7f20b5775244b657,SP reward for iUSD,08 October 2023,780500,10-01-2024 21:45,12-10-2023 23:00
945,442,a78e32382cd9a5a2b8d7700c24cb7ff2b42b14fe8e649beb51d51bf6,SP reward for iUSD,08 October 2023,12548,10-01-2024 21:45,12-10-2023 23:00
946,442,08abc365d15eb5a450ff8ed2a6207bfa3cb5a0df4ec1ddd0e6636026,SP reward for iUSD,08 October 2023,0,10-01-2024 21:45,12-10-2023 23:00
947,442,c1b6645d779259c35eb76b24c1246268cab805bccea9e202efa61910,SP reward for iUSD,08 October 2023,183,10-01-2024 21:45,12-10-2023 23:00
948,442,ef1b8e5788243f98f97c531b88761b54587163b6478ac6ff99fe359e,SP reward for iUSD,08 October 2023,80163,10-01-2024 21:45,12-10-2023 23:00
949,442,0a6b28124de76240db2832c69d10c2c64d528b08b31d137113083e2d,SP reward for iUSD,08 October 2023,101761,10-01-2024 21:45,12-10-2023 23:00
950,442,d0e69129e2a6d9a0ff61abf04b9964bee86e44bca28c63e5b783507a,SP reward for iUSD,08 October 2023,78425,10-01-2024 21:45,12-10-2023 23:00
951,442,56e1526eba166e9060a8d8eb258e59df76cf752827d1be7a6de02119,SP reward for iUSD,08 October 2023,135825,10-01-2024 21:45,12-10-2023 23:00
952,442,17b20aff00b6cd78f4ac0c68b92d90346171f461a9e6d22aad787dc9,SP reward for iUSD,08 October 2023,97652,10-01-2024 21:45,12-10-2023 23:00
953,442,3fc99b5ace443b8b20f99280b237d4982e82f01ce5bd5e1317cf9fe8,SP reward for iUSD,08 October 2023,34144,10-01-2024 21:45,12-10-2023 23:00
954,442,785a9c718e4d80e2b612ccbf605200b61d0562d2f05c4ef3c4b9ed11,SP reward for iUSD,08 October 2023,11809,10-01-2024 21:45,12-10-2023 23:00
955,442,a5519ef18d12dae09537ad81bef88d2cf26f0a098a611e2c38312c99,SP reward for iUSD,08 October 2023,28668,10-01-2024 21:45,12-10-2023 23:00
956,442,1dd8c643a330ff68e47b63be8e261996c69d1708ad07a3788e522310,SP reward for iUSD,08 October 2023,134872,10-01-2024 21:45,12-10-2023 23:00
957,442,1ec7a4dcfcb759b54f5acc35f348f1862a92992cab701e486a46e6b2,SP reward for iUSD,08 October 2023,2747,10-01-2024 21:45,12-10-2023 23:00
958,442,ecf1cb14a49abe481c4930be126426df3a7468257a129575cd49b41b,SP reward for iUSD,08 October 2023,75872,10-01-2024 21:45,12-10-2023 23:00
959,442,5f841de490d21c2b60d865852552b8a829e6ef4fabd1fee7ac7977bd,SP reward for iUSD,08 October 2023,58818,10-01-2024 21:45,12-10-2023 23:00
960,442,a2d70cfaa0036c4e8ff9d67d82c708bedb8555d2d26d27953aa72b89,SP reward for iUSD,08 October 2023,1535894,10-01-2024 21:45,12-10-2023 23:00
961,442,5a4fad55fdeabf0d0dfb5d4b75464bf5ee33a8f1edd2015dc0b39c24,SP reward for iUSD,08 October 2023,155731,10-01-2024 21:45,12-10-2023 23:00
962,442,0a88cfdb4ec15ebaf1211179a242c9de1b82c0b7d567db563db83960,SP reward for iUSD,08 October 2023,321309,10-01-2024 21:45,12-10-2023 23:00
963,442,6932deb22295a31fb022f0ab0542fa2b64c1b7574d6bacbb6e0c3e48,SP reward for iUSD,08 October 2023,3852,10-01-2024 21:45,12-10-2023 23:00
964,442,00f2483408518f8f77107b4795978a23d7e3419783a1add171a70e01,SP reward for iUSD,08 October 2023,262723,10-01-2024 21:45,12-10-2023 23:00
965,442,3ff27f47760d508cbc7e9db201e9fa0a985717f9cbfd307d429ba670,SP reward for iUSD,08 October 2023,1927532,10-01-2024 21:45,12-10-2023 23:00
966,442,f480fbde43ef244fdc26d00d58708b3ebf0d6db3aeedc8d404c3bcd9,SP reward for iUSD,08 October 2023,39212,10-01-2024 21:45,12-10-2023 23:00
967,442,4ee18dff52099c980cd8d3a1e85c37110cef73ff901eaabdabc12c60,SP reward for iUSD,08 October 2023,395015,10-01-2024 21:45,12-10-2023 23:00
968,442,ff8e7203f15bca5e4a5daabba94cb4c7d76ec425eee4071a5299533c,SP reward for iUSD,08 October 2023,107522,10-01-2024 21:45,12-10-2023 23:00
969,442,7e7cf0f8895addc5cee4e2c2139707a3ff156c06ab0158772912a1ae,SP reward for iUSD,08 October 2023,504888,10-01-2024 21:45,12-10-2023 23:00
970,442,138e6f1324b88fc7e3c520e1ce26fb28d0fd99871c45b0e83c80f900,SP reward for iUSD,08 October 2023,1072542,10-01-2024 21:45,12-10-2023 23:00
971,442,ddc7d434a87369990847553dbe9a0020ccbf868222cb6193b0303eca,SP reward for iUSD,08 October 2023,117876,10-01-2024 21:45,12-10-2023 23:00
972,442,d0bada51ac1cbd906f6d2310bab8e20f8dbb9f90c9719969a5ae8f66,SP reward for iUSD,08 October 2023,1315886,10-01-2024 21:45,12-10-2023 23:00
973,442,163e7ed3a11d4f07038eaa7266da150356eb2de38fbfc74992a1b2d2,SP reward for iUSD,08 October 2023,491,10-01-2024 21:45,12-10-2023 23:00
974,442,b0418646136117e82f751e82489d865a6ec05301689d2ced4beecc3a,SP reward for iUSD,08 October 2023,47689,10-01-2024 21:45,12-10-2023 23:00
975,442,cbab5a1070c1bb9df2ed2e466cdfd3fb4b1b7bd24af14e65b46ea556,SP reward for iUSD,08 October 2023,58818,10-01-2024 21:45,12-10-2023 23:00
976,442,b3c0baac03f058345281c6f2e9b3cfb6a1d112ffd8e2dc5398b8ff27,SP reward for iUSD,08 October 2023,1545318,10-01-2024 21:45,12-10-2023 23:00
977,442,95fa00657c1613aa2f6a3ff39b636d93ae3106ec72498d3e39b0fa8e,SP reward for iUSD,08 October 2023,91113,10-01-2024 21:45,12-10-2023 23:00
978,442,14746b63e5284f875a9fca071d78a2950106356ea2f8837e3d362fa9,SP reward for iUSD,08 October 2023,265431,10-01-2024 21:45,12-10-2023 23:00
979,442,6c696c0e5a9b92ea0951ea906390087390d29944fa37475729f49681,SP reward for iUSD,08 October 2023,465419,10-01-2024 21:45,12-10-2023 23:00
980,442,b6cdf3c4560e284a5d05fdc1e919565e5e3b6bd51640855b450ccb41,SP reward for iUSD,08 October 2023,1988334,10-01-2024 21:45,12-10-2023 23:00
981,442,442473fe94bec21e9f98a2aa1ee59955a336ec53ee7e9571a37919fe,SP reward for iUSD,08 October 2023,49084,10-01-2024 21:45,12-10-2023 23:00
982,442,e31737eff954647c3cfb076fc5ec72a889d3d7b27a875fdf2fd1b379,SP reward for iUSD,08 October 2023,0,10-01-2024 21:45,12-10-2023 23:00
983,442,64e14912b40c1db7d2bfd71e19890295f04e4a0bf0569050e379b62e,SP reward for iUSD,08 October 2023,610772,10-01-2024 21:45,12-10-2023 23:00
984,442,d695b98ba895d0c874d7d3e37fcddc0abed1218af810673d64c9a4f0,SP reward for iUSD,08 October 2023,41161,10-01-2024 21:45,12-10-2023 23:00
985,442,1de7b5c57a2c321f4d30e829c98ca17967671555659cd4679963a702,SP reward for iUSD,08 October 2023,315002,10-01-2024 21:45,12-10-2023 23:00
986,442,ec9bd9c5e9a69a42d50d7c1a91d1f0331c0db89cdaff294efbb6f5d5,SP reward for iUSD,08 October 2023,44669,10-01-2024 21:45,12-10-2023 23:00
987,442,5ba4f7eb27d46622d4728a365e4e78b349d96c40cb8e6b17b32814ad,SP reward for iUSD,08 October 2023,26085,10-01-2024 21:45,12-10-2023 23:00
988,442,ee0d3f0402347e81228151903cf5249eb6303bf0e78b4f488263db90,SP reward for iUSD,08 October 2023,140,10-01-2024 21:45,12-10-2023 23:00
989,442,f77212fba1bdb4ff7f24eca2412cabbc6b1b0a3b8f75645fe8f51b9a,SP reward for iUSD,08 October 2023,258605,10-01-2024 21:45,12-10-2023 23:00
990,442,343a6e2b66f769abf99ad58bc6425690fd647ea7221a738a55d94bd6,SP reward for iUSD,08 October 2023,99163,10-01-2024 21:45,12-10-2023 23:00
991,442,092b7b9ae9bfed9f25757ce431f885b079ba820ec102294ec9f18c5b,SP reward for iUSD,08 October 2023,32038,10-01-2024 21:45,12-10-2023 23:00
992,442,7922b7b982018c9fb7dc9eba6ff0130ef2785f3b69febda1b3ebd513,SP reward for iUSD,08 October 2023,31043,10-01-2024 21:45,12-10-2023 23:00
993,442,8873329f3abcaeb2b1164af90d4709146106c2e5922217d7ae5c82fd,SP reward for iUSD,08 October 2023,722927,10-01-2024 21:45,12-10-2023 23:00
994,442,0dffd2d5af73d5577a3976d171582cf71c0b9c7ad342c2b148f7a369,SP reward for iUSD,08 October 2023,42105,10-01-2024 21:45,12-10-2023 23:00
995,442,69db3ddacd4bd728026a19f9e8be6d41771d6cfb8cc1706798b3ad1b,SP reward for iUSD,08 October 2023,9942,10-01-2024 21:45,12-10-2023 23:00
996,442,fd8b12e5733ab14abac15c45c5640e9b8a8dd42c7da181e367d5a210,SP reward for iUSD,08 October 2023,195838,10-01-2024 21:45,12-10-2023 23:00
997,442,eb0382a090804495fc3003fde29059573bdb73ec2568ea91dc8c3984,SP reward for iUSD,08 October 2023,1384701,10-01-2024 21:45,12-10-2023 23:00
998,442,803167cc20ac7658f5d139632317419c5ff0d4eeba12d1c7a7d9cf05,SP reward for iUSD,08 October 2023,235358,10-01-2024 21:45,12-10-2023 23:00
999,442,9f376f894c2b994121f92765e48368c979e9c029a3f4e4ecea793e16,SP reward for iUSD,08 October 2023,15160154,10-01-2024 21:45,12-10-2023 23:00
1000,442,85bcc68578fe0326ae00e8aac5e6c5e734dfc3fc04d8e9a31d27c1ef,SP reward for iUSD,08 October 2023,12501215,10-01-2024 21:45,12-10-2023 23:00
1001,442,c873c75697322b5db843e9c249e669cc125c0e629ad3700729e101e6,SP reward for iUSD,08 October 2023,206206,10-01-2024 21:45,12-10-2023 23:00
1002,442,e6fdaba56d087a16a9d4cd4a298d537bb25843159bbe8c9dfcfa3530,SP reward for iUSD,08 October 2023,158929,10-01-2024 21:45,12-10-2023 23:00
1003,442,05f18a042f7922dc33589f39660bde4f8db1993b472e142d726ec32e,SP reward for iUSD,08 October 2023,111323,10-01-2024 21:45,12-10-2023 23:00
1004,442,5e13abe277486840e30f1659db877d7419046746b4e263c961e69b28,SP reward for iUSD,08 October 2023,8893338,10-01-2024 21:45,12-10-2023 23:00
1005,442,32f0c1cb0c852e6ae372fe350093a8125db1c779e6b1a3d531b1157a,SP reward for iUSD,08 October 2023,1838050,10-01-2024 21:45,12-10-2023 23:00
1006,442,17d29d0c794995d71da6ea5934500e087a6a17455de61b289c09386b,SP reward for iUSD,08 October 2023,34266,10-01-2024 21:45,12-10-2023 23:00
1007,442,98834a3e6ba9bfb2b67115492791bb63d58c51040303830f0a9143e2,SP reward for iUSD,08 October 2023,40735,10-01-2024 21:45,12-10-2023 23:00
1008,442,9057a63eaa2afa9e1f67bdb5d29fd62c59c91d0c79a30e225f079aca,SP reward for iUSD,08 October 2023,2996725,10-01-2024 21:45,12-10-2023 23:00
1009,442,f9ebcc2a02bd2984112729a5cc52f5fc0bfc126efaa2b38d4bef4637,SP reward for iUSD,08 October 2023,90441,10-01-2024 21:45,12-10-2023 23:00
1010,442,2f01482df3484b64b0427ed10c3827a1d5219fa6a27a7c178620d97d,SP reward for iUSD,08 October 2023,518700,10-01-2024 21:45,12-10-2023 23:00
1011,442,6a265f49673f07dfe98986652005699b530568459255901f1d4dcfce,SP reward for iUSD,08 October 2023,1614329,10-01-2024 21:45,12-10-2023 23:00
1012,442,05b8794c06e90623641bbc36252326edc2040d3f75ee94b9effbbda7,SP reward for iUSD,08 October 2023,25734,10-01-2024 21:45,12-10-2023 23:00
1013,442,18f797c7f4e5f911f82a3d0740bdfe2ee44513cd6cafb0ac425ce961,SP reward for iUSD,08 October 2023,145090,10-01-2024 21:45,12-10-2023 23:00
1014,442,d054a3e88aa7d909469f67c6bbaeab11aa87316f08c1eed2b6c2aed3,SP reward for iUSD,08 October 2023,520048,10-01-2024 21:45,12-10-2023 23:00
1015,442,982897eebb4516bb2e68c969145ed6b60afd9581c5395fd8d5f41671,SP reward for iUSD,08 October 2023,822319,10-01-2024 21:45,12-10-2023 23:00
1016,442,d84e831d588461cb5ee6885956aeebf1e280a9830bbe4a166a8f3ece,SP reward for iUSD,08 October 2023,776899,10-01-2024 21:45,12-10-2023 23:00
1017,442,a90c9789e1cc4e2b2b3f0623af62cf6c143918214776980f29b12d12,SP reward for iUSD,08 October 2023,117254,10-01-2024 21:45,12-10-2023 23:00
1018,442,697ed4b4d37e6505d79692e149459fdae0ccd24d11201f9034b6c006,SP reward for iUSD,08 October 2023,10413,10-01-2024 21:45,12-10-2023 23:00
1019,442,5f14eece267f4274f229339fbe54f9f6c207f3e565d81f17360f7314,SP reward for iUSD,08 October 2023,1408826,10-01-2024 21:45,12-10-2023 23:00
1020,442,50b834c5a9617a6a7d88fc1087764dc7df7d8929a68412245e3ddef9,SP reward for iUSD,08 October 2023,126251,10-01-2024 21:45,12-10-2023 23:00
1021,442,4bc42a51d5b86d192f74c6f89fff93b8b4bd983b5afa88f1f30fc307,SP reward for iUSD,08 October 2023,1863476,10-01-2024 21:45,12-10-2023 23:00
1022,442,a10a23ec8c8bc86c8b39bb8d034a7ea407acf952bab967bbd8797d7f,SP reward for iUSD,08 October 2023,75655,10-01-2024 21:45,12-10-2023 23:00
1023,442,b9979b3a9ceee50179595a54a5e1224aee35f9d541d2bb807636c085,SP reward for iUSD,08 October 2023,117065,10-01-2024 21:45,12-10-2023 23:00
1024,442,dc463d66e78fedc35745fc23dd9073df8049027d973305017e40c328,SP reward for iUSD,08 October 2023,38368,10-01-2024 21:45,12-10-2023 23:00
1025,442,1c348c0ee2a2c36691e877a0058da0def13243399ab568db8db5825c,SP reward for iUSD,08 October 2023,36889,10-01-2024 21:45,12-10-2023 23:00
1026,442,ce736383a9b512a93405b76edf6c6dacdcbe28d75891ac1de0aa339e,SP reward for iUSD,08 October 2023,2521300,10-01-2024 21:45,12-10-2023 23:00
1027,442,fbffa3ca1aa8b1911628181e1757f2976c4981da8ce4a1cd62cde4f0,SP reward for iUSD,08 October 2023,142884,10-01-2024 21:45,12-10-2023 23:00
1028,442,775ef1ace4264239a1f7713dfcf2509b35664a69ff58631d9ca7b43d,SP reward for iUSD,08 October 2023,124357,10-01-2024 21:45,12-10-2023 23:00
1029,442,0cb386bce313c0fb289c915ac51a6b364064c49a910efe10b25f1131,SP reward for iUSD,08 October 2023,9880,10-01-2024 21:45,12-10-2023 23:00
1030,442,d9c8b98111cec63a1f7e9f91c94c8fb21ead1f9057aee130e360af4c,SP reward for iUSD,08 October 2023,701803,10-01-2024 21:45,12-10-2023 23:00
1031,442,f28382adfa047a0f4258f6ebe2dc27f1b31852ad0afa692e553d75e0,SP reward for iUSD,08 October 2023,103919,10-01-2024 21:45,12-10-2023 23:00
1032,442,85dccd823a8eda33c9f680bb5dd7c09479fae10c95732a968f39ddad,SP reward for iUSD,08 October 2023,215311,10-01-2024 21:45,12-10-2023 23:00
1033,442,2e4fa47bb79e7a949afe7120907ed104d82118f209433130746e7c87,SP reward for iUSD,08 October 2023,717874,10-01-2024 21:45,12-10-2023 23:00
1034,442,694a11f7561643073c68202510f71c96127f1dfae84eeeeee2ae7a97,SP reward for iUSD,08 October 2023,263249,10-01-2024 21:45,12-10-2023 23:00
1035,442,0cc8211b4e1b8ad56ffa00ba5b8a54b14c58f48d692bb0957c1364d1,SP reward for iUSD,08 October 2023,38548,10-01-2024 21:45,12-10-2023 23:00
1036,442,edb0c1b08e873184c25ab99e045c1331c2a8009d5d6abafef20429d7,SP reward for iUSD,08 October 2023,1121352,10-01-2024 21:45,12-10-2023 23:00
1037,442,058a5ab0c66647dcce82d7244f80bfea41ba76c7c9ccaf86a41b00fe,SP reward for iUSD,08 October 2023,392123,10-01-2024 21:45,12-10-2023 23:00
1038,442,268b50ad94f59bf74b844db64a206111490bce164673364de01ade99,SP reward for iUSD,08 October 2023,32241,10-01-2024 21:45,12-10-2023 23:00
1039,442,c835248f41cb65303bec60d767f0299ea458a19c8c04beb125513487,SP reward for iUSD,08 October 2023,403167,10-01-2024 21:45,12-10-2023 23:00
1040,442,ab0a64f658b137b30ef606a422077d26ffa7cb161c883140ea9a1222,SP reward for iUSD,08 October 2023,92784,10-01-2024 21:45,12-10-2023 23:00
1041,442,cb7e89fcaadfed571c5ed0b22579cce20b89e0407cfc051d8d97fc89,SP reward for iUSD,08 October 2023,5544953,10-01-2024 21:45,12-10-2023 23:00
1042,442,0be100b577b01fb14cd3163192a4b4ef9862a633c140ae6f2c8bf6c2,SP reward for iUSD,08 October 2023,19807,10-01-2024 21:45,12-10-2023 23:00
1043,442,f04e3a2f427f303624958a861d18f657e307e65da73922e8d823d573,SP reward for iUSD,08 October 2023,134366,10-01-2024 21:45,12-10-2023 23:00
1044,442,140d18779ffbab27272c7a23388f7c11ab68643663b3403c81dba558,SP reward for iUSD,08 October 2023,37242,10-01-2024 21:45,12-10-2023 23:00
1045,442,5d0278f262cee5584be34cb2ae2396dd2ce4f77be03268e418460e39,SP reward for iUSD,08 October 2023,436133,10-01-2024 21:45,12-10-2023 23:00
1046,442,d901310b443168e1fc2d91faeb7f64e19312a8f9ffa2280ad775c1fe,SP reward for iUSD,08 October 2023,1801010,10-01-2024 21:45,12-10-2023 23:00
1047,442,c6aef9c4dd86f4d87ee64da60a47365ddefcce6afe4f81ab201dcd59,SP reward for iUSD,08 October 2023,68531,10-01-2024 21:45,12-10-2023 23:00
1048,442,dede5b62baacdf9db0cc4d64e270375f1178959e709025adf86da9ac,SP reward for iUSD,08 October 2023,161329,10-01-2024 21:45,12-10-2023 23:00
1049,442,23a833160c3d6a9c09c95cae9035dacdb5be88b00fd1c34ca6399bd7,SP reward for iUSD,08 October 2023,1351829,10-01-2024 21:45,12-10-2023 23:00
1050,442,a05f633f38a2e39630741c08136382bf304be65bf5173b8de6ea8233,SP reward for iUSD,08 October 2023,98576,10-01-2024 21:45,12-10-2023 23:00
1051,442,5187bd9ddecc2fdfae36f4e67526cc8368478db4478c08bff6a708dc,SP reward for iUSD,08 October 2023,2866,10-01-2024 21:45,12-10-2023 23:00
1052,442,cb57b003edf212f5f09920822915fc2e42c6623428df6c2f9a4aadcd,SP reward for iUSD,08 October 2023,17886648,10-01-2024 21:45,12-10-2023 23:00
1053,442,464d259be57b9500cb956a40b3ac62bf2b6ec3b1d707d77a94e9df70,SP reward for iUSD,08 October 2023,672578,10-01-2024 21:45,12-10-2023 23:00
1054,442,553c24788c7e3923749226ba754c1230965e5a6881e269b89c108012,SP reward for iUSD,08 October 2023,53709,10-01-2024 21:45,12-10-2023 23:00
1055,442,fba609340b44a18a5167d83f7d91d290ee0a6402f9e91518774806fb,SP reward for iUSD,08 October 2023,24848,10-01-2024 21:45,12-10-2023 23:00
1056,442,698ceb483c24a183e0a9efbb33b25789c41494082421f4df6c75803e,SP reward for iUSD,08 October 2023,1628732,10-01-2024 21:45,12-10-2023 23:00
1057,442,c11f654d8903679a66bb77686c7c6f49d09af62f797185f8c7c0e49f,SP reward for iUSD,08 October 2023,431336,10-01-2024 21:45,12-10-2023 23:00
1058,442,282d71e3b5d2f953fda5e9e1060d58339fd99d5addcdad9c83b70e6a,SP reward for iUSD,08 October 2023,396114,10-01-2024 21:45,12-10-2023 23:00
1059,442,e334c9ac9cc8a7f379b6bbd5228bcc12af9b3677a88608f176f592cd,SP reward for iUSD,08 October 2023,326979,10-01-2024 21:45,12-10-2023 23:00
1060,442,d8873d99d8bac628cb99a6bfc97e0c7c1553286d4a62aedde875354b,SP reward for iUSD,08 October 2023,709325,10-01-2024 21:45,12-10-2023 23:00
1061,442,23a4132fbbc480b22e541ce9d36fb2dcf3e97d334f5f1f9cdda8579f,SP reward for iUSD,08 October 2023,5012,10-01-2024 21:45,12-10-2023 23:00
1062,442,94383c0e1505b2041179e4c62e9de5178cd95e9c4884a5a369e4bfdd,SP reward for iUSD,08 October 2023,6022403,10-01-2024 21:45,12-10-2023 23:00
1063,442,9f32afb76121b1f7b8f95eeb67e2e8c13346bd110e2f99ee02647139,SP reward for iUSD,08 October 2023,172411,10-01-2024 21:45,12-10-2023 23:00
1064,442,8fbf2dba947a3e4bcc194190c1bd62b068c0421e7e322c5f63a913f6,SP reward for iUSD,08 October 2023,32319,10-01-2024 21:45,12-10-2023 23:00
1065,442,d74a6efc13c28b96e80fa23036353ec62897443d0ee58a7cae63cb0b,SP reward for iUSD,08 October 2023,208419,10-01-2024 21:45,12-10-2023 23:00
1066,442,d82937c09e5b5a6194fe4f369106beb8d9013941e0546bfe3d674d8d,SP reward for iUSD,08 October 2023,142577,10-01-2024 21:45,12-10-2023 23:00
1067,442,e388024f70a31b9841cda41c8ae43867bce9bae07d348f222edc6081,SP reward for iUSD,08 October 2023,1319052,10-01-2024 21:45,12-10-2023 23:00
1068,442,d20a972f5bddebc47975b4d78f5a5ea7113b8311a84623fe58891b45,SP reward for iUSD,08 October 2023,28645,10-01-2024 21:45,12-10-2023 23:00
1069,442,9ef82b39ec0521ee2054f18b3811007af895c6a3248eb9bf458ebedd,SP reward for iUSD,08 October 2023,1182022,10-01-2024 21:45,12-10-2023 23:00
1070,442,c7433f16ccc68259a53af788ab3d7178af7b97152636957fb2c62dc1,SP reward for iUSD,08 October 2023,269254,10-01-2024 21:45,12-10-2023 23:00
1071,442,dff8318caad3ee7fd9dac41d3f99acbc861fdff4cc0cd8f915416054,SP reward for iUSD,08 October 2023,38013,10-01-2024 21:45,12-10-2023 23:00
1072,442,84a3845f1764ec4c31ea9d3a5d355b0d7ed82567fb46fc65a18685ad,SP reward for iUSD,08 October 2023,947314,10-01-2024 21:45,12-10-2023 23:00
1073,442,f5cbf0a3e518fc57aec9d6ff992e084610aedbbc53695c4d200c0c3e,SP reward for iUSD,08 October 2023,286280,10-01-2024 21:45,12-10-2023 23:00
1074,442,47893efd2d27dd035f8005af5b18cb452af194e3f61b19c57fee1c51,SP reward for iUSD,08 October 2023,5981117,10-01-2024 21:45,12-10-2023 23:00
1075,442,59e2aba1fb0abc61bee1f5f9a772d1681b69dc9b39c50831fd2fa80e,SP reward for iUSD,08 October 2023,15,10-01-2024 21:45,12-10-2023 23:00
1076,442,a98843c2533d5681e29cc5257c9cfa172b4eac792a04c4601962c0f8,SP reward for iUSD,08 October 2023,1774888,10-01-2024 21:45,12-10-2023 23:00
1077,442,57b3dadb9e3e83508002cfb84caf121224704722b831e82aeb9705a2,SP reward for iUSD,08 October 2023,55280,10-01-2024 21:45,12-10-2023 23:00
1078,442,079a22b7bbec3302d9294545f49453f016b7ff5d22a728431ba05ded,SP reward for iUSD,08 October 2023,5517744,10-01-2024 21:45,12-10-2023 23:00
1079,442,5704ede877045beaaf499cf2a9a7f73b1aec49880230fdbd61512f0e,SP reward for iUSD,08 October 2023,470,10-01-2024 21:45,12-10-2023 23:00
1080,442,2650b27630522d003c9542d54127d356f73714d289f491e8daff64f4,SP reward for iUSD,08 October 2023,324327,10-01-2024 21:45,12-10-2023 23:00
1081,442,74abc195569ef29da8d1cf2842d2a34b8e0f7a8b23722ba46606e998,SP reward for iUSD,08 October 2023,1529027,10-01-2024 21:45,12-10-2023 23:00
1082,442,8f72847f16ec95a2ea2a9c6a914ac2d2e45524e7f7665e17c664c32c,SP reward for iUSD,08 October 2023,20262408,10-01-2024 21:45,12-10-2023 23:00
1083,442,09cf80f8ab5cd027f911c64df907e63006e22a1f56f20ba093fe317c,SP reward for iUSD,08 October 2023,2341558,10-01-2024 21:45,12-10-2023 23:00
1084,442,88a1b78ff061c18bf631fed05ffd64139ec46bcfabdb8fd79c99f646,SP reward for iUSD,08 October 2023,8749661,10-01-2024 21:45,12-10-2023 23:00
1085,442,c1cd747fe18cf8260a8115694c82c458f6facfafd5a382447a2a3e03,SP reward for iUSD,08 October 2023,311938,10-01-2024 21:45,12-10-2023 23:00
1086,442,e435792ece3754f9a940629ec319e62c108f06fedc90da30504b776f,SP reward for iUSD,08 October 2023,578811,10-01-2024 21:45,12-10-2023 23:00
1087,442,1227be2193b0f03f9ced11395f01fec9baab09491e545787377e5787,SP reward for iUSD,08 October 2023,1752049,10-01-2024 21:45,12-10-2023 23:00
1088,442,d00c92d92560223d54d47e2332b1937f37e48f8faf44d2735e119b40,SP reward for iUSD,08 October 2023,208390,10-01-2024 21:45,12-10-2023 23:00
1089,442,36f8e2d7f56a884613705fdc41d538014cccd5b812e2628a5ddb0dd7,SP reward for iUSD,08 October 2023,576055,10-01-2024 21:45,12-10-2023 23:00
1090,442,d45412bd659b743dc194f012b7d5fb89e23cb3752460ce286879e9c8,SP reward for iUSD,08 October 2023,589052,10-01-2024 21:45,12-10-2023 23:00
1091,442,7423ab90ed86ee42a4e78d597414b265ae53e202ce56a3b1dfabbef1,SP reward for iUSD,08 October 2023,2581756,10-01-2024 21:45,12-10-2023 23:00
1092,442,2a186360f52023fb2e72d8f9db51d37c9cb73f2a0c9baa970d96b9da,SP reward for iUSD,08 October 2023,4659,10-01-2024 21:45,12-10-2023 23:00
1093,442,155786e476bb13cc43fa713f6f0ce67fd9978b8937adbea7fb9b897e,SP reward for iUSD,08 October 2023,0,10-01-2024 21:45,12-10-2023 23:00
1094,442,b56fdbb66dec9c967d89b574589a540521feb3e33cf3153e02d443e8,SP reward for iUSD,08 October 2023,40920,10-01-2024 21:45,12-10-2023 23:00
1095,442,cb54cfadf73e05aff09561a2fb16e0799fbe9f03b0c4d83b61fa9b4f,SP reward for iUSD,08 October 2023,2021091,10-01-2024 21:45,12-10-2023 23:00
1096,442,cc49c427436479201845dee1a19f6148e015b178c5cace194f9628ef,SP reward for iUSD,08 October 2023,138732,10-01-2024 21:45,12-10-2023 23:00
1097,442,87f24e4fc4a1328618c93c8f4453858062ef19fad9a0da6a58897c3c,SP reward for iUSD,08 October 2023,260297,10-01-2024 21:45,12-10-2023 23:00
1098,442,c8af7ec346eb1242adaeebd3ad327b140d37d084dc75a3e026ce4b39,SP reward for iUSD,08 October 2023,139491,10-01-2024 21:45,12-10-2023 23:00
1099,442,d13077d5b036f1895fba9b1ecd9c5fae30d8cd30022c6481c175eed0,SP reward for iUSD,08 October 2023,2953713,10-01-2024 21:45,12-10-2023 23:00
1100,442,c2174735c17d772c59d5d19d925f29092b36344e24964b3d115637b7,SP reward for iUSD,08 October 2023,113674,10-01-2024 21:45,12-10-2023 23:00
1101,442,8ae7c1900973787d73c17eb1ee974babede3d21b69489f0413815b9b,SP reward for iUSD,08 October 2023,28804,10-01-2024 21:45,12-10-2023 23:00
1102,442,468bf236bca2f9c4d29465ab0a56335e99ad2e92e5765605f59ac7e0,SP reward for iUSD,08 October 2023,431393,10-01-2024 21:45,12-10-2023 23:00
1103,442,fac447a7a795f2b08ce132a2daa6b394adbe5a6b5a378b705c20dd86,SP reward for iUSD,08 October 2023,8233,10-01-2024 21:45,12-10-2023 23:00
1104,442,a39922fbb194ad7cbb312e63adc84aec33bd4e385ff14dfda64e9eb5,SP reward for iUSD,08 October 2023,1518096,10-01-2024 21:45,12-10-2023 23:00
1105,442,c3fa4890e46c7b8ea2fe782727a74534b4340aced4e80ced7b0b5089,SP reward for iUSD,08 October 2023,125231,10-01-2024 21:45,12-10-2023 23:00
1106,442,6584bcf113af500d0a3da31cf71613891b5ec591bf920e03518cd20a,SP reward for iUSD,08 October 2023,1609512,10-01-2024 21:45,12-10-2023 23:00
1107,442,338f6ad73e0886541751486f71ceb084279c1ef0babe1ca9a2d58687,SP reward for iUSD,08 October 2023,3165399,10-01-2024 21:45,12-10-2023 23:00
1108,442,337cc0ebe91c677d32b45378aa718afb46e731d20dedca7e71fab356,SP reward for iUSD,08 October 2023,613726,10-01-2024 21:45,12-10-2023 23:00
1109,442,6e905d1b63238bc14a154abf1caf7d960df681fe54b912080253f388,SP reward for iUSD,08 October 2023,230806,10-01-2024 21:45,12-10-2023 23:00
1110,442,a74340a486e8463d7574049adacae6920b126c6776c41ff1fb0ed2ce,SP reward for iUSD,08 October 2023,41845,10-01-2024 21:45,12-10-2023 23:00
1111,442,da206c89b87c2a2e2d5230fa43b194e02a947da30dbf996d01e28a50,SP reward for iUSD,08 October 2023,61203,10-01-2024 21:45,12-10-2023 23:00
1112,442,991cdf984dad30fa2dcd54085e6d4b8689be3edbad0b8d4186c69e7f,SP reward for iUSD,08 October 2023,415281,10-01-2024 21:45,12-10-2023 23:00
1113,442,6cfbc28fa54b2920b6cad9531f7071724ecaf253e52c0c7686613e98,SP reward for iUSD,08 October 2023,65390,10-01-2024 21:45,12-10-2023 23:00
1114,442,c19c3361c08376eaf1baaf5c4663dd51eea289a28b4e864a4bdfdd78,SP reward for iUSD,08 October 2023,60265255,10-01-2024 21:45,12-10-2023 23:00
1115,442,02b80d9935da7f00d97323735ff2641d938b14f3ecd24b01a990afe5,SP reward for iUSD,08 October 2023,359773,10-01-2024 21:45,12-10-2023 23:00
1116,442,5cdd7f4959486306226ebcf1e43d45d7bfe2c4acd7ebafaf2c647248,SP reward for iUSD,08 October 2023,875508,10-01-2024 21:45,12-10-2023 23:00
1117,442,161478c8f8376606bcc5ae29a3d3c4efe4a06ae5009285f447daa51f,SP reward for iUSD,08 October 2023,567888,10-01-2024 21:45,12-10-2023 23:00
1118,442,fd79020d34bdd47dbdfbc9bd9b330d43a0ab87be0e6f96a7328591d0,SP reward for iUSD,08 October 2023,1038685,10-01-2024 21:45,12-10-2023 23:00
1119,442,fba8d8b4540834cf4a429dd21d96df1b9aa9232c87cb7c22e5a91ec4,SP reward for iUSD,08 October 2023,1501656,10-01-2024 21:45,12-10-2023 23:00
1120,442,ba9cdccfb43c0bb8236d5819a7086f1093d0c0a4d6b631ea5eed67bc,SP reward for iUSD,08 October 2023,2189861,10-01-2024 21:45,12-10-2023 23:00
1121,442,fcc20a843a102f03b5a67e2d9567fc74c70c2c2c294b85fa83086611,SP reward for iUSD,08 October 2023,63472794,10-01-2024 21:45,12-10-2023 23:00
1122,442,a4ae6b7d6fde02966811a441c04d72af1ad8a1bafd8684192c5c99f7,SP reward for iUSD,08 October 2023,98283,10-01-2024 21:45,12-10-2023 23:00
1123,442,d293f90ea2fd8c346edc313e42d1d8e3e739282dca078926377f6e1d,SP reward for iUSD,08 October 2023,1070258,10-01-2024 21:45,12-10-2023 23:00
1124,442,7b265e114f73e3211208c90e4ad81cc9c33949b1b14cf64f7bb83b90,SP reward for iUSD,08 October 2023,4657228,10-01-2024 21:45,12-10-2023 23:00
1125,442,3ad5dd18668f5b377db54b25779327cc864e6dfc639209a302c79c9a,SP reward for iUSD,08 October 2023,205470,10-01-2024 21:45,12-10-2023 23:00
1126,442,0b6d4094acb71999783c5f632377b48f9df9fc9e2d90e0fda2fdbdec,SP reward for iUSD,08 October 2023,756846,10-01-2024 21:45,12-10-2023 23:00
1127,442,e0ea68c3e09114bb8b746e67a3e44b5e4c0cdce33c07391dc1f61be2,SP reward for iUSD,08 October 2023,3172224,10-01-2024 21:45,12-10-2023 23:00
1128,442,f7315c71937b8ee2b38ba0cabbb3d24b34186c415cb1a75e1f383666,SP reward for iUSD,08 October 2023,19203,10-01-2024 21:45,12-10-2023 23:00
1129,442,9f95cb7929fd219396797e5ed4c48b69cd18f58370858927236619cf,SP reward for iUSD,08 October 2023,954646,10-01-2024 21:45,12-10-2023 23:00
1130,442,10b776dcc1840a0606e0cad33d6641d643d7e13ace69c9646edf99dd,SP reward for iUSD,08 October 2023,3614396,10-01-2024 21:45,12-10-2023 23:00
1131,442,98c9ede2d55f7f080a56fae1fdaf13fba514696d0ca759c8994b7967,SP reward for iUSD,08 October 2023,1663776,10-01-2024 21:45,12-10-2023 23:00
1132,442,3d4d56f02ddccf47cbebceccd1d5fdf9e2f8020e8fd929e08318922b,SP reward for iUSD,08 October 2023,10606592,10-01-2024 21:45,12-10-2023 23:00
1133,442,fa9c7e0beaad372083bafd39c7cef554824a1e9eb21556676864ab7e,SP reward for iUSD,08 October 2023,10948949,10-01-2024 21:45,12-10-2023 23:00
1134,442,b895c57b4e6630d050de5e09138efc20f7e640d2bc8ffe1c0d14cfba,SP reward for iUSD,08 October 2023,1756958,10-01-2024 21:45,12-10-2023 23:00
1135,442,064bdec62473f25d5eb0cb4e051a3bfb6fd889f02e86c496539846b0,SP reward for iUSD,08 October 2023,47806,10-01-2024 21:45,12-10-2023 23:00
1136,442,35fc0d9a0b03f48768465620b16a3d5902a30dab99d4a7d2c08add5c,SP reward for iUSD,08 October 2023,3996610,10-01-2024 21:45,12-10-2023 23:00
1137,442,c5854b3494829859718d554f59b8fdef5ccec8fdccc9751344e24b3e,SP reward for iUSD,08 October 2023,6515,10-01-2024 21:45,12-10-2023 23:00
1138,442,6ab1e8f492b0ade359dcc23754a37711b11e09f3c300db387a7df62a,SP reward for iUSD,08 October 2023,915575,10-01-2024 21:45,12-10-2023 23:00
1139,442,d6e3d66efb7fa4952880722480e66467a350a17d78a96cdadf979d53,SP reward for iUSD,08 October 2023,1650614,10-01-2024 21:45,12-10-2023 23:00
1140,442,2b895e4b71b00c1b791f9f19402cd8a08898720bf4e990cc4eef77b9,SP reward for iUSD,08 October 2023,79526,10-01-2024 21:45,12-10-2023 23:00
1141,442,2a2acc24ba402b8086208c7018a49ae417d95461d2979b9d994f9035,SP reward for iUSD,08 October 2023,2759648,10-01-2024 21:45,12-10-2023 23:00
1142,442,0cc3fd8d76cf6637dd2bcf040015bb20a7845bee40ac164df50254b6,SP reward for iUSD,08 October 2023,3979826,10-01-2024 21:45,12-10-2023 23:00
1143,442,e6eea7abac12ee5189c640fc562f48ea59a2f121c8403ca97e34cb69,SP reward for iUSD,08 October 2023,52601,10-01-2024 21:45,12-10-2023 23:00
1144,442,df9ea106bd220f6e95c0d6f5a718f8815bafdb5e0421399feff70205,SP reward for iUSD,08 October 2023,148233,10-01-2024 21:45,12-10-2023 23:00
1145,442,9730f04ab71ff759ededcbc4f7b4c8b2353af6885f2741194c98ed61,SP reward for iUSD,08 October 2023,177083,10-01-2024 21:45,12-10-2023 23:00
1146,442,a181fb98e93e123144d85fee0993bd560ed91d82ccb4b9681bdecc95,SP reward for iUSD,08 October 2023,534279,10-01-2024 21:45,12-10-2023 23:00
1147,442,3faabb3508ee0fb5a909dd6e5b73d101c7e0d69fe91f75593c8033e0,SP reward for iUSD,08 October 2023,313450,10-01-2024 21:45,12-10-2023 23:00
1148,442,946c74a18ccd97a6cdb64318cb3374ab72e83c616d30d604e1cb8d20,SP reward for iUSD,08 October 2023,58516873,10-01-2024 21:45,12-10-2023 23:00
1149,442,149c6cbb53238fec80d8e323309c8d81a1ee81ff15cf45af7a16516b,SP reward for iUSD,08 October 2023,0,10-01-2024 21:45,12-10-2023 23:00
1150,442,6c543f866d7e82c724ab7bf7b8ca2568f3a72061fef7a192e8f34616,SP reward for iUSD,08 October 2023,3987436,10-01-2024 21:45,12-10-2023 23:00
1151,442,979f9f2d799f4b0fdc0c6503d435fd4d79d21411095c222a2226d19c,SP reward for iUSD,08 October 2023,3121364,10-01-2024 21:45,12-10-2023 23:00
1152,442,01da9d4fea55755b1bd3017417aeae4b69e15fda2bbdb49d739351ff,SP reward for iUSD,08 October 2023,8303,10-01-2024 21:45,12-10-2023 23:00
1153,442,8aa76b18d1a22584264b2e660df4cca898199cc0cdbb41af9f12fd0f,SP reward for iUSD,08 October 2023,1254472,10-01-2024 21:45,12-10-2023 23:00
1154,442,f1fd5fd7154759c785737edd86ea83fcedaa305ca780e20d69cf294a,SP reward for iUSD,08 October 2023,1456665,10-01-2024 21:45,12-10-2023 23:00
1155,442,8732d6ae48c07b2694e9918fcdfff84e0995b165d4615c32fc76a978,SP reward for iUSD,08 October 2023,1775023,10-01-2024 21:45,12-10-2023 23:00
1156,442,00d5a046be21b4c6c5c6c90c6f831f2b6413cf7c22bd0e0affddf169,SP reward for iUSD,08 October 2023,381626,10-01-2024 21:45,12-10-2023 23:00
1157,442,66245022306cc7bc7c408845ef8eff4b6f3e43b47de7941c95889e62,SP reward for iUSD,08 October 2023,1594056,10-01-2024 21:45,12-10-2023 23:00
1158,442,fb3ff81c860fdb7fe4ac1c77e05c94d7a2a68b070e6ed6c32139287d,SP reward for iUSD,08 October 2023,193333,10-01-2024 21:45,12-10-2023 23:00
1159,442,e09afca138bcdc4bf4da58eb17b98db2572818ba7ac17328f9db9118,SP reward for iUSD,08 October 2023,9915599,10-01-2024 21:45,12-10-2023 23:00
1160,442,e135f30c9c5c572d9dfa6bdc3d20f58403d163e6fb11aeae583a78f0,SP reward for iUSD,08 October 2023,31572,10-01-2024 21:45,12-10-2023 23:00
1161,442,a79e3310327ff57aec9921c729d9a81389fe10aaa398fda3e5ae0fb3,SP reward for iUSD,08 October 2023,910515,10-01-2024 21:45,12-10-2023 23:00
1162,442,2795b7b51bdf9be9e61f92f50bf27bf425f80dcb1044d6bc240c1ed0,SP reward for iUSD,08 October 2023,343894,10-01-2024 21:45,12-10-2023 23:00
1163,442,b85dff549239e4a2cb2ee05686b291f7e251c661364e610fd913475e,SP reward for iUSD,08 October 2023,203202,10-01-2024 21:45,12-10-2023 23:00
1164,442,b7f7ae08769181fd6287c83f74fe18cce31b5bad2e39eeb4ae982f68,SP reward for iUSD,08 October 2023,1908349,10-01-2024 21:45,12-10-2023 23:00
1165,442,072569588caa5cdfcfc07a1bc6e8731d835f6a6f5c077d1d6dee0756,SP reward for iUSD,08 October 2023,425506,10-01-2024 21:45,12-10-2023 23:00
1166,442,690b0a92962d8e5940212f11e4e414db2a6a773f06923adaa063bf7a,SP reward for iUSD,08 October 2023,36021653,10-01-2024 21:45,12-10-2023 23:00
1167,442,04b2d0d78cb7211ad2f3f155d56973076eb41dbe51040db046525ecf,SP reward for iUSD,08 October 2023,18719896,10-01-2024 21:45,12-10-2023 23:00
1168,442,5f75978f9c34609c4720a15d2cb51b1384ef0711a8e4afa7de0d060a,SP reward for iUSD,08 October 2023,488807,10-01-2024 21:45,12-10-2023 23:00
1169,442,8d936446136ef1c56b2be4d5a4f98e6fa1012788406a466f9b713fd0,SP reward for iUSD,08 October 2023,1859201,10-01-2024 21:45,12-10-2023 23:00
1170,442,51ba77a69f4bd280866f41ca99f33f4d0d82db2d7bd7d854b915fc06,SP reward for iUSD,08 October 2023,545060,10-01-2024 21:45,12-10-2023 23:00
1171,442,f5fc2163bd928f1bd4be6463323d1341eb5709ad2fc7780f3a0110bf,SP reward for iUSD,08 October 2023,3716673,10-01-2024 21:45,12-10-2023 23:00
1172,442,930a5a40fb419b4ca1a3d0a2f8cba25c0baeb5949e794034a7fbd1b4,SP reward for iUSD,08 October 2023,107404,10-01-2024 21:45,12-10-2023 23:00
1173,442,ca79ad389e53d6d78f64b08613237df256252d328a6adf8cd3fddaad,SP reward for iUSD,08 October 2023,1277963,10-01-2024 21:45,12-10-2023 23:00
1174,442,426dc9a8ffd26f37ef26cc1e2619df3223ecc9718d8d57801efc5ddc,SP reward for iUSD,08 October 2023,40613,10-01-2024 21:45,12-10-2023 23:00
1175,442,dddc26bc5c16b1fdccc13e72abfc5bbab373d7ceb98132fe51b39e33,SP reward for iUSD,08 October 2023,7747457,10-01-2024 21:45,12-10-2023 23:00
1176,442,9e424dfa5b06d4e6acfe6749af8d6a19bab26f56b09b4c321661e890,SP reward for iUSD,08 October 2023,128898,10-01-2024 21:45,12-10-2023 23:00
1177,442,e30a204b11986043cac4fca3022600e309ad1bd06963affb22fcf3a5,SP reward for iUSD,08 October 2023,4135222,10-01-2024 21:45,12-10-2023 23:00
1178,442,a13cf52d79177a8df19463e96c2d0629cb8affd4c658c60f7c618597,SP reward for iUSD,08 October 2023,9890379,10-01-2024 21:45,12-10-2023 23:00
1179,442,8c861a9b2a144a55f0c8ca8314bc57c3a580324b51fdc6ff2dd4a9d6,SP reward for iUSD,08 October 2023,3318400,10-01-2024 21:45,12-10-2023 23:00
1180,442,0696bd335a574f62f105d7e9eee0f7a2c84c21b9779fa4885654d8e2,SP reward for iUSD,08 October 2023,124483,10-01-2024 21:45,12-10-2023 23:00
1181,442,771cfa350bd4fdc1e17319971cc30b1f224eb81d8afd8ab7866deeb6,SP reward for iUSD,08 October 2023,4127365,10-01-2024 21:45,12-10-2023 23:00
1182,442,d683ff7b8b7ec25d210d61d015c0aa66c0befccaa031851d067af87b,SP reward for iUSD,08 October 2023,226903,10-01-2024 21:45,12-10-2023 23:00
1183,442,a8fe5934b7f4cb3a24db0ae235b002f777c72614d127bb3649809961,SP reward for iUSD,08 October 2023,47758,10-01-2024 21:45,12-10-2023 23:00
1184,442,c1199d9f8fec89635975b43432249e58999e9e1d85e8cff60ad5b329,SP reward for iUSD,08 October 2023,491733,10-01-2024 21:45,12-10-2023 23:00
1185,442,3b51d0cc84f801364b28475d2d494f4f3fb23fe7ab720ebb6bb75437,SP reward for iUSD,08 October 2023,95620,10-01-2024 21:45,12-10-2023 23:00
1186,442,548fece8d2f6e55efda4a70452343bc1f92cac3c1cf8ef250535c048,SP reward for iUSD,08 October 2023,1118685,10-01-2024 21:45,12-10-2023 23:00
1187,442,972bbf37a804f90fae9fee48576beb8611cf3da5cf4834df0cf7160c,SP reward for iUSD,08 October 2023,25955,10-01-2024 21:45,12-10-2023 23:00
1188,442,e2db0579454041b6d16ddc4745cf7f3ad3e0535ee838258f7af685f3,SP reward for iUSD,08 October 2023,123762,10-01-2024 21:45,12-10-2023 23:00
1189,442,0f87c9e4a0a8103f4c6ada1bffe2b608dbcfed9f22ead6d6541ea7f7,SP reward for iUSD,08 October 2023,14639,10-01-2024 21:45,12-10-2023 23:00
1190,442,520656bf9131c244f7925816da91de7e7b8f96b868d358641128120b,SP reward for iUSD,08 October 2023,488879,10-01-2024 21:45,12-10-2023 23:00
1191,442,4161da6570a522b9de574b45ae1ade7338a5dd8e69a40138fa57ac67,SP reward for iUSD,08 October 2023,1772554,10-01-2024 21:45,12-10-2023 23:00
1192,442,3e253558970a2b5956a66d2b5d7ef2a57edb8aaefe9c3ed9f96a4019,SP reward for iUSD,08 October 2023,1390064,10-01-2024 21:45,12-10-2023 23:00
1193,442,c59dfaaf43c38d28e4bf38064a298f6adff6f0ac28a81ca2ba81efd4,SP reward for iUSD,08 October 2023,42301,10-01-2024 21:45,12-10-2023 23:00
1194,442,058f356380a71f1d3d1e14c7f1abba5f716847dfe200f36c3a5aa949,SP reward for iUSD,08 October 2023,824176,10-01-2024 21:45,12-10-2023 23:00
1195,442,d1660b25e17cb23c44f9161fd71df2a4e847f5b1e0b23a4bae71423a,SP reward for iUSD,08 October 2023,131520971,10-01-2024 21:45,12-10-2023 23:00
1196,442,ebb3c77c9d613815a380172a1ccc3f14b656b3a637c068209100501e,SP reward for iUSD,08 October 2023,326796,10-01-2024 21:45,12-10-2023 23:00
1197,442,1be221caa2e043e3f2ac88126788bbab75a92f69f96c4ebd85e5d3da,SP reward for iUSD,08 October 2023,3630690,10-01-2024 21:45,12-10-2023 23:00
1198,442,597619e9233ddb715df243a0d183d89891f3204dcac08dcd692732ef,SP reward for iUSD,08 October 2023,1119905,10-01-2024 21:45,12-10-2023 23:00
1199,442,a0ff3365ef9cd002c84b6d003102a2c1004a3cc675b81d72e1afbf9d,SP reward for iUSD,08 October 2023,824180,10-01-2024 21:45,12-10-2023 23:00
1200,442,d5ffa4e09c6eaa4c882e10d3cc94b6c604e5982bf3715d40d4ec5351,SP reward for iUSD,08 October 2023,105256,10-01-2024 21:45,12-10-2023 23:00
1201,442,9442130f8971114afb57ca22fc0c8bbf9cdd009faba8c714a571d88a,SP reward for iUSD,08 October 2023,61950,10-01-2024 21:45,12-10-2023 23:00
1202,442,e0a01d855bcf78a32e506af2e884320d922b7e884afa2356776dada9,SP reward for iUSD,08 October 2023,1423974,10-01-2024 21:45,12-10-2023 23:00
1203,442,759b2ad795fb741546cb47086bf90dcbfc4e8144e62a824c815c1ffb,SP reward for iUSD,08 October 2023,1333026,10-01-2024 21:45,12-10-2023 23:00
1204,442,c05d3ab97abdcac7e81855b92b59afe40f18b059e9d8cceedc5ef511,SP reward for iUSD,08 October 2023,118691,10-01-2024 21:45,12-10-2023 23:00
1205,442,7ff4364ce33d555ba76e0f7fe601a9a8d5a4c33aadf2caa3c1277225,SP reward for iUSD,08 October 2023,35838,10-01-2024 21:45,12-10-2023 23:00
1206,442,6537c4f74f158a9511a2540c52d32fc302f74acb820acb7e938138dd,SP reward for iUSD,08 October 2023,72940,10-01-2024 21:45,12-10-2023 23:00
1207,442,15606a30af237ef3bfca6b3b7f22d22fe320630f02c84787d533896d,SP reward for iUSD,08 October 2023,1349566,10-01-2024 21:45,12-10-2023 23:00
1208,442,5b06d393e8dfcfc2b19ca8ecc91c242dd437ed72d917391264183f36,SP reward for iUSD,08 October 2023,228753,10-01-2024 21:45,12-10-2023 23:00
1209,442,0aaca0ecc770cb15636d6835e7d1800a38b28741c2eb0e51cddac52f,SP reward for iUSD,08 October 2023,514244,10-01-2024 21:45,12-10-2023 23:00
1210,442,867d0bbc161fa9b4c7fb242b55ac34e39a4c5cb3945ecee645ad2061,SP reward for iUSD,08 October 2023,823906,10-01-2024 21:45,12-10-2023 23:00
1211,442,38912a457ed1811244cdbc1c358671491a7b2844953774a86fa765dc,SP reward for iUSD,08 October 2023,584485,10-01-2024 21:45,12-10-2023 23:00
1212,442,ce654cc45f56f912cea1031b56bf9fdbbd49f77c0717e017805850a5,SP reward for iUSD,08 October 2023,381581,10-01-2024 21:45,12-10-2023 23:00
1213,442,ea29ab4f2420255302bd2c56e8fe74a36f0fcc96a30cf5fad9994b4a,SP reward for iUSD,08 October 2023,6426794,10-01-2024 21:45,12-10-2023 23:00
1214,442,adf9274c6b2a09d1f352088cee4c939f9c8b95f75f761e6927bded63,SP reward for iUSD,08 October 2023,67189,10-01-2024 21:45,12-10-2023 23:00
1215,442,616ae6f4803b2d581ebd1d5cf6b74c35cd5ab3a1b9bd992a9cbee44b,SP reward for iUSD,08 October 2023,146710,10-01-2024 21:45,12-10-2023 23:00
1216,442,fc1c84e08e8e47cda82dfe5d2778002da43570516efe2517c7878226,SP reward for iUSD,08 October 2023,1264,10-01-2024 21:45,12-10-2023 23:00
1217,442,9adca998ba0dd97e2f2720c2ae640088796272ec3f41a6cdf8819fe4,SP reward for iUSD,08 October 2023,51996,10-01-2024 21:45,12-10-2023 23:00
1218,442,9d2414ab252cdd877f2b5aafa6eb7dd60cbf1bb4871ed9e184ed1078,SP reward for iUSD,08 October 2023,1427996,10-01-2024 21:45,12-10-2023 23:00
1219,442,ec189db91bbc7706bf3725f0d2ef8cef34d22b069510395f09fe78c6,SP reward for iUSD,08 October 2023,340632,10-01-2024 21:45,12-10-2023 23:00
1220,442,67b7442696af08df16dc9ca0202f8103f63c679a45df9719c7640e70,SP reward for iUSD,08 October 2023,1646262,10-01-2024 21:45,12-10-2023 23:00
1221,442,dd6b9922e6ee77ff126984d10a13695ac05b46949d0ab4751a9d0e1d,SP reward for iUSD,08 October 2023,1311991,10-01-2024 21:45,12-10-2023 23:00
1222,442,c05a3bb916f898f5a4bb6886e7eca889c8f0e337ca7d0ac8a23aadf3,SP reward for iUSD,08 October 2023,1352352,10-01-2024 21:45,12-10-2023 23:00
1223,442,8c1879394f01e671306b6e8f2d2f67383a3ce75a387ecf3c18e3d87d,SP reward for iUSD,08 October 2023,461151,10-01-2024 21:45,12-10-2023 23:00
1224,442,1d51ddeeed19f4b9ea5580dadec3f4d2b3faffaf9733c0ea48e7e51b,SP reward for iUSD,08 October 2023,41334545,10-01-2024 21:45,12-10-2023 23:00
1225,442,31161a3f479812bb1b676672d89d870a9eb53209c5ac33bec960388e,SP reward for iUSD,08 October 2023,1602055,10-01-2024 21:45,12-10-2023 23:00
1226,442,48d0e3a17973c514a8e6d4f8bb3642a6873ce9b2240ccce4ef953e09,SP reward for iUSD,08 October 2023,13969357,10-01-2024 21:45,12-10-2023 23:00
1227,442,3caee35d0a5e9a6cf25a30b78787b18bef083a4b6342b9717af1bd73,SP reward for iUSD,08 October 2023,1047,10-01-2024 21:45,12-10-2023 23:00
1228,442,5f431f57ad76f9c3feaf03809fb3ba95da61f53fda601021a73f8040,SP reward for iUSD,08 October 2023,2688776,10-01-2024 21:45,12-10-2023 23:00
1229,442,3fd2e25d97a94982155facf50aa12a8b8d12b594d4056660e4a3b86e,SP reward for iUSD,08 October 2023,555671,10-01-2024 21:45,12-10-2023 23:00
1230,442,8c52a614e258853f5194998ddc2ea49943152e67b55e2dddb08f031d,SP reward for iUSD,08 October 2023,4034764,10-01-2024 21:45,12-10-2023 23:00
1231,442,019f3d35ef1c1067784c46f9b165150919cdefda177dd301af373051,SP reward for iUSD,08 October 2023,66474,10-01-2024 21:45,12-10-2023 23:00
1232,442,df027e77e46f186b37c7dd5ef8df0aa6e03402fc383f90bcb28eec6c,SP reward for iUSD,08 October 2023,481709,10-01-2024 21:45,12-10-2023 23:00
1233,442,a37fab79f14d68ea324942d0acb658d887671d6c09f3a5c9284f2348,SP reward for iUSD,08 October 2023,446422,10-01-2024 21:45,12-10-2023 23:00
1234,442,d94f9bc0ffe11ad1005b22a6e5c2b471b29c53510aa81514fc24d95a,SP reward for iUSD,08 October 2023,28062,10-01-2024 21:45,12-10-2023 23:00
1235,442,58c7f9acba6b471706387121c33623fa2d810fe5df6b4b11b72710d6,SP reward for iUSD,08 October 2023,1132187,10-01-2024 21:45,12-10-2023 23:00
1236,442,9bd3f69b4c63d599fdad5b151e8ea20bb61a05995cba211562730ec5,SP reward for iUSD,08 October 2023,419783,10-01-2024 21:45,12-10-2023 23:00
1237,442,f772160fc113955ca1abcd75d7ad581be0665505aabdd70106d59cde,SP reward for iUSD,08 October 2023,100404,10-01-2024 21:45,12-10-2023 23:00
1238,442,9c2b04c3d361d4d72878e7c0c067ce6cdf9f29561bfab5c59728c4e2,SP reward for iUSD,08 October 2023,1557406,10-01-2024 21:45,12-10-2023 23:00
1239,442,85c66ed26b27050fbc7bebe3c85f283ea848da45f15dd05469477684,SP reward for iUSD,08 October 2023,42070,10-01-2024 21:45,12-10-2023 23:00
1240,442,07be0c021a1d4a26ad6e2761767b186961d184259a365cda60002925,SP reward for iUSD,08 October 2023,2748297,10-01-2024 21:45,12-10-2023 23:00
1241,442,c7844a7008ebbd1b2d88d0897769094aca05b7146c3e54cb92182efd,SP reward for iUSD,08 October 2023,3967726,10-01-2024 21:45,12-10-2023 23:00
1242,442,69cc71ae506283df9ddbc57cdbf9a22e090ac05fcb9ba3d1c88445b6,SP reward for iUSD,08 October 2023,153070,10-01-2024 21:45,12-10-2023 23:00
1243,442,32ccbda6329e7a4eeb9c07b53d1b65e9b2c0816c637638070e4b8e22,SP reward for iUSD,08 October 2023,21180,10-01-2024 21:45,12-10-2023 23:00
1244,442,97bf01e140f1cd68d8f3e3fa882f1f10784d33847cbdd3562934fca0,SP reward for iUSD,08 October 2023,6995324,10-01-2024 21:45,12-10-2023 23:00
1245,442,2fa90762885118cf0d7de7ae738a15b63e6faef020101de74c581ffb,SP reward for iUSD,08 October 2023,1111064,10-01-2024 21:45,12-10-2023 23:00
1246,442,ed67c1814130e1843ff71ecceb55817834bc41071a996d3c3683ff07,SP reward for iUSD,08 October 2023,127779,10-01-2024 21:45,12-10-2023 23:00
1247,442,65486825d3effecd2864af2faf9252aca837c7a765deb51ed27ce39c,SP reward for iUSD,08 October 2023,48203,10-01-2024 21:45,12-10-2023 23:00
1248,442,a485b6436c9f49a331655fa1574405c3e9bb1ead65e84b91f28fe826,SP reward for iUSD,08 October 2023,24439956,10-01-2024 21:45,12-10-2023 23:00
1249,442,134772ad86746619dd39c1bcfd82c5cbec2872f3fbbae1c289e2c7c4,SP reward for iUSD,08 October 2023,18600,10-01-2024 21:45,12-10-2023 23:00
1250,442,28e6f2f013c597fb1c39699e5bb4c81671f48d77facd478638908785,SP reward for iUSD,08 October 2023,530592,10-01-2024 21:45,12-10-2023 23:00
1251,442,1afac53a4d1a00fdc5c19991c9ab585d92ed50cb9c71ba9c61a36106,SP reward for iUSD,08 October 2023,33500,10-01-2024 21:45,12-10-2023 23:00
1252,442,3da346f70a54cbb8b92754bca59a712f0fbdee9ec98a719610fc516d,SP reward for iUSD,08 October 2023,93975,10-01-2024 21:45,12-10-2023 23:00
1253,442,15f8cfb4da9cb42c4d6e84279d1b38591c14757ffdc34c84d1bcf18d,SP reward for iUSD,08 October 2023,471438,10-01-2024 21:45,12-10-2023 23:00
1254,442,a7793000be35ab0dd64570208d714684e292588d3067948d9cab4b62,SP reward for iUSD,08 October 2023,2298678,10-01-2024 21:45,12-10-2023 23:00
1255,442,dceb6f76062e47c7f0824460a7cead1eeb4f9d450f5af0d6fb9b4b07,SP reward for iUSD,08 October 2023,392286,10-01-2024 21:45,12-10-2023 23:00
1256,442,f94f3a43cb63e533445462c97e7234f2ea625b1927446f5b9ae7687e,SP reward for iUSD,08 October 2023,2322936,10-01-2024 21:45,12-10-2023 23:00
1257,442,f523a5f3501a8277b92972279f52a33a739695801150b40b93894095,SP reward for iUSD,08 October 2023,235658,10-01-2024 21:45,12-10-2023 23:00
1258,442,e464f30caf386f8e7e5c26271a2ec64ac5fe6225d60ba008143b26f8,SP reward for iUSD,08 October 2023,214518,10-01-2024 21:45,12-10-2023 23:00
1259,442,49c2c4f76f238563c5990a35705da21a365ec249e73a1f9bac2893a7,SP reward for iUSD,08 October 2023,2061029,10-01-2024 21:45,12-10-2023 23:00
1260,442,20e6fbd5dc1f0edd267fd7d81a4ee11caa622a2d9f0bf88f98bdec4f,SP reward for iUSD,08 October 2023,5252302,10-01-2024 21:45,12-10-2023 23:00
1261,442,566ee768618e6939c13d38bd4a6b23e2693713d7b7c32ee6f5ec327e,SP reward for iUSD,08 October 2023,264399,10-01-2024 21:45,12-10-2023 23:00
1262,442,463a5cf576b278f5b6ab89f7c531d77640d68b6984c5243b76eeafc7,SP reward for iUSD,08 October 2023,44046047,10-01-2024 21:45,12-10-2023 23:00
1263,442,1d78675c4c641307a6ee67c1632f84df8df0a86997fd07f1c2722d5b,SP reward for iUSD,08 October 2023,24726786,10-01-2024 21:45,12-10-2023 23:00
1264,442,31eec5d71937555a28119e20dadcbe20b67b367b2f31f21957466444,SP reward for iUSD,08 October 2023,2028681,10-01-2024 21:45,12-10-2023 23:00
1265,442,3068b11c69d8a302fc06eeafbf4925a5f538082cb460ee4fe572affb,SP reward for iUSD,08 October 2023,1174453,10-01-2024 21:45,12-10-2023 23:00
1266,442,9c27d064a05530a230fd70489e45395ffe983454d84321fe4e75f3f9,SP reward for iUSD,08 October 2023,204582,10-01-2024 21:45,12-10-2023 23:00
1267,442,790f75f1646bc1e3b0011ba02ba4aafdc814e628089b279c26496bfa,SP reward for iUSD,08 October 2023,79457,10-01-2024 21:45,12-10-2023 23:00
1268,442,e33786fcf09ced1747bbd86e3e123a529483cc477932d9f25c4b0d56,SP reward for iUSD,08 October 2023,20604,10-01-2024 21:45,12-10-2023 23:00
1269,442,ee5592e3bff712a914258c52f57873c0cfc73a7b2c25008fedbcdf9d,SP reward for iUSD,08 October 2023,669985,10-01-2024 21:45,12-10-2023 23:00
1270,442,58acdc666be0607f37ef7af4e459bff0d7e376987c21ef77e8e31f6d,SP reward for iUSD,08 October 2023,404087,10-01-2024 21:45,12-10-2023 23:00
1271,442,3106f6e4a4134df3c3b01a609be2569822f8d662843ad0c6b129ef57,SP reward for iUSD,08 October 2023,172186,10-01-2024 21:45,12-10-2023 23:00
1272,442,bd1facdfaebaaa1e6ad72fe8875efa4365dec911f322dd62e5cc1108,SP reward for iUSD,08 October 2023,1748435,10-01-2024 21:45,12-10-2023 23:00
1273,442,c480783df5b96cc1a051c2bbe8c96d842a2743c747f303c656613e19,SP reward for iUSD,08 October 2023,292322,10-01-2024 21:45,12-10-2023 23:00
1274,442,c89afc2da9175089b41172171fccd8eab4fab0a4c4576d3240e0e2a0,SP reward for iUSD,08 October 2023,389209,10-01-2024 21:45,12-10-2023 23:00
1275,442,b6756686f4eb2913773cd154afd06f721a1eeeb6dd84d37b099acb14,SP reward for iUSD,08 October 2023,257908,10-01-2024 21:45,12-10-2023 23:00
1276,442,7726c3a8c946ad37f87999b66a310d03022322dc54f1a1483b65caf7,SP reward for iUSD,08 October 2023,629219,10-01-2024 21:45,12-10-2023 23:00
1277,442,0a7bc8293ae50dd74ae399b261446abff238ea7c564ad52a52168e0b,SP reward for iUSD,08 October 2023,30173840,10-01-2024 21:45,12-10-2023 23:00
1278,442,356ab0d504a33050409178365d8033dfafdcb47f3c68c96db35ed1dc,SP reward for iUSD,08 October 2023,1479020,10-01-2024 21:45,12-10-2023 23:00
1279,442,34b9eb31c69076b836788f32cc4f00a21725cbccace3077105c00801,SP reward for iUSD,08 October 2023,155974,10-01-2024 21:45,12-10-2023 23:00
1280,442,38a6b071d8b300a0a8219cb49ae293024f466985a89f62d6188d0388,SP reward for iUSD,08 October 2023,349,10-01-2024 21:45,12-10-2023 23:00
1281,442,c3945d89b9f99ee385a09971bc4d7bdeedf5e6f809f8f72816ddd692,SP reward for iUSD,08 October 2023,307234,10-01-2024 21:45,12-10-2023 23:00
1282,442,bbd31c139830bdb621bc7f6eb3a95a2f1a9e338466cc28e67e0e9176,SP reward for iUSD,08 October 2023,206471,10-01-2024 21:45,12-10-2023 23:00
1283,442,f8eb5d7378d4d251f3bceece697da34c1d0948481df35d21627dc12e,SP reward for iUSD,08 October 2023,7801623,10-01-2024 21:45,12-10-2023 23:00
1284,442,2e36826d65aabaeb8de141a240ba66e04b5b95764abb00acbe9462f6,SP reward for iUSD,08 October 2023,1469418,10-01-2024 21:45,12-10-2023 23:00
1285,442,602b1ace1b71e19ed66c18aea5034eba1835fcd1f1af03ccdafccd8a,SP reward for iUSD,08 October 2023,2389663,10-01-2024 21:45,12-10-2023 23:00
1286,442,03957962e6d6b35f0c6198ab2869a543a2b940ced3c2ef5c1b067297,SP reward for iUSD,08 October 2023,2747462,10-01-2024 21:45,12-10-2023 23:00
1287,442,d8dc639f4acfae62f5542765643c3dbed62ff861834dbe3ffe374e2f,SP reward for iUSD,08 October 2023,195130,10-01-2024 21:45,12-10-2023 23:00
1288,442,477246487885da2080ac3ba82751d27a45e14f90175f8f358547939e,SP reward for iUSD,08 October 2023,5439950,10-01-2024 21:45,12-10-2023 23:00
1289,442,6362594e81cc4bf5946e14a30cf676df0db656ba14dadf367ab90167,SP reward for iUSD,08 October 2023,2334289,10-01-2024 21:45,12-10-2023 23:00
1290,442,b0d6004a93f5ebcbca3d9df0d90dd40d56118c2d092bf4073450c7cf,SP reward for iUSD,08 October 2023,56951,10-01-2024 21:45,12-10-2023 23:00
1291,442,675b807ea9db6ba3e0c36d27e7372ed6fbe458369582f43cc40d204b,SP reward for iUSD,08 October 2023,2355671,10-01-2024 21:45,12-10-2023 23:00
1292,442,c97315e414c9b15a013f216d0345e1669cfbdd86681ed6891e1eb33f,SP reward for iUSD,08 October 2023,1646243,10-01-2024 21:45,12-10-2023 23:00
1293,442,db54bcae18acd1d59a371bd68630025ea86c34496cd7a50f66941c8c,SP reward for iUSD,08 October 2023,364419,10-01-2024 21:45,12-10-2023 23:00
1294,442,57e92d3e09431522de9fc2d1a499f59e997484bb93eb418d77ca727d,SP reward for iUSD,08 October 2023,2678391,10-01-2024 21:45,12-10-2023 23:00
1295,442,8a116fd370e6f96a9c008b885423555af7b57a39644593768bd24ec9,SP reward for iUSD,08 October 2023,205802,10-01-2024 21:45,12-10-2023 23:00
1296,442,e3c282ec2d0472122cdab3e4c64988c7ea90154a2c3b0b3842b13812,SP reward for iUSD,08 October 2023,1314139,10-01-2024 21:45,12-10-2023 23:00
1297,442,15899010c8fcdb8ed1062e163dd8b6398c62e39192d0f1a3e28dd52e,SP reward for iUSD,08 October 2023,22243,10-01-2024 21:45,12-10-2023 23:00
1298,442,b9a88f9937812d62270598b7d72d15364271ece5276dac5636f3612a,SP reward for iUSD,08 October 2023,420277,10-01-2024 21:45,12-10-2023 23:00
1299,442,e60036e669f3f5eeb7b9eaa7634b5f6559b63f452c1c07b561dabdd6,SP reward for iUSD,08 October 2023,1236266,10-01-2024 21:45,12-10-2023 23:00
1300,442,06126a123250e0920b44678709da9d6d06d9edca5ecc7c532ac49aad,SP reward for iUSD,08 October 2023,6426751,10-01-2024 21:45,12-10-2023 23:00
1301,442,b1cf6e2d6f48b04ca81b5240c6863c43be3dde6202a121800a79efad,SP reward for iUSD,08 October 2023,114189,10-01-2024 21:45,12-10-2023 23:00
1302,442,84c9a45c5123c84cb6186adf1f103d3cb4793808002903cca2cbf9d3,SP reward for iUSD,08 October 2023,185985,10-01-2024 21:45,12-10-2023 23:00
1303,442,24f988ff2d6c698e40546682235b29ce08d28d58610087a8b51d4f7b,SP reward for iUSD,08 October 2023,107145,10-01-2024 21:45,12-10-2023 23:00
1304,442,37659fd936489ba08c0f7122f30d034594d20804392ba14cd2a6d362,SP reward for iUSD,08 October 2023,6133,10-01-2024 21:45,12-10-2023 23:00
1305,442,d815c1f4f8e6ea1b4dc012b9d6d48d8ca315c7cddc030c3c7bf780bf,SP reward for iUSD,08 October 2023,3079576,10-01-2024 21:45,12-10-2023 23:00
1306,442,3763f45c7d35bfe90ca08bf7715f3bb84347e80cb3ed92ee67367b1e,SP reward for iUSD,08 October 2023,721599,10-01-2024 21:45,12-10-2023 23:00
1307,442,1df63cc335e2a445f6966f645c3bf1150e8bea0bf025a17431df1b19,SP reward for iUSD,08 October 2023,1957650,10-01-2024 21:45,12-10-2023 23:00
1308,442,568b65fadfb32178198768d1bff91956f5dba957701ce300719237b4,SP reward for iUSD,08 October 2023,2766872,10-01-2024 21:45,12-10-2023 23:00
1309,442,9b5ca3c44c5b45ec37beb7dba0a3376e091d5d78dd13e3f5d6900701,SP reward for iUSD,08 October 2023,157903,10-01-2024 21:45,12-10-2023 23:00
1310,442,83f774ceadbc91b2bf50c6f36088196389100ad4145260fa555011b2,SP reward for iUSD,08 October 2023,33100940,10-01-2024 21:45,12-10-2023 23:00
1311,442,f9923c442169c78c8497d522bc88de59231aa0f68a45a7d70432fcf7,SP reward for iUSD,08 October 2023,208116,10-01-2024 21:45,12-10-2023 23:00
1312,442,fbef6731c54624c0a119298ccf1f1d4a764c8c8ca250c1a855e4cb98,SP reward for iUSD,08 October 2023,103389,10-01-2024 21:45,12-10-2023 23:00
1313,442,b6c8fe09bf3e01359bb5e52c84ff99fc767338874c39af9ae0a6ff61,SP reward for iUSD,08 October 2023,532828,10-01-2024 21:45,12-10-2023 23:00
1314,442,ff459cbd1daf01031d056e85b0495b66ae7167dca9cbfa0f6a77b73c,SP reward for iUSD,08 October 2023,7597,10-01-2024 21:45,12-10-2023 23:00
1315,442,d1e84ced90cffff9442cc47648e7e407a8fc75dbd8eda0c7940d0ba7,SP reward for iUSD,08 October 2023,8646839,10-01-2024 21:45,12-10-2023 23:00
1316,442,f90286cdbcbcace1a08c240643031a82a7e443d38affc318b3203340,SP reward for iUSD,08 October 2023,76174,10-01-2024 21:45,12-10-2023 23:00
1317,442,bac21d6e640bca31e1e2192d788000937e1aeebc73ffebf36f8e3f61,SP reward for iUSD,08 October 2023,2779603,10-01-2024 21:45,12-10-2023 23:00
1318,442,19b46b0b16bbbc3a6f7b67ddd2a5e21dbe1b3b232a9e02109c20350f,SP reward for iUSD,08 October 2023,5079736,10-01-2024 21:45,12-10-2023 23:00
1319,442,39877111400f9a79d24abcc719b82f76dfe94cdb01f2cc8108f6bc87,SP reward for iUSD,08 October 2023,168986,10-01-2024 21:45,12-10-2023 23:00
1320,442,793e0684fd2dfa7d12295503072537909790139c8f47c8d84a54a58a,SP reward for iUSD,08 October 2023,940521,10-01-2024 21:45,12-10-2023 23:00
1321,442,6a2c3a7d1e485d49c7efe91575984b72c9fdaf47da535a79cf8c455e,SP reward for iUSD,08 October 2023,897865,10-01-2024 21:45,12-10-2023 23:00
1322,442,62669c7b2fa3a398a172523e076ee963f74cf17345505391d2cbbe81,SP reward for iUSD,08 October 2023,5151269,10-01-2024 21:45,12-10-2023 23:00
1323,442,b11f12e256590d6f349702a08a9def66cbc7b490cba621d3a6b51f81,SP reward for iUSD,08 October 2023,35791918,10-01-2024 21:45,12-10-2023 23:00
1324,442,e1a8082c47e07a5033dac58e317d904b814c3a3d26d9abe1647274b7,SP reward for iUSD,08 October 2023,721369,10-01-2024 21:45,12-10-2023 23:00
1325,442,c3830b9a5c243a77b2326f19f0edcbdaf25b24d271c10effc510dd1e,SP reward for iUSD,08 October 2023,353119,10-01-2024 21:45,12-10-2023 23:00
1326,442,f0759375e806e0212efd939c5734c9894fd1f309d3da6471e068bdde,SP reward for iUSD,08 October 2023,3483059,10-01-2024 21:45,12-10-2023 23:00
1327,442,fc20e842413e9a330b9af6cfc94c587341c3d17171a0745bd7760c7b,SP reward for iUSD,08 October 2023,278797,10-01-2024 21:45,12-10-2023 23:00
1328,442,7d5b6a4c6a729bcc64f2d0fda08165edee4cbe08d27c3469d6310ab5,SP reward for iUSD,08 October 2023,2466081,10-01-2024 21:45,12-10-2023 23:00
1329,442,c939e67d1b064f4ce7494926542f57cb5d8df4487955418e4eb1fd8f,SP reward for iUSD,08 October 2023,218044,10-01-2024 21:45,12-10-2023 23:00
1330,442,0f602b5d99125a213ff9978c6dfca3147a2daf71d7baa9807b6d395b,SP reward for iUSD,08 October 2023,60779,10-01-2024 21:45,12-10-2023 23:00
1331,442,2cecd0fd37e5687e134176c75bd4ce60bbe35b5d44f9f35831a6fc6b,SP reward for iUSD,08 October 2023,620912,10-01-2024 21:45,12-10-2023 23:00
1332,442,dc02a9a676d69f4e922c09f33317f719240fbb8b2e53993055b5bfa8,SP reward for iUSD,08 October 2023,47042,10-01-2024 21:45,12-10-2023 23:00
1333,442,50b984ca982d833e08f2bd2124164aef4193d86503cb484ecbeb1abc,SP reward for iUSD,08 October 2023,409453,10-01-2024 21:45,12-10-2023 23:00
1334,442,3440301225c582d0a5a6a0a5beec84e9589d670ed742b1cf94d7200c,SP reward for iUSD,08 October 2023,250869,10-01-2024 21:45,12-10-2023 23:00
1335,442,6529526c142d3ad732905661d94ccde0cb84f9c32b804a94c6f0d496,SP reward for iUSD,08 October 2023,22099,10-01-2024 21:45,12-10-2023 23:00
1336,442,a7be8a752e7a0674fd8a0ca46842080d422d7e2beb34eeb64ab71d50,SP reward for iUSD,08 October 2023,263499,10-01-2024 21:45,12-10-2023 23:00
1337,442,16af0db2d287df23f43f80b06b04415537fd9b6408c1cb5894da1329,SP reward for iUSD,08 October 2023,3065449,10-01-2024 21:45,12-10-2023 23:00
1338,442,7502c5c924fda27047c2cdff8e5a3ebf823c8427387b674b12b0203d,SP reward for iUSD,08 October 2023,65415,10-01-2024 21:45,12-10-2023 23:00
1339,442,ebb991fd7a308e0c5801dea21c6f29c56a0a7f0718eaab26f17cfd71,SP reward for iUSD,08 October 2023,17671,10-01-2024 21:45,12-10-2023 23:00
1340,442,4fef1de46ca4dffc70cafbce94918dc9e28000d395411532f418a73d,SP reward for iUSD,08 October 2023,1262930,10-01-2024 21:45,12-10-2023 23:00
1341,442,18e4a3d3fcc5dee4b932b901795dd9f7e6ac57c448fca07e2f564029,SP reward for iUSD,08 October 2023,279980,10-01-2024 21:45,12-10-2023 23:00
1342,442,01f8201d8a816667a60991c48558305e0b2bafa074ff269a195b000b,SP reward for iUSD,08 October 2023,150842,10-01-2024 21:45,12-10-2023 23:00
1343,442,f28c3220c1ae8fc4846b5a19a3f967b01d23baf00eceb0a1d20798a4,SP reward for iUSD,08 October 2023,1434793,10-01-2024 21:45,12-10-2023 23:00
1344,442,f3130be9403c8d8e8ceb4803c8ebd09bca4bc858cc1a2f3d5df7df44,SP reward for iUSD,08 October 2023,1052863,10-01-2024 21:45,12-10-2023 23:00
1345,442,acbe358480fadcc61b45f05bb1a0ce24fac05c7ceb808b6426f19a32,SP reward for iUSD,08 October 2023,900710,10-01-2024 21:45,12-10-2023 23:00
1346,442,adbbc6153ee01f33a02b4e5d803dc50fb0c1085c9641ac1c69967038,SP reward for iUSD,08 October 2023,163410,10-01-2024 21:45,12-10-2023 23:00
1347,442,a753860cbfd3884ffd93ee7ae4762a618855a982c2bcff3da2623281,SP reward for iUSD,08 October 2023,41209,10-01-2024 21:45,12-10-2023 23:00
1348,442,eff15a8eee7dbe991d1c3779f3bd9c07e99324872ae6cc7dadd673c4,SP reward for iUSD,08 October 2023,627174,10-01-2024 21:45,12-10-2023 23:00
1349,442,ac2046ccb667a00d612e1d217598538ff8534c61a606aa5cea610b0e,SP reward for iUSD,08 October 2023,542050,10-01-2024 21:45,12-10-2023 23:00
1350,442,fd604bfce2089228bb84742efa2a90ad7f678753149f4949b376143f,SP reward for iUSD,08 October 2023,6975660,10-01-2024 21:45,12-10-2023 23:00
1351,442,5d6cf27ed5bb7540f7d6c438ca36abddf5d14e80c1296c53e8528428,SP reward for iUSD,08 October 2023,825939,10-01-2024 21:45,12-10-2023 23:00
1352,442,b13f6eedf1c86039db072fa86c1dcfdc43e2521cdd829816c4eeebfa,SP reward for iUSD,08 October 2023,663463,10-01-2024 21:45,12-10-2023 23:00
1353,442,4666d47f11e1b5bb0466790bd92e1ffc477a94229862fe75e2bac853,SP reward for iUSD,08 October 2023,1657016,10-01-2024 21:45,12-10-2023 23:00
1354,442,3e608b808ac2b73e56d957e5fd8cf54a8e3aba6cd767ea493d43c857,SP reward for iUSD,08 October 2023,337102,10-01-2024 21:45,12-10-2023 23:00
1355,442,0de7c3f3373ee0b1fa6291fddb92a9f4c95e4d641aa2a3d95ed3427f,SP reward for iUSD,08 October 2023,364228,10-01-2024 21:45,12-10-2023 23:00
1356,442,55ef464ca22cf92698284b40810e51777b3bbaece5007d513dd80d3d,SP reward for iUSD,08 October 2023,187563,10-01-2024 21:45,12-10-2023 23:00
1357,442,3c214daef68d919ae91cc5eb7447fc6d795b6019a6df4e3191028999,SP reward for iUSD,08 October 2023,1375134,10-01-2024 21:45,12-10-2023 23:00
1358,442,ac50c97a84362198cd8fde5a960e06f04f3599bc381042bdef7504c4,SP reward for iUSD,08 October 2023,5373072,10-01-2024 21:45,12-10-2023 23:00
1359,442,e045f130feb7516719cd65015be7c19c14472d8eb4ad366646b710b4,SP reward for iUSD,08 October 2023,123803,10-01-2024 21:45,12-10-2023 23:00
1360,442,bd7adeef28fe4dac020bd73ea7c095c9f634682f730d7ef6cd8d3a93,SP reward for iUSD,08 October 2023,83138,10-01-2024 21:45,12-10-2023 23:00
1361,442,c0a18966da2223d1debc23c3d6e0c6da5a98f8dd524afebad47606a8,SP reward for iUSD,08 October 2023,4807446,10-01-2024 21:45,12-10-2023 23:00
1362,442,d23af189dfd9dca942127a0859d3f9067f14a39da809165eea25ceea,SP reward for iUSD,08 October 2023,2213495,10-01-2024 21:45,12-10-2023 23:00
1363,442,80cd4da4e55a97f5c7f7e66de2162101e9725b2aa44aff4e6a4e1e33,SP reward for iUSD,08 October 2023,15466349,10-01-2024 21:45,12-10-2023 23:00
1364,442,512f425cedae5c11513155242686e5039b766c7ae798515b68a364e7,SP reward for iUSD,08 October 2023,4049683,10-01-2024 21:45,12-10-2023 23:00
1365,442,004bf5f83e7a21b3955d26b5d1c5b0384fdb1b04c4f86ab83bd380e0,SP reward for iUSD,08 October 2023,672249,10-01-2024 21:45,12-10-2023 23:00
1366,442,96623e8c15842d11060747474564901af30f1cc64ecceafcd118ae8f,SP reward for iUSD,08 October 2023,2544280,10-01-2024 21:45,12-10-2023 23:00
1367,442,b5fa924a6516810a8829c4a262f2a000b3d0e6650da99da8283ff7f2,SP reward for iUSD,08 October 2023,2200593,10-01-2024 21:45,12-10-2023 23:00
1368,442,342b901edef65bf1a7dc2e6cf40a410d0e2b94104e6995e0de3ced6c,SP reward for iUSD,08 October 2023,4816250,10-01-2024 21:45,12-10-2023 23:00
1369,442,a39926586271cd40910a9efa7a9bb2d6a53d7852b444ec240a99f0f9,SP reward for iUSD,08 October 2023,567424,10-01-2024 21:45,12-10-2023 23:00
1370,442,00f552d264a6ea476b3110914a7d22ae1b9dc63642bf28b8ab868370,SP reward for iUSD,08 October 2023,825261,10-01-2024 21:45,12-10-2023 23:00
1371,442,f345ef8a03058d65c9e5f976341e69412829c42e452322faa7f5fcdc,SP reward for iUSD,08 October 2023,3742349,10-01-2024 21:45,12-10-2023 23:00
1372,442,289a3c0892e0aeed1136e982f9c81ce4e7f4cddb43c271b8ed06022e,SP reward for iUSD,08 October 2023,4005821,10-01-2024 21:45,12-10-2023 23:00
1373,442,c791b0468b1d96791a8bfa48e1bf1b8896bed00f4b019fd2c74e3d45,SP reward for iUSD,08 October 2023,356273,10-01-2024 21:45,12-10-2023 23:00
1374,442,320e55778975e8adfa8f6c4f7122ce55e42352035ab0ce806652566c,SP reward for iUSD,08 October 2023,83969,10-01-2024 21:45,12-10-2023 23:00
1375,442,5446c91da475b225e7ce82798f89ec461f909b2d79d1abda178b5578,SP reward for iUSD,08 October 2023,2067935,10-01-2024 21:45,12-10-2023 23:00
1376,442,b8c95d9c879fe985c2a59cd6de2baeda050c5010e8eee6bb84c65be5,SP reward for iUSD,08 October 2023,24522,10-01-2024 21:45,12-10-2023 23:00
1377,442,093d90f3179c6ef978ad029694d305ec504508859a0370f81ff4b8e6,SP reward for iUSD,08 October 2023,4863163,10-01-2024 21:45,12-10-2023 23:00
1378,442,725fca12f5495b2d9c9be40376355bb56f673261a0c0fefcc0e83128,SP reward for iUSD,08 October 2023,1985513,10-01-2024 21:45,12-10-2023 23:00
1379,442,b08acb2a5e023f462f8bb88f048af578c5309cf48fcc4060fba31d67,SP reward for iUSD,08 October 2023,392431,10-01-2024 21:45,12-10-2023 23:00
1380,442,bed90820701ec88d79cb4536bc0f0d5d9eadea4038f704ea26aebd7b,SP reward for iUSD,08 October 2023,266521,10-01-2024 21:45,12-10-2023 23:00
1381,442,cb078d63d583cfe46b0b9a49c3987707adacd6e8b850fc1b5c299330,SP reward for iUSD,08 October 2023,186682,10-01-2024 21:45,12-10-2023 23:00
1382,442,3e73960a6b141b9fae4ce09bfd1edcb6c94e4f397cec014d5ba78d5a,SP reward for iUSD,08 October 2023,101026,10-01-2024 21:45,12-10-2023 23:00
1383,442,bf97ad99b5269c15e3726290f95f0fc0ec8dbada31183778548d9da0,SP reward for iUSD,08 October 2023,121,10-01-2024 21:45,12-10-2023 23:00
1384,442,a599571d436d6d4796f955247b1e358fa4275e063273d81dc5845a47,SP reward for iUSD,08 October 2023,327958,10-01-2024 21:45,12-10-2023 23:00
1385,442,c72d1e782124b7a5b2ddd16fcce4fb1909d968ae6540dc87e6dd63ae,SP reward for iUSD,08 October 2023,82850,10-01-2024 21:45,12-10-2023 23:00
1386,442,a2b3fc71aa466e489bef35c30ca8b4a9388f701ab0cd73c9c81a5409,SP reward for iUSD,08 October 2023,5058215,10-01-2024 21:45,12-10-2023 23:00
1387,442,29512c5afb810967ddccd68d0b66bdcd884b0a6d84cfb0c0fb5a1c89,SP reward for iUSD,08 October 2023,596372,10-01-2024 21:45,12-10-2023 23:00
1388,442,e57655e6fd41f82f6fd30e24ff080f774abe81f53acd6c9e7b2ed26f,SP reward for iUSD,08 October 2023,4397,10-01-2024 21:45,12-10-2023 23:00
1389,442,6a454ac65fe62709fb8b2f46b6ed76a6497997c2eb9cfd9b4de35940,SP reward for iUSD,08 October 2023,5870386,10-01-2024 21:45,12-10-2023 23:00
1390,442,344b062d324fb1d5c2604c5381acd0e0dc8eac7fe94613a1dd1c9ee5,SP reward for iUSD,08 October 2023,5441624,10-01-2024 21:45,12-10-2023 23:00
1391,442,6e4656048dfe8b0c4f754c0d409f5e186e2f4589f7ac9924fb6022b2,SP reward for iUSD,08 October 2023,29279806,10-01-2024 21:45,12-10-2023 23:00
1392,442,f2787e5a6b51190244f3acb36a6b9a248466f12f27ab702d9f197299,SP reward for iUSD,08 October 2023,14088488,10-01-2024 21:45,12-10-2023 23:00
1393,442,c26c7ab05aad4fc7c613886e5d59553b1289b6b349991bf7ae3a2771,SP reward for iUSD,08 October 2023,1056792,10-01-2024 21:45,12-10-2023 23:00
1394,442,5f72d303494a69c373f7274fdda564ac7701ce6a2aead2bbcf5922c7,SP reward for iUSD,08 October 2023,287860,10-01-2024 21:45,12-10-2023 23:00
1395,442,b853f02fc861b655e981baba6d5966f508073101756edc0a8acf015f,SP reward for iUSD,08 October 2023,4260975,10-01-2024 21:45,12-10-2023 23:00
1396,442,20f8b4934963ae0ba07830e3d41e2ed682f8b2a40d6a1d3934e00358,SP reward for iUSD,08 October 2023,541324,10-01-2024 21:45,12-10-2023 23:00
1397,442,356aa4fa03e001aafa876b3eff7ed8f2abd9bc2cb3533de1432ebd07,SP reward for iUSD,08 October 2023,4017899,10-01-2024 21:45,12-10-2023 23:00
1398,442,06c41cc6030933d2dc73d3a4c7c929b7e1c75c7d5b1429ff7e16c950,SP reward for iUSD,08 October 2023,156956,10-01-2024 21:45,12-10-2023 23:00
1399,442,fd84357990c85741e74703ffc003798059eecfc6cd9ee37c98e93fd8,SP reward for iUSD,08 October 2023,138205,10-01-2024 21:45,12-10-2023 23:00
1400,442,e73f8221818a9210e967ecb08660f46173cbf8e00e4abc582d751bcd,SP reward for iUSD,08 October 2023,134445,10-01-2024 21:45,12-10-2023 23:00
1401,442,0c879d816213df21eea5927738fb62a99c6c3d83b0ddf741a6cbffd5,SP reward for iUSD,08 October 2023,62329,10-01-2024 21:45,12-10-2023 23:00
1402,442,9cd08cc76ae69ff518811af8d0a51a88d43a4c657a0c04e9224cc8cb,SP reward for iUSD,08 October 2023,233382,10-01-2024 21:45,12-10-2023 23:00
1403,442,e2bb2644330629dff10fd78d7117ced090e0dd84edcab0dba9428825,SP reward for iUSD,08 October 2023,347705,10-01-2024 21:45,12-10-2023 23:00
1404,442,16715d026650c3515527dd5417e77b80705d6fe5bd257aab4281ee88,SP reward for iUSD,08 October 2023,248152,10-01-2024 21:45,12-10-2023 23:00
1405,442,e30fca4c9c548c925fe71b35bd611143d6c305a5ce0ab3d4dc89e483,SP reward for iUSD,08 October 2023,148396,10-01-2024 21:45,12-10-2023 23:00
1406,442,1c17a2b47f85fbfb39d92c74636c3febf1c4171c923fcb69f1d9cc15,SP reward for iUSD,08 October 2023,13773141,10-01-2024 21:45,12-10-2023 23:00
1407,442,be552efef0ae24a7f47968faea2c71fe28a7b64a31469cfde8731017,SP reward for iUSD,08 October 2023,377829,10-01-2024 21:45,12-10-2023 23:00
1408,442,f4d029318884e0eceb39b4c16f3f98392e50e51b7321a090a3281a63,SP reward for iUSD,08 October 2023,937759,10-01-2024 21:45,12-10-2023 23:00
1409,442,a75b85adb72818fe321fa0338f5a48f5e52b2d8dfe28ac947e692fca,SP reward for iUSD,08 October 2023,2089194,10-01-2024 21:45,12-10-2023 23:00
1410,442,ff935aa9517ed6dbb666d91a00c0172972ac4f6de32420c025a23e37,SP reward for iUSD,08 October 2023,324245343,10-01-2024 21:45,12-10-2023 23:00
1411,442,cb1f173c0e4e3624f51a0b1c2706174478d1cda344a04a9fb9224b1c,SP reward for iUSD,08 October 2023,6832195,10-01-2024 21:45,12-10-2023 23:00
1412,442,e59513fe36ef7f5a94ef7c7dde91d74f3d7a1e30d34fbdf00fb1ff51,SP reward for iUSD,08 October 2023,9704976,10-01-2024 21:45,12-10-2023 23:00
1413,442,8d727e5efe8b4f92eec8dc33c48f000e3c6a310b8c7931468eef5695,SP reward for iUSD,08 October 2023,8291,10-01-2024 21:45,12-10-2023 23:00
1414,442,5834339402f6bd810d57a87203feb467b602289e6cdce6d204216ce2,SP reward for iUSD,08 October 2023,326881,10-01-2024 21:45,12-10-2023 23:00
1415,442,e67cc70986bb4859cda7576c229bb9ae82e41ff0f203f5bb52741364,SP reward for iUSD,08 October 2023,3832677,10-01-2024 21:45,12-10-2023 23:00
1416,442,ac7c9aa9dcf6170c1c1bbd03ca3d73d28aae0faa179aed78b2f57e0c,SP reward for iUSD,08 October 2023,4860799,10-01-2024 21:45,12-10-2023 23:00
1417,442,c03296235e1dc8ce38f8081530a426f6c14e0a1d50beef76c99c5b7e,SP reward for iUSD,08 October 2023,6181511,10-01-2024 21:45,12-10-2023 23:00
1418,442,54f8269df233658b118fa1e8733a1a87d080a4fa52f9fcdfb6f792c5,SP reward for iUSD,08 October 2023,5051241,10-01-2024 21:45,12-10-2023 23:00
1419,442,15b1c955c67f473e448f7a4cd7bc5ffeff8d8bf29a3ab67677b28166,SP reward for iUSD,08 October 2023,4772390,10-01-2024 21:45,12-10-2023 23:00
1420,442,ac3c50ea2d28002aa9ec67009a7e17deb2aa49e77864a4c3f9b70682,SP reward for iUSD,08 October 2023,1117301,10-01-2024 21:45,12-10-2023 23:00
1421,442,c83c13c91af421b95b9187ac7dd6aef77250ba8717f172cc1225835d,SP reward for iUSD,08 October 2023,12052394,10-01-2024 21:45,12-10-2023 23:00
1422,442,78774ad9d2f51203d1174cd8aba30079bfdf9167a1cef196cb3f1591,SP reward for iUSD,08 October 2023,11648334,10-01-2024 21:45,12-10-2023 23:00
1423,442,bd0e265030bc20473b5439118a11afdfcd1f68b726312d2f0878a695,SP reward for iUSD,08 October 2023,1722299,10-01-2024 21:45,12-10-2023 23:00
1424,442,4cdab7ea3cade7fb97f1439fe55d27d1a460b4e62b8a092cf72fd94f,SP reward for iUSD,08 October 2023,2599619,10-01-2024 21:45,12-10-2023 23:00
1425,442,1481f185759f8a258cfa7eff8c2dbf98e999cd0f989b6277d3128f7e,SP reward for iUSD,08 October 2023,285180,10-01-2024 21:45,12-10-2023 23:00
1426,442,6dd90c50b0f1fd4ae1572055e46891b05022b475a29d0d78802ddecb,SP reward for iUSD,08 October 2023,18211646,10-01-2024 21:45,12-10-2023 23:00
1427,442,8792ebecb003fca8841e4209dea309bb7e13dbec3ea086585bfe7a8f,SP reward for iUSD,08 October 2023,1536226,10-01-2024 21:45,12-10-2023 23:00
1428,442,7bdd0506ab1adc6beaadc78e64b18d9c9773d0a67a79e788f83c7d7c,SP reward for iUSD,08 October 2023,189579,10-01-2024 21:45,12-10-2023 23:00
1429,442,eb399c4149c7004a187d460e10d8e524215b9b39e600560ce8f42806,SP reward for iUSD,08 October 2023,417421,10-01-2024 21:45,12-10-2023 23:00
1430,442,5549e47cc751bd3ea39c302038ed15de03593797992f85d62ec3588b,SP reward for iUSD,08 October 2023,35800381,10-01-2024 21:45,12-10-2023 23:00
1431,442,788c8c4c496ee4e6f0c1afcf6f69e70ca54eac58e5bec216100c3c2c,SP reward for iUSD,08 October 2023,10706574,10-01-2024 21:45,12-10-2023 23:00
1432,442,72a5906a5f5265ec69132dccdf9ca9575c707ae00afa2c04edff9420,SP reward for iUSD,08 October 2023,357177,10-01-2024 21:45,12-10-2023 23:00
1433,442,534fb6cb7e3918799eb0d5eb8e8b46cf921a8b7f53349808c14a7c45,SP reward for iUSD,08 October 2023,1064770,10-01-2024 21:45,12-10-2023 23:00
1434,442,c590affd526db47b19bcb411793bba5d639c1f5885fafc47838cd22e,SP reward for iUSD,08 October 2023,62296,10-01-2024 21:45,12-10-2023 23:00
1435,442,22778de05c70977723ea69a0ba94506ab39b2cc9e76b8f47e69c260a,SP reward for iUSD,08 October 2023,2955962,10-01-2024 21:45,12-10-2023 23:00
1436,442,3491b29d4e106d7ab7f964cdc2dcb1702ad1167958c7627d08e538b7,SP reward for iUSD,08 October 2023,11573,10-01-2024 21:45,12-10-2023 23:00
1437,442,0937ceb93300c18f55c5fa769aca62b3351eff447ce774ce48917074,SP reward for iUSD,08 October 2023,88614,10-01-2024 21:45,12-10-2023 23:00
1438,442,ba09c8e4dbf16e2a30135173b2d4cff506adcc55110cb5279f7f606f,SP reward for iUSD,08 October 2023,113422,10-01-2024 21:45,12-10-2023 23:00
1439,442,18bb77afff9a31c784156be903ecc9e454ca741847a5970b1fbb848a,SP reward for iUSD,08 October 2023,618133,10-01-2024 21:45,12-10-2023 23:00
1440,442,38f0144422fa44ab4880fe15fbf9056968ea7abe89c7e5a07b347f61,SP reward for iUSD,08 October 2023,263655,10-01-2024 21:45,12-10-2023 23:00
1441,442,07c59e348504d75a47aa875c80c5f7c537f4153637fb942f8f21f7e4,SP reward for iUSD,08 October 2023,107699,10-01-2024 21:45,12-10-2023 23:00
1442,442,2b651b38935e59a8d891f5201514253c9763e2da2a246462dc25cc98,SP reward for iUSD,08 October 2023,540123,10-01-2024 21:45,12-10-2023 23:00
1443,442,09ade3dcf55b892702acbac162b2e04fe41a747b70c505fd141ad07e,SP reward for iUSD,08 October 2023,441025,10-01-2024 21:45,12-10-2023 23:00
1444,442,b5e29b13b00ba8a4b4e60c434ac0b462f3dabfbc3be5ab7bfb81450d,SP reward for iUSD,08 October 2023,208078,10-01-2024 21:45,12-10-2023 23:00
1445,442,7d5258011fecab08aae5aebab8b28abbe2d0667777ba836007a62f80,SP reward for iUSD,08 October 2023,10111273,10-01-2024 21:45,12-10-2023 23:00
1446,442,804812f6f6bfe1c64c605f45d33cf18ddd77baca1a269796b4e318fa,SP reward for iUSD,08 October 2023,0,10-01-2024 21:45,12-10-2023 23:00
1447,442,71995412f0cdf4fb3b1d74d635c4aa6b9ccc26aa02f37b966ff7917d,SP reward for iUSD,08 October 2023,1492659,10-01-2024 21:45,12-10-2023 23:00
1448,442,97abddf0ccc26df60a24679fe7080de9ead18fa0d973a115ce072ca8,SP reward for iUSD,08 October 2023,1287047,10-01-2024 21:45,12-10-2023 23:00
1449,442,ca0f77040a2b74ee79cb3a2c8046083e364c853648d64885a75ae35e,SP reward for iUSD,08 October 2023,11945,10-01-2024 21:45,12-10-2023 23:00
1450,442,4ffd983ef901bb1e55290fc75d3fc487fa5b5dce965ec6ecc9380d8e,SP reward for iUSD,08 October 2023,529851,10-01-2024 21:45,12-10-2023 23:00
1451,442,b7cb900c5e8740430eb0b9aca279498d523fb6da96c2bf3ac424ea2f,SP reward for iUSD,08 October 2023,228867,10-01-2024 21:45,12-10-2023 23:00
1452,442,731f87d5ee7275023a1a2e34e209e32844edf304e4f34ad54ace3ec9,SP reward for iUSD,08 October 2023,8725934,10-01-2024 21:45,12-10-2023 23:00
1453,442,8d9f07138fbec27a505c2800f79653639a09487e702622bc52bc7ac4,SP reward for iUSD,08 October 2023,84737,10-01-2024 21:45,12-10-2023 23:00
1454,442,3fa947e323dbb04a99340158948804eab323afdc3bd5cf37e28f90f2,SP reward for iUSD,08 October 2023,272081535,10-01-2024 21:45,12-10-2023 23:00
1455,442,3afa612c1bef384caa2dfa6c02a2b90515ea5daaaaafbf63421a4288,SP reward for iUSD,08 October 2023,1128381,10-01-2024 21:45,12-10-2023 23:00
1456,442,ddef66ce8b077adb0fba93f624cc313017ce71831268f1b77c56d4bb,SP reward for iUSD,08 October 2023,4941760,10-01-2024 21:45,12-10-2023 23:00
1457,442,7d2f89e8109a3d667ec7c3434e33d59cab1f194e93cec686e132154a,SP reward for iUSD,08 October 2023,51636411,10-01-2024 21:45,12-10-2023 23:00
1458,442,0211d6442d3174f57a65754564de7e85bba87230a5be71f4918dd0de,SP reward for iUSD,08 October 2023,329383,10-01-2024 21:45,12-10-2023 23:00
1459,442,284839fc9946e6331dada95c3f7c14e995b738b0e580d8079c50bac1,SP reward for iUSD,08 October 2023,2231,10-01-2024 21:45,12-10-2023 23:00
1460,442,72c9e78affd169b3c516b8c8c4c453135ce82c3d931655e39466e5f4,SP reward for iUSD,08 October 2023,118837,10-01-2024 21:45,12-10-2023 23:00
1461,442,eec262031b5b78bd61e1f5aaeb37110ab6599407ab82682ad1798d21,SP reward for iUSD,08 October 2023,624177,10-01-2024 21:45,12-10-2023 23:00
1462,442,cf59324e35572473a1c164ace3b16a04c1893f82aae9557abe429d89,SP reward for iUSD,08 October 2023,443322,10-01-2024 21:45,12-10-2023 23:00
1463,442,a199d2ec461153020ee18bbdfe5e4e3a2c9778bc4d265ef7dc64a6b8,SP reward for iUSD,08 October 2023,510533,10-01-2024 21:45,12-10-2023 23:00
1464,442,9b314b76487603dec62a43cfeea584dae73cd42e7f83871495974fdb,SP reward for iUSD,08 October 2023,169715,10-01-2024 21:45,12-10-2023 23:00
1465,442,6f51c66d3a29c2d5f030cfb8e21376e24c1cf22150ac86f5bc9c9ba2,SP reward for iUSD,08 October 2023,1714305,10-01-2024 21:45,12-10-2023 23:00
1466,442,b17f5c642012ab04e7a5be4be1874ac440a47a833a9f7b51068725a8,SP reward for iUSD,08 October 2023,67903,10-01-2024 21:45,12-10-2023 23:00
1467,442,742e13aeb9130597e75cb1e4201368884b223a027760b1614ddcd514,SP reward for iUSD,08 October 2023,169054,10-01-2024 21:45,12-10-2023 23:00
1468,442,7346e0ad8dce5c04702ca60dd0d4526e2df5d483f1761718ee53aad5,SP reward for iUSD,08 October 2023,169089,10-01-2024 21:45,12-10-2023 23:00
1469,442,abd768ffa460e4578bd7a72296552532e2e463ac8727396b752aeef9,SP reward for iUSD,08 October 2023,443849,10-01-2024 21:45,12-10-2023 23:00
1470,442,fc55c89d46d1d91ae22800425a8b9a02b75ab9ec6a1b5eec94da8643,SP reward for iUSD,08 October 2023,28094,10-01-2024 21:45,12-10-2023 23:00
1471,442,cadfdb0549c45784f9a15dc15dc655dd67e6e256a544835945d36116,SP reward for iUSD,08 October 2023,101464,10-01-2024 21:45,12-10-2023 23:00
1472,442,6c2969be3ba190cae7a10d817dbdc74a6c2a1a897607151d4f1d41b6,SP reward for iUSD,08 October 2023,26952,10-01-2024 21:45,12-10-2023 23:00
1473,442,fdc9272f3ac1db456c05ea777081d86566f69baf4bc13fb50ff98f6e,SP reward for iUSD,08 October 2023,4314717,10-01-2024 21:45,12-10-2023 23:00
1474,442,213a6315a3adfd1ec92b7975944a66e033cafbc8af03c734093cdaec,SP reward for iUSD,08 October 2023,13759061,10-01-2024 21:45,12-10-2023 23:00
1475,442,d0ec8085d919d5923b24bc9f6ec992581a58fcca9e552c5a65ba6699,SP reward for iUSD,08 October 2023,2811266,10-01-2024 21:45,12-10-2023 23:00
1476,442,b10c7dd14700813748087d6fbfd03a8c3b83f6cb191743f5e35f7d84,SP reward for iUSD,08 October 2023,10122984,10-01-2024 21:45,12-10-2023 23:00
1477,442,bee0a1dd013242217879e8ef07ef28d22dad8ef7022d14f2353109d2,SP reward for iUSD,08 October 2023,58890,10-01-2024 21:45,12-10-2023 23:00
1478,442,b01f0c44e67df1b4b6554d0e86a6b3d2529cdabb099bb8cba9af32f9,SP reward for iUSD,08 October 2023,4932933,10-01-2024 21:45,12-10-2023 23:00
1479,442,4cb2eb343a9f29be1c2550732c532cf3d2a846cce4b12691379bdc70,SP reward for iUSD,08 October 2023,19805,10-01-2024 21:45,12-10-2023 23:00
1480,442,c327beebd731f0bb58b05726c2730c899b4153536cf1d329abf24400,SP reward for iUSD,08 October 2023,1246030,10-01-2024 21:45,12-10-2023 23:00
1481,442,f7ed694b5400755f16abd854b61b1229087d37ebc1560ca5237290e9,SP reward for iUSD,08 October 2023,138624,10-01-2024 21:45,12-10-2023 23:00
1482,442,ba37698916d66971b377b10f0c6a0f267b7d7b0db565d3a27267c2b8,SP reward for iUSD,08 October 2023,717743,10-01-2024 21:45,12-10-2023 23:00
1483,442,5375703a1815206253bce83d4c52cc18b6571def1bedf6c257575293,SP reward for iUSD,08 October 2023,18916253,10-01-2024 21:45,12-10-2023 23:00
1484,442,00023775abacb7c31af161e5d0faebd84067299748396171df0a4143,SP reward for iUSD,08 October 2023,603430,10-01-2024 21:45,12-10-2023 23:00
1485,442,a40e609ccc120bb815930cd6ce47826e6c41aa94ec92c9f5e93ec9dd,SP reward for iUSD,08 October 2023,951725,10-01-2024 21:45,12-10-2023 23:00
1486,442,dbd9c61554e7f039b6d4eeaa12977fd06872e65ee8b7069c967c8ead,SP reward for iUSD,08 October 2023,78386,10-01-2024 21:45,12-10-2023 23:00
1487,442,ac0aef286f1f60dd4f08fe7ca834192eb1eeeb7995b77c8d37f16cc0,SP reward for iUSD,08 October 2023,91556,10-01-2024 21:45,12-10-2023 23:00
1488,442,d60e724de921571ec9a732fad7ec0673fb9665e2b41040cfc8193289,SP reward for iUSD,08 October 2023,729041,10-01-2024 21:45,12-10-2023 23:00
1489,442,d28984c713366768ef92d78cdf6375539bc637d329226151e915c315,SP reward for iUSD,08 October 2023,5469,10-01-2024 21:45,12-10-2023 23:00
1490,442,0ca27288940ae37a9b16ed805ec83cb8b6b901df59d6cb99f2f5f974,SP reward for iUSD,08 October 2023,670374,10-01-2024 21:45,12-10-2023 23:00
1491,442,39c9cbc0d355ef4b7d5338c0279c3c8cb299f08ba70a62222116b638,SP reward for iUSD,08 October 2023,1000,10-01-2024 21:45,12-10-2023 23:00
1492,442,35f31e0e99aa11179513402c64432bf50299e9a87276e8acd9fe765a,SP reward for iUSD,08 October 2023,2061544,10-01-2024 21:45,12-10-2023 23:00
1493,442,63aade055d90301cd816870ee5a3c9fc67d769274b8633e7a7893f05,SP reward for iUSD,08 October 2023,4013674,10-01-2024 21:45,12-10-2023 23:00
1494,442,9cffd98682b61f22ad13b19130b79edf9efba37b87b1bb216786bb22,SP reward for iUSD,08 October 2023,348415,10-01-2024 21:45,12-10-2023 23:00
1495,442,939599008b9c90675392a3352031aa45ab10e13d3d3ee551560cb222,SP reward for iUSD,08 October 2023,106096,10-01-2024 21:45,12-10-2023 23:00
1496,442,5e9e787d528af67785b3b595843acc232258ada6191b40ffa80cd0d2,SP reward for iUSD,08 October 2023,86497432,10-01-2024 21:45,12-10-2023 23:00
1497,442,a21b4bac0ec5723e223e741f675761f2c57c67be59ad3ce0e04ea732,SP reward for iUSD,08 October 2023,14423490,10-01-2024 21:45,12-10-2023 23:00
1498,442,0bb67baf3148157625daeb00d942466bc473a3ff85dd49afa7658f89,SP reward for iUSD,08 October 2023,4120888,10-01-2024 21:45,12-10-2023 23:00
1499,442,fa9b92b3f0c4a0a756c6d39c8e7015bdb593ca4c4e3f051b10d5eaa5,SP reward for iUSD,08 October 2023,1979123,10-01-2024 21:45,12-10-2023 23:00
1500,442,0b1db916e7560c61e187d688e00f936a0730a88d1049e89f4ece9e9a,SP reward for iUSD,08 October 2023,1846388,10-01-2024 21:45,12-10-2023 23:00
1501,442,45abdcb44b0185fd8070fddfb5bcfdde6dacb8c0a51a77aa9a00bff1,SP reward for iUSD,08 October 2023,293249,10-01-2024 21:45,12-10-2023 23:00
1502,442,9fc0aa81aa9df42604e00ff8d2d2f9de39a47b2a3f82a4bde0e9a18f,SP reward for iUSD,08 October 2023,1546705,10-01-2024 21:45,12-10-2023 23:00
1503,442,4c80764f5b682045f12a83303d017d4dbe90f09f76b2108a5c44ae54,SP reward for iUSD,08 October 2023,231607,10-01-2024 21:45,12-10-2023 23:00
1504,442,78b355ef81f783f5efe26565142565159adb6d0fe2ff17631c37540c,SP reward for iUSD,08 October 2023,173661,10-01-2024 21:45,12-10-2023 23:00
1505,442,7328ab6d917830c7db07347e34d628bd76421d260b9064231a34955e,SP reward for iUSD,08 October 2023,41340,10-01-2024 21:45,12-10-2023 23:00
1506,442,15463608644619930e85359a450203791e94e59274cdd04115529ca1,SP reward for iUSD,08 October 2023,422905,10-01-2024 21:45,12-10-2023 23:00
1507,442,741934bd37c4397abd4a082de2246e631b9e217eda5e0fc2d49f962e,SP reward for iUSD,08 October 2023,5829106,10-01-2024 21:45,12-10-2023 23:00
1508,442,718607c6f9f1e8594a276ef720e9700b9a3c8ef74994c63ea81a8a48,SP reward for iUSD,08 October 2023,12445672,10-01-2024 21:45,12-10-2023 23:00
1509,442,78286944b6758ecbd9179c981466d8a007296b1e09fc3cf53add1fd8,SP reward for iUSD,08 October 2023,58,10-01-2024 21:45,12-10-2023 23:00
1510,442,add22687547b52ee682e6d576776af097ef9374ecce09681b9b43715,SP reward for iUSD,08 October 2023,1701467,10-01-2024 21:45,12-10-2023 23:00
1511,442,f900131a6e5bcf3de88bfa2d0399806c5f3b11d7f5318bb0c8caa560,SP reward for iUSD,08 October 2023,6181331,10-01-2024 21:45,12-10-2023 23:00
1512,442,d50c73e053e8b346e743d4fed861c4d41ef1fbef7be51b945c07626d,SP reward for iUSD,08 October 2023,13187,10-01-2024 21:45,12-10-2023 23:00
1513,442,ec3543779054d04588489cf33d9ec5889566af60493f4cbc45a06b20,SP reward for iUSD,08 October 2023,216789,10-01-2024 21:45,12-10-2023 23:00
1514,442,824f1b5399d6885e6330925fcba1472da21731a3d9f33802dd308f7f,SP reward for iUSD,08 October 2023,1565953,10-01-2024 21:45,12-10-2023 23:00
1515,442,1c5c66accafe1e7b1d68e2a98c71a638f0b11c1b453cfae08bcc9d44,SP reward for iUSD,08 October 2023,2008056,10-01-2024 21:45,12-10-2023 23:00
1516,442,b373312847450184a46f876faa486f624c049338c180197e1f582109,SP reward for iUSD,08 October 2023,813672,10-01-2024 21:45,12-10-2023 23:00
1517,442,3fbdca8a85a77bb7448f2aed7fc255737afce334c27beb34abea0f98,SP reward for iUSD,08 October 2023,8912609,10-01-2024 21:45,12-10-2023 23:00
1518,442,da5777317d38da5dd141983fcca79dabf42358f94571a700f362b2e3,SP reward for iUSD,08 October 2023,53097,10-01-2024 21:45,12-10-2023 23:00
1519,442,34681117b76a59dfe3be7ee5477d224c819cf365c3f533eb2b1f9518,SP reward for iUSD,08 October 2023,32956,10-01-2024 21:45,12-10-2023 23:00
1520,442,bd30ea6190963a733df8cbcd7c4685011e47309ea6ac059adc61897b,SP reward for iUSD,08 October 2023,8270542,10-01-2024 21:45,12-10-2023 23:00
1521,442,1fb1c72ebf96a6768fae696c153566f58d9e115accc56b2fb34d1e8a,SP reward for iUSD,08 October 2023,199858,10-01-2024 21:45,12-10-2023 23:00
1522,442,311581cc43e3438d6a4ab9010493ac484e2c6fbc602bc9a974b28905,SP reward for iUSD,08 October 2023,25805971,10-01-2024 21:45,12-10-2023 23:00
1523,442,687653ac9ebf1ad73d6b6fe9dff1cfea8a863ea63ceea35d614da592,SP reward for iUSD,08 October 2023,3285448,10-01-2024 21:45,12-10-2023 23:00
1524,442,ecdd6a81ee434c3d773a0b6b27d426b3d86ee4f8edbb4016e5a6883d,SP reward for iUSD,08 October 2023,45780,10-01-2024 21:45,12-10-2023 23:00
1525,442,112a2e39403b4c465eba58266531b82db8c7950ebae17b0aed8a6d88,SP reward for iUSD,08 October 2023,1337728,10-01-2024 21:45,12-10-2023 23:00
1526,442,36f4acc790ade8685561ee452d290cddfaae730872d02a25fd4d65cc,SP reward for iUSD,08 October 2023,27956,10-01-2024 21:45,12-10-2023 23:00
1527,442,4a327222227863b7a44a7d9ef1e8148060bf75334ea1015e18617e17,SP reward for iUSD,08 October 2023,166203,10-01-2024 21:45,12-10-2023 23:00
1528,442,ad397033e75060b31ecb2d07be8b315c9c27ec739aa7779703d70a6f,SP reward for iUSD,08 October 2023,237968,10-01-2024 21:45,12-10-2023 23:00
1529,442,60fd944b9bbd3d740a3c1e164bf72f7e7ff3d48138ea5f5df7697b3c,SP reward for iUSD,08 October 2023,681903,10-01-2024 21:45,12-10-2023 23:00
1530,442,b1f361d9b52c1685ae487c85a5e85581681b7955a1690aaf8f8f859e,SP reward for iUSD,08 October 2023,8941547,10-01-2024 21:45,12-10-2023 23:00
1531,442,6aa8471da93aeb4bea5c68f4fc59a449537af1485b0ec34e1e3e3239,SP reward for iUSD,08 October 2023,3917,10-01-2024 21:45,12-10-2023 23:00
1532,442,6c8ecb2a0a26b86449201ea03fe11aeefc109c8e5e1d650779c01b7c,SP reward for iUSD,08 October 2023,203186,10-01-2024 21:45,12-10-2023 23:00
1533,442,6a533d3d8b24b11eb758e2ffc8fc95fed6a5bde46e2f504d72526c21,SP reward for iUSD,08 October 2023,170626138,10-01-2024 21:45,12-10-2023 23:00
1534,442,9cdf11e9f7832510865cf609be23fce37c331324a087d334801d435d,SP reward for iUSD,08 October 2023,122411,10-01-2024 21:45,12-10-2023 23:00
1535,442,3d1a58cebecdb0438ecfca3282dae61aa698c1e04023c0901802aa07,SP reward for iUSD,08 October 2023,9748511,10-01-2024 21:45,12-10-2023 23:00
1536,442,25f72ed81edb52dae35faab76d1b7c204e8c6d6883595945ba813405,SP reward for iUSD,08 October 2023,1014032,10-01-2024 21:45,12-10-2023 23:00
1537,442,56f9881cc7b8f0499c7484239db1487686d0a50a99966e0cc207b4b9,SP reward for iUSD,08 October 2023,251534,10-01-2024 21:45,12-10-2023 23:00
1538,442,d399a98b14f6eee4454a0b840974ac6a305258a268bef3241822b2a1,SP reward for iUSD,08 October 2023,105666,10-01-2024 21:45,12-10-2023 23:00
1539,442,13b074156634e2289f02e34616d97b9aad91069a43173660645f4f04,SP reward for iUSD,08 October 2023,8000,10-01-2024 21:45,12-10-2023 23:00
1540,442,5bdd4037f2764926f4dd31d36b409f8e8bcaa81bf28557e1ff770a77,SP reward for iUSD,08 October 2023,331008,10-01-2024 21:45,12-10-2023 23:00
1541,442,cdfe95c99540a11b593c69e1426a76245c3d76ed3b905a09aa8d011a,SP reward for iUSD,08 October 2023,3104104,10-01-2024 21:45,12-10-2023 23:00
1542,442,450549a64ff2191f5f8ec657f941a3e5c18e855f05ca3d60aec82ef6,SP reward for iUSD,08 October 2023,78425,10-01-2024 21:45,12-10-2023 23:00
1543,442,b52cb42a74956b4f7e0ab073697063b5747dee86d66492ab392aa4bf,SP reward for iUSD,08 October 2023,121431,10-01-2024 21:45,12-10-2023 23:00
1544,442,1344c6719d8058b88f756f2ee293581dab8214b388113a46e95cb2e8,SP reward for iUSD,08 October 2023,41213,10-01-2024 21:45,12-10-2023 23:00
1545,442,d38b26fb9b460883ad49b8be8efae6a39413a4cf65ca3a84b6a14f65,SP reward for iUSD,08 October 2023,2687916,10-01-2024 21:45,12-10-2023 23:00
1546,442,92f06e24bbb228d53258680895e44237dfe20aaea32e957011ee14f7,SP reward for iUSD,08 October 2023,184334,10-01-2024 21:45,12-10-2023 23:00
1547,442,0fcd5515a7c42ff375fbe24915bf94140f3ae6559957291e2fc8cb98,SP reward for iUSD,08 October 2023,655222,10-01-2024 21:45,12-10-2023 23:00
1548,442,e105290df587390be33d256392f378bfd7709dca5c16de6ff1958de1,SP reward for iUSD,08 October 2023,278,10-01-2024 21:45,12-10-2023 23:00
1549,442,418be7cbf9d37e1ed38d316e3f1f21a33cd6733ebd7457145447a830,SP reward for iUSD,08 October 2023,3641041,10-01-2024 21:45,12-10-2023 23:00
1550,442,bd96fe20f8f49764a9bf949244b85abf65f8e99cd523619b535e4b96,SP reward for iUSD,08 October 2023,1601824,10-01-2024 21:45,12-10-2023 23:00
1551,442,2663f0e32ebd95e4ec3ed063b659ade8a2a963b9a1aa7baa3307f9f6,SP reward for iUSD,08 October 2023,5081228,10-01-2024 21:45,12-10-2023 23:00
1552,442,d171c764b68e3006a17366dbbd2b5b1d1641e584991c8524ac72458f,SP reward for iUSD,08 October 2023,846076,10-01-2024 21:45,12-10-2023 23:00
1553,442,8351381f3d57006ab1ad26a61f27eb351978dfb81900f26c6c09ae9c,SP reward for iUSD,08 October 2023,21861132,10-01-2024 21:45,12-10-2023 23:00
1554,442,a843952052121af4fbe1030d1f04efc1e600e34c01c56f48ac6c7dda,SP reward for iUSD,08 October 2023,119758,10-01-2024 21:45,12-10-2023 23:00
1555,442,e292dc90457553865ecf16f586d72185fe4ef1afb2dc708f7099e4dd,SP reward for iUSD,08 October 2023,560862,10-01-2024 21:45,12-10-2023 23:00
1556,442,72b2ee7e7da3d21829fc9e4ef5cb12279c153c3698c60c1d756e3802,SP reward for iUSD,08 October 2023,110589,10-01-2024 21:45,12-10-2023 23:00
1557,442,2b4aa51896041c905eac490447f886afe8eb67f3b05b1000ce976cb8,SP reward for iUSD,08 October 2023,8898385,10-01-2024 21:45,12-10-2023 23:00
1558,442,3b8deaefd44267932f302932ae4e7bf60479ab503133a93330c58929,SP reward for iUSD,08 October 2023,12586869,10-01-2024 21:45,12-10-2023 23:00
1559,442,9a2468984f0481f9e23b7537207c3f5ebee0803e8cd93be6e89b18da,SP reward for iUSD,08 October 2023,2101892,10-01-2024 21:45,12-10-2023 23:00
1560,442,df4963de19f6c6e078c717c629a8f6c2f76288212972bd31a8506cf1,SP reward for iUSD,08 October 2023,123721088,10-01-2024 21:45,12-10-2023 23:00
1561,442,8e253a76b29eb45b7574793772261b6bcfb20df13aa0a71708db9025,SP reward for iUSD,08 October 2023,3297049,10-01-2024 21:45,12-10-2023 23:00
1562,442,b5da9e118db3222b3e37d8a6efff50f8ea09c66841a73d89a4e800d8,SP reward for iUSD,08 October 2023,27715813,10-01-2024 21:45,12-10-2023 23:00
1563,442,4d5da618c7b48388366354c11d5e897d2449b087b523fd083fa0970f,SP reward for iUSD,08 October 2023,1686189,10-01-2024 21:45,12-10-2023 23:00
1564,442,152a6505f54a619ab12dd37022a00aae01bd5c8348c84cf0f16463b5,SP reward for iUSD,08 October 2023,23297015,10-01-2024 21:45,12-10-2023 23:00
1565,442,299eca15c1fa5d35980dc122ac3799ee69dfb47b6e92dbb4106487b6,SP reward for iUSD,08 October 2023,6120711,10-01-2024 21:45,12-10-2023 23:00
1566,442,d2ea9a7da4080401add22f56da15e04c0782243c196215658ee9da65,SP reward for iUSD,08 October 2023,892050,10-01-2024 21:45,12-10-2023 23:00
1567,442,8aae701fce6c665a60987e720af72af63c4dc2c4ed1e5c11d3f15f2e,SP reward for iUSD,08 October 2023,69832881,10-01-2024 21:45,12-10-2023 23:00
1568,442,a21ad32e6fdf1ed6d0ffdec01e71a481dc2b0c8ec0290f2ed9f227c1,SP reward for iUSD,08 October 2023,211449,10-01-2024 21:45,12-10-2023 23:00
1569,442,94e8a4d1c409af5498095aafa61edb23fdbd9714f45d104cbe148425,SP reward for iBTC,08 October 2023,33367,10-01-2024 21:45,12-10-2023 23:00
1570,442,4652c04766dfb925145dd332a511ae47fc2404afe0bebeee3627a71a,SP reward for iBTC,08 October 2023,1254,10-01-2024 21:45,12-10-2023 23:00
1571,442,b116a13787a0e3908128fb3d218193ebbe31f14bb1564e3b17e56474,SP reward for iBTC,08 October 2023,937,10-01-2024 21:45,12-10-2023 23:00
1572,442,f8dc2687e7efb9814a0258337bbead8dbcf6dac7a0237e3b600f404d,SP reward for iBTC,08 October 2023,7686,10-01-2024 21:45,12-10-2023 23:00
1573,442,2774b527cc66118eeb772ca5553089dc2f9d0a675d5d4bb0615afa56,SP reward for iBTC,08 October 2023,23,10-01-2024 21:45,12-10-2023 23:00
1574,442,2ce68896a2812bcceaeea3837e33e4d24b1c88151c1a0b6cd02b182d,SP reward for iBTC,08 October 2023,15641,10-01-2024 21:45,12-10-2023 23:00
1575,442,559d23a5db8f1b809ba9b48e7504582c96af34f68495f3ed51b2cce5,SP reward for iBTC,08 October 2023,33789,10-01-2024 21:45,12-10-2023 23:00
1576,442,625a80682693f31e617ecbd92d269d226fd5ebd2f8584ef00577a658,SP reward for iBTC,08 October 2023,6057,10-01-2024 21:45,12-10-2023 23:00
1577,442,baeeed00be50eeef2fc6f4089780abd4fc3cc461052fe8f271fd93b4,SP reward for iBTC,08 October 2023,9455,10-01-2024 21:45,12-10-2023 23:00
1578,442,f1edb36c4546c43d547ef1568ab271ca79841977d8816f6f85cffd09,SP reward for iBTC,08 October 2023,12,10-01-2024 21:45,12-10-2023 23:00
1579,442,2797b6e8e72817175772048734122bdfb686c41776318690f1cc5f79,SP reward for iBTC,08 October 2023,12,10-01-2024 21:45,12-10-2023 23:00
1580,442,d522cfaab057a5a8aed4e83723ae0fa5150f007e009aab2e77659701,SP reward for iBTC,08 October 2023,176,10-01-2024 21:45,12-10-2023 23:00
1581,442,903d332a30ff8a7beb13268a99e2fdd35e8a7f20368edda4416158e3,SP reward for iBTC,08 October 2023,136762,10-01-2024 21:45,12-10-2023 23:00
1582,442,ed3122194af84dbc350676f420b1927209b40cf0d239ec26a5cc8623,SP reward for iBTC,08 October 2023,151395,10-01-2024 21:45,12-10-2023 23:00
1583,442,2e1573f020d7dc42fb1befd459287f0e620fb799cee111e43c50d676,SP reward for iBTC,08 October 2023,16168,10-01-2024 21:45,12-10-2023 23:00
1584,442,bffe2a2f3dde97b96f94f5cdde3957828c61db930faba0e4b2afbb46,SP reward for iBTC,08 October 2023,18851,10-01-2024 21:45,12-10-2023 23:00
1585,442,12f5110ed7d627702788e4e38eaee59c8a22b5df19ed9ec664a82738,SP reward for iBTC,08 October 2023,7744,10-01-2024 21:45,12-10-2023 23:00
1586,442,fd604bfce2089228bb84742efa2a90ad7f678753149f4949b376143f,SP reward for iBTC,08 October 2023,117,10-01-2024 21:45,12-10-2023 23:00
1587,442,435ac6984516a80bf6a9e7d16ba8431add7b4f44083131ab8dce0097,SP reward for iBTC,08 October 2023,57608,10-01-2024 21:45,12-10-2023 23:00
1588,442,df3ed3c34530edc62131484128ad73c4a256a8974d6a52ec845b64ed,SP reward for iBTC,08 October 2023,10345,10-01-2024 21:45,12-10-2023 23:00
1589,442,847fe7a38c4292370b7254e6da0d9684769b31a10040e8f8ecf9686b,SP reward for iBTC,08 October 2023,14985,10-01-2024 21:45,12-10-2023 23:00
1590,442,ce6885bef0ae899503bec94142f5c2d8f8d25973ddb50e1c5dca5c1e,SP reward for iBTC,08 October 2023,6959,10-01-2024 21:45,12-10-2023 23:00
1591,442,41c36d3ddc84ef66b56f1a8ad1bd87779262caeab0b0ec2ba129dbbc,SP reward for iBTC,08 October 2023,265568,10-01-2024 21:45,12-10-2023 23:00
1592,442,89d095d531c5d92be599e65bfe27c44652b2cf99b72a332427e9d8a2,SP reward for iBTC,08 October 2023,17270,10-01-2024 21:45,12-10-2023 23:00
1593,442,f18f251f8eddc1825371c53d9fdd05d62aad37584a7b0f9e72cb0d5a,SP reward for iBTC,08 October 2023,23772,10-01-2024 21:45,12-10-2023 23:00
1594,442,270a564190936d5e6199cd157798a1d802e05b5c4d69a756d02a4024,SP reward for iBTC,08 October 2023,2906,10-01-2024 21:45,12-10-2023 23:00
1595,442,1bf3be13ff8e559f0aa594266d0cd164be15cd0fd1252943d97e1edb,SP reward for iBTC,08 October 2023,316,10-01-2024 21:45,12-10-2023 23:00
1596,442,c7a34f1bdd69aee0196ba58d21999dd00a349820247b24041201649c,SP reward for iBTC,08 October 2023,16180,10-01-2024 21:45,12-10-2023 23:00
1597,442,4e5426811df99e191ae0bc3eca64836e561a07d1623b16f94828240b,SP reward for iBTC,08 October 2023,117,10-01-2024 21:45,12-10-2023 23:00
1598,442,d8432e121bd1d5bc137bcaecbece07f1793c31be59f83b18324c5606,SP reward for iBTC,08 October 2023,12,10-01-2024 21:45,12-10-2023 23:00
1599,442,bd8dc08c011f804f96be2b9d6a085b68cbfb7235b362f821e4bd996f,SP reward for iBTC,08 October 2023,12689,10-01-2024 21:45,12-10-2023 23:00
1600,442,38182d9874dbabb161ffff5e21c81a58b8134ff7f34f2407903dba6c,SP reward for iBTC,08 October 2023,4757,10-01-2024 21:45,12-10-2023 23:00
1601,442,77dbc24ca98002157cc36a53b2f84c3080d85cf1946c83fb47d6d86e,SP reward for iBTC,08 October 2023,516,10-01-2024 21:45,12-10-2023 23:00
1602,442,e292dc90457553865ecf16f586d72185fe4ef1afb2dc708f7099e4dd,SP reward for iBTC,08 October 2023,35,10-01-2024 21:45,12-10-2023 23:00
1603,442,222c33a3ddf56799694bb262eec3e8eea2b543200dc8c19cb05e91af,SP reward for iBTC,08 October 2023,1312,10-01-2024 21:45,12-10-2023 23:00
1604,442,4bc68e944b110d752d552bd07df288e2a21102e7fcb8f66bf0fa6b03,SP reward for iBTC,08 October 2023,18652,10-01-2024 21:45,12-10-2023 23:00
1605,442,3bc2ce369c678c1a5115f7949487434175f01002469df0b3183c1a65,SP reward for iBTC,08 October 2023,35055,10-01-2024 21:45,12-10-2023 23:00
1606,442,d454f318a8c6566f00c68a23802c71ef7a6b675fe95d0db765a1bea9,SP reward for iBTC,08 October 2023,1113,10-01-2024 21:45,12-10-2023 23:00
1607,442,24be347acbb7713ebcd0f5b2b131f5d6ec0b9d48f4f142a0da648760,SP reward for iBTC,08 October 2023,1289,10-01-2024 21:45,12-10-2023 23:00
1608,442,1e55b5dd30127909ce59b07ec00664030565822c232536f659139900,SP reward for iBTC,08 October 2023,26396,10-01-2024 21:45,12-10-2023 23:00
1609,442,85efbfc96dbff3982879b8689ec1c4755ea8e4b64281d1ac19a855f2,SP reward for iBTC,08 October 2023,2460,10-01-2024 21:45,12-10-2023 23:00
1610,442,5c3d04a6fd9ff6f0ec72ef6f5213b307db3910cdec68ed15fab76aa7,SP reward for iBTC,08 October 2023,17539,10-01-2024 21:45,12-10-2023 23:00
1611,442,6b5976099e509e58d6d3d04d10a63bdc511b3de937dd839cfb876076,SP reward for iBTC,08 October 2023,409910,10-01-2024 21:45,12-10-2023 23:00
1612,442,5174ab849efa5337d220c79f849aa39ee378cd42b3ea9a2cc55ff905,SP reward for iBTC,08 October 2023,9502,10-01-2024 21:45,12-10-2023 23:00
1613,442,5e7faea68262c87aec85b67c123673325a4193ab39de773499af83ba,SP reward for iBTC,08 October 2023,594146,10-01-2024 21:45,12-10-2023 23:00
1614,442,16af0db2d287df23f43f80b06b04415537fd9b6408c1cb5894da1329,SP reward for iBTC,08 October 2023,1308862,10-01-2024 21:45,12-10-2023 23:00
1615,442,929695c172f6c2841df1482161ec1a2716ee2f166c27c86b20736e71,SP reward for iBTC,08 October 2023,3011,10-01-2024 21:45,12-10-2023 23:00
1616,442,9db8dbdfc35cd01248d7ef8b323d76a072cc6ccec45aca38ddd3f99c,SP reward for iBTC,08 October 2023,357024,10-01-2024 21:45,12-10-2023 23:00
1617,442,db9b636e1b467ad9fa1c99c5820477f235d024c6079471192b750ce4,SP reward for iBTC,08 October 2023,59,10-01-2024 21:45,12-10-2023 23:00
1618,442,3cdcafabe8d5a88419c7cb447f0467d81cd4086c97b489b49ddd0dca,SP reward for iBTC,08 October 2023,220180,10-01-2024 21:45,12-10-2023 23:00
1619,442,01bb74d6a09834970c7e1cb6883cfaecbd3982e7fcc8d24116deaa84,SP reward for iBTC,08 October 2023,2929,10-01-2024 21:45,12-10-2023 23:00
1620,442,30f71e8f66d9f908f0a47173cccb4127341e557e9f3d9d60e0d60178,SP reward for iBTC,08 October 2023,1752632,10-01-2024 21:45,12-10-2023 23:00
1621,442,c55b4e912c5d71dfaa4f0b7487eecf8ed26a9ae779a9ad422639fd45,SP reward for iBTC,08 October 2023,9338,10-01-2024 21:45,12-10-2023 23:00
1622,442,cef48e82717f374be93b1e5bccad65b68e9403e57dcec8f251b35455,SP reward for iBTC,08 October 2023,33709118,10-01-2024 21:45,12-10-2023 23:00
1623,442,289cee24fb86dd5d5b6f02c8ca80397e03fa83c086d6e698e3ec330b,SP reward for iBTC,08 October 2023,387,10-01-2024 21:45,12-10-2023 23:00
1624,442,61cc93b6feaaf71fb0a4133fc103134b9e0057b17a96b5b8ab064345,SP reward for iBTC,08 October 2023,69207,10-01-2024 21:45,12-10-2023 23:00
1625,442,31352abda9a60e8a89222a049834cdd603dcc4fa2f9f3dbfc0a0b25f,SP reward for iBTC,08 October 2023,4850,10-01-2024 21:45,12-10-2023 23:00
1626,442,73064ed9d446fe559dea6a5c0484f4c4876d91e1d7442109f6815770,SP reward for iBTC,08 October 2023,351,10-01-2024 21:45,12-10-2023 23:00
1627,442,63b3889ebf65aba913b3ca44031d7b2c59b04b0727c3f2e67d52d034,SP reward for iBTC,08 October 2023,59,10-01-2024 21:45,12-10-2023 23:00
1628,442,8b542601309e158b422074b4a53ec9aa0f09a0b50f58bce55a68b4a0,SP reward for iBTC,08 October 2023,2062,10-01-2024 21:45,12-10-2023 23:00
1629,442,7bfcb0b4a3974232c21fe4440a2befb5aff58093e9582c9d447c1e0d,SP reward for iBTC,08 October 2023,23,10-01-2024 21:45,12-10-2023 23:00
1630,442,86072393fd16edefa5aa60ad88220dda3560bfdefa40eb96e3070075,SP reward for iBTC,08 October 2023,5729,10-01-2024 21:45,12-10-2023 23:00
1631,442,998a487e8caad608417916a0378d4886f64d23d4eaa192af56ff886e,SP reward for iBTC,08 October 2023,68703,10-01-2024 21:45,12-10-2023 23:00
1632,442,4385f6e1941b54b06ddfad16a7d19ee7f713d9f4fd7d3d9334b9b566,SP reward for iBTC,08 October 2023,152,10-01-2024 21:45,12-10-2023 23:00
1633,442,11b4ac68cf0d110247dc7d2bc139c92fd7a21af0a798a913e06fecd1,SP reward for iBTC,08 October 2023,61779,10-01-2024 21:45,12-10-2023 23:00
1634,442,ae17e9f63022e30bddc7f2c9189140dfdc434af23e26f37f75394229,SP reward for iBTC,08 October 2023,10404,10-01-2024 21:45,12-10-2023 23:00
1635,442,08abc365d15eb5a450ff8ed2a6207bfa3cb5a0df4ec1ddd0e6636026,SP reward for iBTC,08 October 2023,12,10-01-2024 21:45,12-10-2023 23:00
1636,442,53313be7f4738a1ad1554126858d052f318ccbf66d88b5016e9155d5,SP reward for iBTC,08 October 2023,551,10-01-2024 21:45,12-10-2023 23:00
1637,442,8d995bf956bbf2a69b6549ca3a6830e9292b0d2641e9fa520d0f294d,SP reward for iBTC,08 October 2023,279382,10-01-2024 21:45,12-10-2023 23:00
1638,442,5f9483631a382320cd149d20a120f71c1f8c7030b72408f44fccd795,SP reward for iBTC,08 October 2023,23,10-01-2024 21:45,12-10-2023 23:00
1639,442,243143a1edf725605b078e3660ccf3ef4811e54ce8d70b04ae15a4b0,SP reward for iBTC,08 October 2023,8119,10-01-2024 21:45,12-10-2023 23:00
1640,442,8ced098872686355fd3accc2329d595bf2ac9c6e7e981a8bc89d4540,SP reward for iBTC,08 October 2023,58920,10-01-2024 21:45,12-10-2023 23:00
1641,442,6f860cd15e7d9a0fe71735b338fa4ad81e418ddaae95928bd2994fc1,SP reward for iBTC,08 October 2023,3091006,10-01-2024 21:45,12-10-2023 23:00
1642,442,4647b9163e069f291328c22c76051780a8e8616e00354aa8cbc5cf6e,SP reward for iBTC,08 October 2023,12,10-01-2024 21:45,12-10-2023 23:00
1643,442,b178ffc093995ed4f92326da8cbbae25832bd1c723b4897435ae3ee3,SP reward for iBTC,08 October 2023,29935,10-01-2024 21:45,12-10-2023 23:00
1644,442,222afda7939e082f26e12d2ce9cf584b44538b31a60e2e1f3f333821,SP reward for iBTC,08 October 2023,1054,10-01-2024 21:45,12-10-2023 23:00
1645,442,0a72021d32d5893231aef79b5b87f086fd32119a0f301957705506e4,SP reward for iBTC,08 October 2023,129779,10-01-2024 21:45,12-10-2023 23:00
1646,442,71b03bb1f2db64f230e74c08d8bee62313660b1bf9649fbc28f690bc,SP reward for iBTC,08 October 2023,82247,10-01-2024 21:45,12-10-2023 23:00
1647,442,0dbb67ed102393b0bf27cb9d1c2f8f83ad7a9f1689904879a5191c92,SP reward for iBTC,08 October 2023,674143,10-01-2024 21:45,12-10-2023 23:00
1648,442,96ea86b6481fa765de3718fae818186c426d848761d5e574b5d9078d,SP reward for iBTC,08 October 2023,259992,10-01-2024 21:45,12-10-2023 23:00
1649,442,c05d3ab97abdcac7e81855b92b59afe40f18b059e9d8cceedc5ef511,SP reward for iBTC,08 October 2023,15899,10-01-2024 21:45,12-10-2023 23:00
1650,442,9342a76f7de030e7df3e37249b14ef9ea67bbdde1e95e654aab21fb5,SP reward for iBTC,08 October 2023,35570,10-01-2024 21:45,12-10-2023 23:00
1651,442,bc12846dfe29fb17207d6e11b98fdda7201679227d46d744de5574e8,SP reward for iBTC,08 October 2023,32407,10-01-2024 21:45,12-10-2023 23:00
1652,442,ad4c1b0b50a32c00b7798cc93a249f5702d7e23c91601657d52c56ad,SP reward for iBTC,08 October 2023,122011,10-01-2024 21:45,12-10-2023 23:00
1653,442,b485a4652f1572808586882af82ef45d6219992c2b3dc68412fa6502,SP reward for iBTC,08 October 2023,122046,10-01-2024 21:45,12-10-2023 23:00
1654,442,1989462784de66a8e08b553e196bb609d62853586a741ce3abb34e13,SP reward for iBTC,08 October 2023,119305,10-01-2024 21:45,12-10-2023 23:00
1655,442,f393547fdc57f678fdd9827cb603e9a60d57282bd37416a327094f56,SP reward for iBTC,08 October 2023,80700,10-01-2024 21:45,12-10-2023 23:00
1656,442,945cd17ae5a96a439a8191283c8459e67ab18c7e2d93fa1dfce4671c,SP reward for iBTC,08 October 2023,11775,10-01-2024 21:45,12-10-2023 23:00
1657,442,4484d456440c1956679e21e1d66e924d649c00666227046c3f1c96f7,SP reward for iBTC,08 October 2023,12,10-01-2024 21:45,12-10-2023 23:00
1658,442,53494b753f7670d751b575f6d4559aeb0d1a55e8e1b60a85e73e2df0,SP reward for iBTC,08 October 2023,50168,10-01-2024 21:45,12-10-2023 23:00
1659,442,54305958538cfe7e957863cc9f844dd6eedb9a0e654df4405636a554,SP reward for iBTC,08 October 2023,7873,10-01-2024 21:45,12-10-2023 23:00
1660,442,5f7d1aba60a090039edbb0294ccb27d3617a8827396b292ee49dec9f,SP reward for iBTC,08 October 2023,24487,10-01-2024 21:45,12-10-2023 23:00
1661,442,9ec26f63bfe50214282ef7ab89765bb7d647271ab7952de6815fbc19,SP reward for iBTC,08 October 2023,7264,10-01-2024 21:45,12-10-2023 23:00
1662,442,9430bd1b6d9bf6308dec0be93790ab927ac721606a76b52a7cf26ae6,SP reward for iBTC,08 October 2023,25178,10-01-2024 21:45,12-10-2023 23:00
1663,442,92cc4d0251f53a24f5366fb898c1681fee4d41123eab48bca6293ba1,SP reward for iBTC,08 October 2023,77478,10-01-2024 21:45,12-10-2023 23:00
1664,442,9797a1b44f05c0ef79368313bf12221d6b388d8b7a02cab480df05be,SP reward for iBTC,08 October 2023,11095,10-01-2024 21:45,12-10-2023 23:00
1665,442,529828b5fb8e3347ffc11e615fead9d06250f5457c828595bba6d3ba,SP reward for iBTC,08 October 2023,407731,10-01-2024 21:45,12-10-2023 23:00
1666,442,2381ee57a1f2e2074431f7af73f56c256f683727438021c4a9eb1883,SP reward for iBTC,08 October 2023,147517,10-01-2024 21:45,12-10-2023 23:00
1667,442,afe4f9c05f0b2fe3e561b4367044d774119a0029c6e8e25e92488a40,SP reward for iBTC,08 October 2023,145736,10-01-2024 21:45,12-10-2023 23:00
1668,442,111f4fa65714de665800cdaa883559bc60d994f34ef9f49b372d5c12,SP reward for iBTC,08 October 2023,433026,10-01-2024 21:45,12-10-2023 23:00
1669,442,2c3249ad7a3ec1b7781db91899c6c15a068abafe2117c09aca08d097,SP reward for iBTC,08 October 2023,447168,10-01-2024 21:45,12-10-2023 23:00
1670,442,30f730fb260aed1721ae7ec3d6ba003509bc8d125ddbf93ddf51cfac,SP reward for iBTC,08 October 2023,6971,10-01-2024 21:45,12-10-2023 23:00
1671,442,a2b3fc71aa466e489bef35c30ca8b4a9388f701ab0cd73c9c81a5409,SP reward for iBTC,08 October 2023,23631,10-01-2024 21:45,12-10-2023 23:00
1672,442,8bb9c1842b5df8a44359e65982adb4d2a7d0cb745a2b8488592e3d9f,SP reward for iBTC,08 October 2023,33543,10-01-2024 21:45,12-10-2023 23:00
1673,442,c90dfeb23d605971a7c59e29113aecd883e6390ae59b21748a3ef672,SP reward for iBTC,08 October 2023,26666,10-01-2024 21:45,12-10-2023 23:00
1674,442,06126a123250e0920b44678709da9d6d06d9edca5ecc7c532ac49aad,SP reward for iBTC,08 October 2023,12,10-01-2024 21:45,12-10-2023 23:00
1675,442,12f84d27cceeee594ed1f7928398c1653346becbbc159e80556cc6fd,SP reward for iBTC,08 October 2023,47591,10-01-2024 21:45,12-10-2023 23:00
1676,442,1434b0f9b0d42bdfe065dfbde6089def626c28128e2b25234b8409db,SP reward for iBTC,08 October 2023,7440,10-01-2024 21:45,12-10-2023 23:00
1677,442,a61e01183e93a2bd0cb1ee515fe8c652c33404cb1643c0bb5867cd63,SP reward for iBTC,08 October 2023,5096,10-01-2024 21:45,12-10-2023 23:00
1678,442,3001ab2e1afb570d756ead9ed5c82ae8241ae8cce18a17113c5706af,SP reward for iBTC,08 October 2023,61088,10-01-2024 21:45,12-10-2023 23:00
1679,442,e1a70a14406e84b401683a3b044d3fc7dbec76833c7e7e934585b678,SP reward for iBTC,08 October 2023,429734,10-01-2024 21:45,12-10-2023 23:00
1680,442,2ef4c3d711d1a7adab1a24a04856a191a3a162dc844c039eba9adbe6,SP reward for iBTC,08 October 2023,72382,10-01-2024 21:45,12-10-2023 23:00
1681,442,9bf780683ee09b92d00a465c519ef7febf74a26e6ff45fd9af96e496,SP reward for iBTC,08 October 2023,132228,10-01-2024 21:45,12-10-2023 23:00
1682,442,f3820b9d2e1ff6bc15652ffbc01346225e9d3f5c06adeb77b316f12a,SP reward for iBTC,08 October 2023,53097,10-01-2024 21:45,12-10-2023 23:00
1683,442,f4d2cd5b06c42740805070280540bda96165b3b3c3129319b0cb61d8,SP reward for iBTC,08 October 2023,129369,10-01-2024 21:45,12-10-2023 23:00
1684,442,514ec5e427280c6bca6a0d79dea12bc793673a7241ba8f6f982a542e,SP reward for iBTC,08 October 2023,42928,10-01-2024 21:45,12-10-2023 23:00
1685,442,0459b42e46e5d7a16fc6970f4c863641d5dde5560bd5881a1a8afc8b,SP reward for iBTC,08 October 2023,551007,10-01-2024 21:45,12-10-2023 23:00
1686,442,d5783eeb99454513796d07833a55b33d041157aa2557f641d50b7f13,SP reward for iBTC,08 October 2023,82,10-01-2024 21:45,12-10-2023 23:00
1687,442,97e4d04ae43b647e81b6329013697a1417c167be759ae49780568c76,SP reward for iBTC,08 October 2023,225136,10-01-2024 21:45,12-10-2023 23:00
1688,442,ad122b9fa3ab86495712afd2a6f655430427c2cf21a54fd0c8fe8e63,SP reward for iBTC,08 October 2023,87308,10-01-2024 21:45,12-10-2023 23:00
1689,442,5b57fb20f89e6a300ba3160a8339a32e0ea1751c776d874df2154527,SP reward for iBTC,08 October 2023,2203,10-01-2024 21:45,12-10-2023 23:00
1690,442,637d1f755c749370501adf2605aed6c5ecf198e037a12ed3bfc02f89,SP reward for iBTC,08 October 2023,12349,10-01-2024 21:45,12-10-2023 23:00
1691,442,10a2ea055b227f1d48a0a462ca6048f82693653fdb534eb7cd3ca654,SP reward for iBTC,08 October 2023,77490,10-01-2024 21:45,12-10-2023 23:00
1692,442,8425e1110917c188382ff1e28f3e11c6310ca3c1ee09b4b4bcc41bc1,SP reward for iBTC,08 October 2023,17656,10-01-2024 21:45,12-10-2023 23:00
1693,442,10bc27afabbda7fc02b15506968725e6af86ff6932f30a128d1d2f9e,SP reward for iBTC,08 October 2023,26467,10-01-2024 21:45,12-10-2023 23:00
1694,442,5d4a3c04c9a3115bf18cc6a37a4388050eadb756253bedf452d8efa2,SP reward for iBTC,08 October 2023,167411,10-01-2024 21:45,12-10-2023 23:00
1695,442,89867b8f45893cb14c1de33e0d5d3306dcf249101e203796017243ac,SP reward for iBTC,08 October 2023,5096,10-01-2024 21:45,12-10-2023 23:00
1696,442,73a2384cb145aa11ef7c996728c5715f87b007368e1a4769853927ee,SP reward for iBTC,08 October 2023,11236412,10-01-2024 21:45,12-10-2023 23:00
1697,442,e65fafb51e3a0af5b2fc7dbdb246b633fdcccd9459e3e2f2c09f2ccb,SP reward for iBTC,08 October 2023,95896,10-01-2024 21:45,12-10-2023 23:00
1698,442,6c8ecb2a0a26b86449201ea03fe11aeefc109c8e5e1d650779c01b7c,SP reward for iBTC,08 October 2023,48235,10-01-2024 21:45,12-10-2023 23:00
1699,442,856d18a37ff1be2074f1904f3db9d2d45ea8badc88a3ff443836b97e,SP reward for iBTC,08 October 2023,58498,10-01-2024 21:45,12-10-2023 23:00
1700,442,a33c563393379855e9b6f66e6830ceac659fac8982b06d4128b21722,SP reward for iBTC,08 October 2023,4335,10-01-2024 21:45,12-10-2023 23:00
1701,442,c66e4c7f7e62a9e589fbd7261b2510001a269b08530916b8af59f392,SP reward for iBTC,08 October 2023,209179,10-01-2024 21:45,12-10-2023 23:00
1702,442,e4a3572c85228edfa7ee4d015fa55fd6c93d181597f86859aaabca91,SP reward for iBTC,08 October 2023,365600,10-01-2024 21:45,12-10-2023 23:00
1703,442,6a454ac65fe62709fb8b2f46b6ed76a6497997c2eb9cfd9b4de35940,SP reward for iBTC,08 October 2023,909519,10-01-2024 21:45,12-10-2023 23:00
1704,442,5d464f67736cef9286be8854cdd17fdceeca017d2b0bb56c76db64f2,SP reward for iBTC,08 October 2023,186813,10-01-2024 21:45,12-10-2023 23:00
1705,442,3350a1cb0110a5855f289a0738fdbe0c00c07cf748fd5f5cdf1aa63b,SP reward for iBTC,08 October 2023,246846,10-01-2024 21:45,12-10-2023 23:00
1706,442,e1dabf1e8691c018fda047487415acf4ed06b874cc7e2bb639dd1845,SP reward for iBTC,08 October 2023,11646,10-01-2024 21:45,12-10-2023 23:00
1707,442,63d62b85ce675ee25e9e0da4c846d9843afc136a494b52ccdc2e48e2,SP reward for iBTC,08 October 2023,47,10-01-2024 21:45,12-10-2023 23:00
1708,442,e599429457c61531f5ec659442d7e430dc2e1c6152944d6815f4b064,SP reward for iBTC,08 October 2023,743866,10-01-2024 21:45,12-10-2023 23:00
1709,442,d901310b443168e1fc2d91faeb7f64e19312a8f9ffa2280ad775c1fe,SP reward for iBTC,08 October 2023,562571,10-01-2024 21:45,12-10-2023 23:00
1710,442,a7b9ee64702f425ec79d48bec8dc50489e4996c684b3624233bf6e3b,SP reward for iBTC,08 October 2023,77256,10-01-2024 21:45,12-10-2023 23:00
1711,442,f6babe82e81a1d51f5e4368647e69d71363450dec2d259c239658201,SP reward for iBTC,08 October 2023,57678,10-01-2024 21:45,12-10-2023 23:00
1712,442,cc42402b917443957763a94854647b10ceb0ae702a224166ab86b8a9,SP reward for iBTC,08 October 2023,77092,10-01-2024 21:45,12-10-2023 23:00
1713,442,d20a972f5bddebc47975b4d78f5a5ea7113b8311a84623fe58891b45,SP reward for iBTC,08 October 2023,27123,10-01-2024 21:45,12-10-2023 23:00
1714,442,5310a7c00c573d9400459ad061211250ce8c164a1b657d952003f32e,SP reward for iBTC,08 October 2023,163955,10-01-2024 21:45,12-10-2023 23:00
1715,442,04c8f0976496bf3b67a4e70b9cc2a9c3c78de5a04e5713c8b00c7a97,SP reward for iBTC,08 October 2023,39893,10-01-2024 21:45,12-10-2023 23:00
1716,442,bc74633bac550bbadaf788c0d83c68087a119dbdd4f75bbde49f154a,SP reward for iBTC,08 October 2023,50028,10-01-2024 21:45,12-10-2023 23:00
1717,442,3e2a4fefddafa38436d4c55f1c52cbca11c3c2aef0e94f37ff5be620,SP reward for iBTC,08 October 2023,58662,10-01-2024 21:45,12-10-2023 23:00
1718,442,b8a892490fa5784bf2c73603b7cc0f05a3219fc7901db3e698ad7f11,SP reward for iBTC,08 October 2023,6795,10-01-2024 21:45,12-10-2023 23:00
1719,442,72b1e604e866f798b31d76fb363aa3e570b6514117485b2f5c897753,SP reward for iBTC,08 October 2023,34855,10-01-2024 21:45,12-10-2023 23:00
1720,442,ea374c2d569d63853df7d92c816502210495360908aa4df12568e567,SP reward for iBTC,08 October 2023,36999,10-01-2024 21:45,12-10-2023 23:00
1721,442,ba9cdccfb43c0bb8236d5819a7086f1093d0c0a4d6b631ea5eed67bc,SP reward for iBTC,08 October 2023,465632,10-01-2024 21:45,12-10-2023 23:00
1722,442,e2a3bc9f398b6f1efe80bf7a1293dfd4c04ea81867ff0a897cb5eacd,SP reward for iBTC,08 October 2023,101274,10-01-2024 21:45,12-10-2023 23:00
1723,442,144a91af110e1f266e04a5fc28a41d897523570b8c8ca12724be3b64,SP reward for iBTC,08 October 2023,30942,10-01-2024 21:45,12-10-2023 23:00
1724,442,73160153c6fceb9fc89216a5940585b4cb9c1876b5a7d7889089ce12,SP reward for iBTC,08 October 2023,19003,10-01-2024 21:45,12-10-2023 23:00
1725,442,ccf0463efcfc0be16312d889a485c827392edb4bf32af4b43af4aad5,SP reward for iBTC,08 October 2023,29888,10-01-2024 21:45,12-10-2023 23:00
1726,442,782f7991e512e52aa83c538ae74d90283916f770165a85f30e222070,SP reward for iBTC,08 October 2023,7075422,10-01-2024 21:45,12-10-2023 23:00
1727,442,35b5123df5bdeca9a3899f0b9d6581d29ef0b8f1f177a9809a4f5203,SP reward for iBTC,08 October 2023,1605689,10-01-2024 21:45,12-10-2023 23:00
1728,442,8a42473e6bdb66189f724c4da29b6940eae317179fe69bf92e0242cc,SP reward for iBTC,08 October 2023,1618518,10-01-2024 21:45,12-10-2023 23:00
1729,442,edb0c1b08e873184c25ab99e045c1331c2a8009d5d6abafef20429d7,SP reward for iBTC,08 October 2023,171816,10-01-2024 21:45,12-10-2023 23:00
1730,442,a9df654a096a290a5d3e0eb25b16e658df3833f5669bcbb2f809e3c2,SP reward for iBTC,08 October 2023,516433,10-01-2024 21:45,12-10-2023 23:00
1731,442,5d1ae8825555ff8847263b4cad9c1fd8b9b7d6f788dddd71a34f23fe,SP reward for iBTC,08 October 2023,12,10-01-2024 21:45,12-10-2023 23:00
1732,442,ecf6df3e564fb3214117ff1ba3fb4532e6d1f2fb80c0015027b291b8,SP reward for iBTC,08 October 2023,762,10-01-2024 21:45,12-10-2023 23:00
1733,442,6fe35e3afb8041bb4b3e2df8a1ff4fcb433b5061ca04d71a44c925d1,SP reward for iBTC,08 October 2023,105070,10-01-2024 21:45,12-10-2023 23:00
1734,442,374b46ff0fc4f269f31c99a12c82159a58207c3e686c437d57dad408,SP reward for iBTC,08 October 2023,124858,10-01-2024 21:45,12-10-2023 23:00
1735,442,a5113918bdedb5881ff37ed3c4d45141f8cca161573b5e2be5071f75,SP reward for iBTC,08 October 2023,35875,10-01-2024 21:45,12-10-2023 23:00
1736,442,bdf1507fde82b8d0513273600289002f05e0caab85d28a804ec36a73,SP reward for iBTC,08 October 2023,4300,10-01-2024 21:45,12-10-2023 23:00
1737,442,5277d320e4e981971f75599c3c15bc0abebbdb6aea9cbadccb16bff1,SP reward for iBTC,08 October 2023,124542,10-01-2024 21:45,12-10-2023 23:00
1738,442,fc4456a76943fc8ddf1fec0d5b5ea44213e92bb498cf57768c82b872,SP reward for iBTC,08 October 2023,49161,10-01-2024 21:45,12-10-2023 23:00
1739,442,d93ec003c4f3efe6cee6dc59a04d13c177c1fcf36d0cee212fcced8e,SP reward for iBTC,08 October 2023,82751,10-01-2024 21:45,12-10-2023 23:00
1740,442,aee02fa77ebc7ddf3c93a8d3afe0d44d94a9d81d4d26684c49f25cf2,SP reward for iBTC,08 October 2023,167423,10-01-2024 21:45,12-10-2023 23:00
1741,442,78286944b6758ecbd9179c981466d8a007296b1e09fc3cf53add1fd8,SP reward for iBTC,08 October 2023,94,10-01-2024 21:45,12-10-2023 23:00
1742,442,ef375afc54458f274bd07dec902e981a581fb46d4ab6d996e40b5bb0,SP reward for iBTC,08 October 2023,174312,10-01-2024 21:45,12-10-2023 23:00
1743,442,a181fb98e93e123144d85fee0993bd560ed91d82ccb4b9681bdecc95,SP reward for iBTC,08 October 2023,1455863,10-01-2024 21:45,12-10-2023 23:00
1744,442,308ee07a2d9f4a8cb93dffdbfd031413b4e8f5e55218c099e6f131ea,SP reward for iBTC,08 October 2023,221047,10-01-2024 21:45,12-10-2023 23:00
1745,442,cbd45719e9d7a6332688ac3ad8bcec87def6bb55174662ee16b5fa61,SP reward for iBTC,08 October 2023,150036,10-01-2024 21:45,12-10-2023 23:00
1746,442,451fe314c4e9a41bb5804455fb4057afc1cbf2b74cde2d3d737b3354,SP reward for iBTC,08 October 2023,12,10-01-2024 21:45,12-10-2023 23:00
1747,442,ee5592e3bff712a914258c52f57873c0cfc73a7b2c25008fedbcdf9d,SP reward for iBTC,08 October 2023,10345,10-01-2024 21:45,12-10-2023 23:00
1748,442,5dbde133f26c4c4d49266229d6414d8496450a0322832c6e4219cb4b,SP reward for iBTC,08 October 2023,64110,10-01-2024 21:45,12-10-2023 23:00
1749,442,117a220650f577db973565412c705745e0cac69c796d137e977267a0,SP reward for iBTC,08 October 2023,105,10-01-2024 21:45,12-10-2023 23:00
1750,442,a6c6b85a1faea3c830ff6410fa94503a0deff927429be8fea8ecfe1c,SP reward for iBTC,08 October 2023,16871,10-01-2024 21:45,12-10-2023 23:00
1751,442,53eb9c7601e433f0659a74479e98400d203af061f135354f43e0dad4,SP reward for iBTC,08 October 2023,34832,10-01-2024 21:45,12-10-2023 23:00
1752,442,d4bed2ddaa7dfa8f582a33dae7d0f0e0dca95bc6a7d9674807386af3,SP reward for iBTC,08 October 2023,73800,10-01-2024 21:45,12-10-2023 23:00
1753,442,a076e24a67c4906b17ede60183d0478e4d95431c5a227f3d35c4e8dc,SP reward for iBTC,08 October 2023,5132,10-01-2024 21:45,12-10-2023 23:00
1754,442,dc2f8d28b7b68eea544d5f052410ca6a34a5e6e811ef13496e156dda,SP reward for iBTC,08 October 2023,41077,10-01-2024 21:45,12-10-2023 23:00
1755,442,7b0d6609ff14368ecd1a39d4d737292d2e348cb35801e0fea067f5ce,SP reward for iBTC,08 October 2023,553292,10-01-2024 21:45,12-10-2023 23:00
1756,442,e9558a5fc36f0f9794e7810b3773d63556795a00e9aba9584532a2fa,SP reward for iBTC,08 October 2023,929612,10-01-2024 21:45,12-10-2023 23:00
1757,442,ea79af332a33e08d0180ace4940a4bba5e9040ea76bf0f8a884279cd,SP reward for iBTC,08 October 2023,16156,10-01-2024 21:45,12-10-2023 23:00
1758,442,42cad31cebab15afa9009d990b34374946246b0ffa50405d811ea6fb,SP reward for iBTC,08 October 2023,56214,10-01-2024 21:45,12-10-2023 23:00
1759,442,07870a95cc8ef51c6813a07f93b76c9e920640902bf176855333a03e,SP reward for iBTC,08 October 2023,107155,10-01-2024 21:45,12-10-2023 23:00
1760,442,37659fd936489ba08c0f7122f30d034594d20804392ba14cd2a6d362,SP reward for iBTC,08 October 2023,3527,10-01-2024 21:45,12-10-2023 23:00
1761,442,026c8ee36589862c813abaf4142583d8631869cc694bfc393ad229ed,SP reward for iBTC,08 October 2023,110740,10-01-2024 21:45,12-10-2023 23:00
1762,442,1d873b8c37d35e5e322736d5194df4efbcec93bd3e87090998185a10,SP reward for iBTC,08 October 2023,450999,10-01-2024 21:45,12-10-2023 23:00
1763,442,8c1879394f01e671306b6e8f2d2f67383a3ce75a387ecf3c18e3d87d,SP reward for iBTC,08 October 2023,43959,10-01-2024 21:45,12-10-2023 23:00
1764,442,95adb311d06d54e4251c9dc4f413de7ae81eb4d19c503d968ae1aad5,SP reward for iBTC,08 October 2023,187305,10-01-2024 21:45,12-10-2023 23:00
1765,442,35c495d0df5f9332169c25a654f44ce8ba0e494f7fccf9037718b5d1,SP reward for iBTC,08 October 2023,324641,10-01-2024 21:45,12-10-2023 23:00
1766,442,9c9cfb0162ad71b2ea61e82aa7676826d3bb5a58eb5f005b68a4c8da,SP reward for iBTC,08 October 2023,1100573,10-01-2024 21:45,12-10-2023 23:00
1767,442,698ceb483c24a183e0a9efbb33b25789c41494082421f4df6c75803e,SP reward for iBTC,08 October 2023,195295,10-01-2024 21:45,12-10-2023 23:00
1768,442,efdea48b2d455838b64f1bdbf0106eef7cd67041ce4aa429d812183e,SP reward for iBTC,08 October 2023,105691,10-01-2024 21:45,12-10-2023 23:00
1769,442,b475be0fdcfcfe84c5c20a5e697f805c4a27f911a8eb47b7177304aa,SP reward for iBTC,08 October 2023,689421,10-01-2024 21:45,12-10-2023 23:00
1770,442,38a6b071d8b300a0a8219cb49ae293024f466985a89f62d6188d0388,SP reward for iBTC,08 October 2023,10943,10-01-2024 21:45,12-10-2023 23:00
1771,442,69af353f2cb9ab695b429cff0e80203bc8e9e47548f28176e9bf99a0,SP reward for iBTC,08 October 2023,86453,10-01-2024 21:45,12-10-2023 23:00
1772,442,694abb439fba197ce0ee7420e98cb6a8f1535069b1bd6e65cf3c3db1,SP reward for iBTC,08 October 2023,73214,10-01-2024 21:45,12-10-2023 23:00
1773,442,e67bcf67de8a7932f1b1e396657a7f3f27463e98327fbb5e8d27b1b3,SP reward for iBTC,08 October 2023,212530,10-01-2024 21:45,12-10-2023 23:00
1774,442,a21ad32e6fdf1ed6d0ffdec01e71a481dc2b0c8ec0290f2ed9f227c1,SP reward for iBTC,08 October 2023,961,10-01-2024 21:45,12-10-2023 23:00
1775,442,9adca998ba0dd97e2f2720c2ae640088796272ec3f41a6cdf8819fe4,SP reward for iBTC,08 October 2023,15430,10-01-2024 21:45,12-10-2023 23:00
1776,442,4275e6428a0fbad50a8d8172bb5dfb1c4e5939e18312f7b852f7a374,SP reward for iBTC,08 October 2023,13040,10-01-2024 21:45,12-10-2023 23:00
1777,442,476b3ff004d654d9792905df08b6122ce7f0934776fd4cfe14619e1f,SP reward for iBTC,08 October 2023,4206,10-01-2024 21:45,12-10-2023 23:00
1778,442,43b8e3375ecf90169230d91ce92863d0b041ed4c8668cc87d17ea980,SP reward for iBTC,08 October 2023,13907,10-01-2024 21:45,12-10-2023 23:00
1779,442,cf80384d5c45b66114334e9aa2ceb2c5fc762a94301c4c6787c69edc,SP reward for iBTC,08 October 2023,281889,10-01-2024 21:45,12-10-2023 23:00
1780,442,7dc85fe5487b335c2da93f88ece77f627227d835da86e4eb193312d4,SP reward for iBTC,08 October 2023,12,10-01-2024 21:45,12-10-2023 23:00
1781,442,258b0f580832ed26df4c5d92a9b5270c0e3dd4dd5a806bf7b8817ee4,SP reward for iBTC,08 October 2023,40268,10-01-2024 21:45,12-10-2023 23:00
1782,442,01eb20dded4e71bc19c2fe3b5751eae6d10a765dfb16db2e82f6a4ba,SP reward for iBTC,08 October 2023,65399,10-01-2024 21:45,12-10-2023 23:00
1783,442,6c2c506ec04e624743404ae1688a4fc6f668de7ac6990612e26246d0,SP reward for iBTC,08 October 2023,11810,10-01-2024 21:45,12-10-2023 23:00
1784,442,802cb092106fceffa2337814d10a42c330bfd573c0b29819d6a43b4a,SP reward for iBTC,08 October 2023,298854,10-01-2024 21:45,12-10-2023 23:00
1785,442,02dea5a4227b3f3ea4c25cb9efec1c9d21d6c84c094723fc4d0ea263,SP reward for iBTC,08 October 2023,8026,10-01-2024 21:45,12-10-2023 23:00
1786,442,bd2a3bc90f29b243b3034ce2db38942aac3e16c7ebe0016add056d53,SP reward for iBTC,08 October 2023,5143,10-01-2024 21:45,12-10-2023 23:00
1787,442,fa447f916a5a021053692ded933c27349eec25674d8d0cd7470f0125,SP reward for iBTC,08 October 2023,1242,10-01-2024 21:45,12-10-2023 23:00
1788,442,a65059f2283e5ff29d0c818cba02d9f700fc7c3e891c324bdfd5d1ca,SP reward for iBTC,08 October 2023,105925,10-01-2024 21:45,12-10-2023 23:00
1789,442,a6dbba290877e35a99d112108edf8c59364f9d06d0de28484b88d592,SP reward for iBTC,08 October 2023,1757,10-01-2024 21:45,12-10-2023 23:00
1790,442,e367111803d9720ed53b7127da78ed0a9317a8b7188c71fa947fb5cb,SP reward for iBTC,08 October 2023,17785,10-01-2024 21:45,12-10-2023 23:00
1791,442,39b625fa46ceaed9d756e6e663b0ce12da66b96f571a70f81d307000,SP reward for iBTC,08 October 2023,2520176,10-01-2024 21:45,12-10-2023 23:00
1792,442,91b90be38c88534f0e56ac18a8d1f0c6b1502fff72d59930ca2a37de,SP reward for iBTC,08 October 2023,11400,10-01-2024 21:45,12-10-2023 23:00
1793,442,79e3d59ab4a72ee17c3f6ee81f262aada5ba9f9c9293eb3b07363224,SP reward for iBTC,08 October 2023,136024,10-01-2024 21:45,12-10-2023 23:00
1794,442,56460232600f7f83c802cd4d754d1df5909498ba129dd9b921490ba5,SP reward for iBTC,08 October 2023,54890,10-01-2024 21:45,12-10-2023 23:00
1795,442,31ac5363f5d3b6bc5ee0a10aac24f82fb0417a1e53f318833cb34c9b,SP reward for iBTC,08 October 2023,10638,10-01-2024 21:45,12-10-2023 23:00
1796,442,c50059f86353b3a494aa471c2ed2bb644db9a28cb3242e5651f297c3,SP reward for iBTC,08 October 2023,24803,10-01-2024 21:45,12-10-2023 23:00
1797,442,d218cf8074ea70f71c6cb07461ea99c98ea021dce93f8ef31e17a07c,SP reward for iBTC,08 October 2023,4886,10-01-2024 21:45,12-10-2023 23:00
1798,442,9b314b76487603dec62a43cfeea584dae73cd42e7f83871495974fdb,SP reward for iBTC,08 October 2023,28494,10-01-2024 21:45,12-10-2023 23:00
1799,442,89b6e6736d0a6643d4f3a5205c5ebb853a1d8fbbc51b8d73723af1e4,SP reward for iBTC,08 October 2023,11986,10-01-2024 21:45,12-10-2023 23:00
1800,442,dbe4f7a84a446f0945219f3e126c627216733c00f33ac99e0184f0d7,SP reward for iBTC,08 October 2023,96224,10-01-2024 21:45,12-10-2023 23:00
1801,442,7a069e44ff96e9f9c7dd2097650124d542e88638fbcc67de7e168139,SP reward for iBTC,08 October 2023,42061,10-01-2024 21:45,12-10-2023 23:00
1802,442,dbf5237efea8d4014dd9dd124d0c1f8798e92e1e2016cf670eaf1424,SP reward for iBTC,08 October 2023,47743,10-01-2024 21:45,12-10-2023 23:00
1803,442,1b1ba287e7816fd86a470d6e56a89db3741b4781b0946730482f0c8e,SP reward for iBTC,08 October 2023,82774,10-01-2024 21:45,12-10-2023 23:00
1804,442,fd84357990c85741e74703ffc003798059eecfc6cd9ee37c98e93fd8,SP reward for iBTC,08 October 2023,7569,10-01-2024 21:45,12-10-2023 23:00
1805,442,5f03b2d007767d056973fc9afe4b7cad8695a82db73f12b998c64250,SP reward for iBTC,08 October 2023,153270,10-01-2024 21:45,12-10-2023 23:00
1806,442,3addd926e4d74499b821cb53b4e084086d1323a22608c47c43b21f50,SP reward for iBTC,08 October 2023,522889,10-01-2024 21:45,12-10-2023 23:00
1807,442,e544d0152f17bacc61736bea720477a416dbd60ead88c42cf6dda564,SP reward for iBTC,08 October 2023,33988,10-01-2024 21:45,12-10-2023 23:00
1808,442,3349450c00e6bcd2b48a1adba10b32343f045abd172ec4b9b297faad,SP reward for iBTC,08 October 2023,645205,10-01-2024 21:45,12-10-2023 23:00
1809,442,ecf5b1ffca39a9821dc42163dea13dc58d4d9b28767edf02124a271a,SP reward for iBTC,08 October 2023,15828,10-01-2024 21:45,12-10-2023 23:00
1810,442,57e353299dc689c7b021c9252c7d0650f362b3877a2e659340efc70a,SP reward for iBTC,08 October 2023,53824,10-01-2024 21:45,12-10-2023 23:00
1811,442,e1fe8c18060b61725fc639e6ed11f31323da2cc773f048910a4634da,SP reward for iBTC,08 October 2023,207445,10-01-2024 21:45,12-10-2023 23:00
1812,442,226efff56376642abcea869757e787dbe8916c694dc8ea69be81d4d3,SP reward for iBTC,08 October 2023,11411,10-01-2024 21:45,12-10-2023 23:00
1813,442,627af63a775267b8a3f8fbed2a0f823e5e99d679522adec252f2c8ff,SP reward for iBTC,08 October 2023,155508,10-01-2024 21:45,12-10-2023 23:00
1814,442,78278bcb9c677979118fb293f6b2ea731711d27c4c00a6c6477081c8,SP reward for iBTC,08 October 2023,98099,10-01-2024 21:45,12-10-2023 23:00
1815,442,611dd956af4745b49b478a9fec15b7ba57c9ddaa111c15a08fc3b407,SP reward for iBTC,08 October 2023,19882,10-01-2024 21:45,12-10-2023 23:00
1816,442,4d67cf44cabdb0209f5388ca682dca8d148480adcefe63448f413ba3,SP reward for iBTC,08 October 2023,213537,10-01-2024 21:45,12-10-2023 23:00
1817,442,e31737eff954647c3cfb076fc5ec72a889d3d7b27a875fdf2fd1b379,SP reward for iBTC,08 October 2023,12,10-01-2024 21:45,12-10-2023 23:00
1818,442,fc5543c66855df3872fc1c6bedbd95bb592feb158a7656d0964358b1,SP reward for iBTC,08 October 2023,107671,10-01-2024 21:45,12-10-2023 23:00
1819,442,476b50ba222061304df4ef1e7da2a370fc1a452f4100e862d5555269,SP reward for iBTC,08 October 2023,131525,10-01-2024 21:45,12-10-2023 23:00
1820,442,becf6035f52fa35d5d7a8731b2c5dbc11c044c40fe202181aa28cfc1,SP reward for iBTC,08 October 2023,242464,10-01-2024 21:45,12-10-2023 23:00
1821,442,cf59324e35572473a1c164ace3b16a04c1893f82aae9557abe429d89,SP reward for iBTC,08 October 2023,410719,10-01-2024 21:45,12-10-2023 23:00
1822,442,96ffd21941e1c71772b97f5682c7bd2bc30640c68fc1d32c0c70b8d9,SP reward for iBTC,08 October 2023,355782,10-01-2024 21:45,12-10-2023 23:00
1823,442,1045e75d3b45f6170e3cb414db37069282799761865f831fd98eb6a9,SP reward for iBTC,08 October 2023,26982,10-01-2024 21:45,12-10-2023 23:00
1824,442,ff7146ab3d288749871f4cf95b6d586203facd0bbf2cedebd34470e3,SP reward for iBTC,08 October 2023,1456730,10-01-2024 21:45,12-10-2023 23:00
1825,442,7502c5c924fda27047c2cdff8e5a3ebf823c8427387b674b12b0203d,SP reward for iBTC,08 October 2023,12,10-01-2024 21:45,12-10-2023 23:00
1826,442,7c287d80b89068e3f0e5ad9cdcfccd67e264e10c7bac1f1c50b4b4ce,SP reward for iBTC,08 October 2023,106523,10-01-2024 21:45,12-10-2023 23:00
1827,442,4e1b5e33ca40177148b9a59b602070a93d08c6d28769fa954879cc34,SP reward for iBTC,08 October 2023,7006,10-01-2024 21:45,12-10-2023 23:00
1828,442,e0f3e44d96ee509d6ab6e2da8f461254ca01f70093af4449dc4872f7,SP reward for iBTC,08 October 2023,574,10-01-2024 21:45,12-10-2023 23:00
1829,442,17847aaa1e8f5041d5591347a6337e9992eb0f565f725cf43191558a,SP reward for iBTC,08 October 2023,970326,10-01-2024 21:45,12-10-2023 23:00
1830,442,bd0f8a958763197ef563ab8d4d85fc21fee6f7b894d6c7c8d82db00c,SP reward for iBTC,08 October 2023,926,10-01-2024 21:45,12-10-2023 23:00
1831,442,eca93e97120204b13cf0fa6a0f87e37c39503bfaa2872a01944f02b8,SP reward for iBTC,08 October 2023,98087,10-01-2024 21:45,12-10-2023 23:00
1832,442,9d4d413b3f4497d3ccdb07be86f076da7010d81e145b55adcdc2f833,SP reward for iBTC,08 October 2023,10146,10-01-2024 21:45,12-10-2023 23:00
1833,442,efd2562cf81215badd5f6232a30689f8b150bbed13bbca6fea876ddf,SP reward for iBTC,08 October 2023,133036,10-01-2024 21:45,12-10-2023 23:00
1834,442,eec262031b5b78bd61e1f5aaeb37110ab6599407ab82682ad1798d21,SP reward for iBTC,08 October 2023,96810,10-01-2024 21:45,12-10-2023 23:00
1835,442,5841691340afe9da06fa9b6183312767278be1ba7ca99c752ef50fd6,SP reward for iBTC,08 October 2023,191851,10-01-2024 21:45,12-10-2023 23:00
1836,442,a0ffd156054ecb13d0f10dc4df8234d966e8ddac81e4708f2ed0eafc,SP reward for iBTC,08 October 2023,4043805,10-01-2024 21:45,12-10-2023 23:00
1837,442,b0b17184099167f74fd1bdc36ecfda5993f9c18dfa90895964bfd863,SP reward for iBTC,08 October 2023,178049,10-01-2024 21:45,12-10-2023 23:00
1838,442,f7fbc9291c83560868ab7e3ba41ae900800b74940e117d044bf7dae4,SP reward for iBTC,08 October 2023,79494,10-01-2024 21:45,12-10-2023 23:00
1839,442,b4b1870ad7b75cc0e6ec8241474a9f83a053e0135aeca9718bbad2d6,SP reward for iBTC,08 October 2023,551851,10-01-2024 21:45,12-10-2023 23:00
1840,442,dbf62020c6e458cd78ab8e4726fbc766b60c9a473918a5afb8784f4f,SP reward for iBTC,08 October 2023,10310,10-01-2024 21:45,12-10-2023 23:00
1841,442,8ede185c7701ad49c0e4a8e8551d273ff717922d2487f54fac34fa6d,SP reward for iBTC,08 October 2023,338407,10-01-2024 21:45,12-10-2023 23:00
1842,442,623f00f49ed872b8fde76a4d5520f4ff63e50dec00b938701fe2aedd,SP reward for iBTC,08 October 2023,33871,10-01-2024 21:45,12-10-2023 23:00
1843,442,ae410e87b18ac10b7b28dcc401248dfe43d8bddcad2c349f315e9d55,SP reward for iBTC,08 October 2023,14352,10-01-2024 21:45,12-10-2023 23:00
1844,442,742e13aeb9130597e75cb1e4201368884b223a027760b1614ddcd514,SP reward for iBTC,08 October 2023,222348,10-01-2024 21:45,12-10-2023 23:00
1845,442,659c684b55fbaeac93ace9f4568e4815d01e094b823be7a04d3552f5,SP reward for iBTC,08 October 2023,563707,10-01-2024 21:45,12-10-2023 23:00
1846,442,e435792ece3754f9a940629ec319e62c108f06fedc90da30504b776f,SP reward for iBTC,08 October 2023,105140,10-01-2024 21:45,12-10-2023 23:00
1847,442,b75a87ce395a2a35d89a86f52fe433a1fc75ad685a4706b134fdb349,SP reward for iBTC,08 October 2023,81790,10-01-2024 21:45,12-10-2023 23:00
1848,442,862f5ad26068a3da287a54bc2fab1c19a99a48c81939d34870be1b85,SP reward for iBTC,08 October 2023,52675,10-01-2024 21:45,12-10-2023 23:00
1849,442,f7b1e851725cfa1f1f24f6b0efb5c29ca06119a33c64f8b6324f27db,SP reward for iBTC,08 October 2023,34234,10-01-2024 21:45,12-10-2023 23:00
1850,442,cf160c79e4395e9b17de9ff8fa6d78e9ade6fee1e7080e0c00152e3e,SP reward for iBTC,08 October 2023,271895,10-01-2024 21:45,12-10-2023 23:00
1851,442,ea8d6023f782f4802d83c0c803c213be848f2a5aec6bceb40a3a71c2,SP reward for iBTC,08 October 2023,574,10-01-2024 21:45,12-10-2023 23:00
1852,442,70f311783e3166f6d6bc39a700b92a2a2610b7cf7f20b5775244b657,SP reward for iBTC,08 October 2023,1044559,10-01-2024 21:45,12-10-2023 23:00
1853,442,878c6006173f9d113f53ba6169317039743808f62e25f539418ba4af,SP reward for iBTC,08 October 2023,1191912,10-01-2024 21:45,12-10-2023 23:00
1854,442,4e3f32529b38dc2fec4f2e582ead19b227edac321f79b7f4fb26a362,SP reward for iBTC,08 October 2023,17398,10-01-2024 21:45,12-10-2023 23:00
1855,442,7346e0ad8dce5c04702ca60dd0d4526e2df5d483f1761718ee53aad5,SP reward for iBTC,08 October 2023,103652,10-01-2024 21:45,12-10-2023 23:00
1856,442,4b950752c2113c742fcb45f06e31f1773151ec070e34b5361a2e559f,SP reward for iBTC,08 October 2023,2012588,10-01-2024 21:45,12-10-2023 23:00
1857,442,69a97eb8edd3bd6c373b00d162d4463c2b6834e4d66d0e6f29f797e3,SP reward for iBTC,08 October 2023,24057927,10-01-2024 21:45,12-10-2023 23:00
1858,442,2dabdcb42f94e94c8c01515743dd95856cec96a8367fa180dcb71b99,SP reward for iBTC,08 October 2023,75990,10-01-2024 21:45,12-10-2023 23:00
1859,442,8fd1c10f23d010cb70527dfa179041722d39ecbb73a759bc2b88639c,SP reward for iBTC,08 October 2023,526708,10-01-2024 21:45,12-10-2023 23:00
1860,442,33927ace3bccbac0df3ec2a62bbfc5b7637b1d1c48a253c34397f43c,SP reward for iBTC,08 October 2023,5753,10-01-2024 21:45,12-10-2023 23:00
1861,442,d507ae81327a236ebeb68e2eb12a2e91f1dec6864389e429cca299dd,SP reward for iBTC,08 October 2023,871911,10-01-2024 21:45,12-10-2023 23:00
1862,442,d74a6efc13c28b96e80fa23036353ec62897443d0ee58a7cae63cb0b,SP reward for iBTC,08 October 2023,113869,10-01-2024 21:45,12-10-2023 23:00
1863,442,47ee31ae699bd89a025e9501b9f940c22de22a3dfc2a718e2a10eb05,SP reward for iBTC,08 October 2023,8752,10-01-2024 21:45,12-10-2023 23:00
1864,442,5f4cdf9c20fb77b9f42b5e38191e4f5f75b2204e5c86d8a0f7a0dc36,SP reward for iBTC,08 October 2023,114782,10-01-2024 21:45,12-10-2023 23:00
1865,442,172e62f4878895a3168c61eccd4f7effd9e33383a4b89031c2d05053,SP reward for iBTC,08 October 2023,374551,10-01-2024 21:45,12-10-2023 23:00
1866,442,1b0f82f268b7fe033d88c2ac02f6a179e2ea545a13cb01a3a54a599a,SP reward for iBTC,08 October 2023,66208,10-01-2024 21:45,12-10-2023 23:00
1867,442,ed2d886c9096287956f5c505925a4921e587a7fb6b9216a178616076,SP reward for iBTC,08 October 2023,150423,10-01-2024 21:45,12-10-2023 23:00
1868,442,0dcbeed337d833d3642b28c19cdc84b4a6bd454170bc39dd5b8fd27f,SP reward for iBTC,08 October 2023,75100,10-01-2024 21:45,12-10-2023 23:00
1869,442,5dd980e75c38dc7af3dbb6d1d1f023b6b2c47e0fc11d7614b8c6144a,SP reward for iBTC,08 October 2023,51867,10-01-2024 21:45,12-10-2023 23:00
1870,442,b0d6004a93f5ebcbca3d9df0d90dd40d56118c2d092bf4073450c7cf,SP reward for iBTC,08 October 2023,28540,10-01-2024 21:45,12-10-2023 23:00
1871,442,c59dfaaf43c38d28e4bf38064a298f6adff6f0ac28a81ca2ba81efd4,SP reward for iBTC,08 October 2023,6292,10-01-2024 21:45,12-10-2023 23:00
1872,442,1c17a2b47f85fbfb39d92c74636c3febf1c4171c923fcb69f1d9cc15,SP reward for iBTC,08 October 2023,294671,10-01-2024 21:45,12-10-2023 23:00
1873,442,00d5a046be21b4c6c5c6c90c6f831f2b6413cf7c22bd0e0affddf169,SP reward for iBTC,08 October 2023,62740,10-01-2024 21:45,12-10-2023 23:00
1874,442,803aa8053a78aaea3d2fe1c3591703fa63e0617e2153551fd6742ddb,SP reward for iBTC,08 October 2023,28236,10-01-2024 21:45,12-10-2023 23:00
1875,442,d4354d91bc4d7bc7e8a8fc5794f99754740cb0d23b0b96c32b334fed,SP reward for iBTC,08 October 2023,43865,10-01-2024 21:45,12-10-2023 23:00
1876,442,127d26a73f634ffb7d4e6520feddd1f5abc62b4bfb9c5b513a0faf23,SP reward for iBTC,08 October 2023,15348,10-01-2024 21:45,12-10-2023 23:00
1877,442,efe6a1bd03d8dd1a5a22927c2d862e27d6d0dd04bb4ed396d8887056,SP reward for iBTC,08 October 2023,15348,10-01-2024 21:45,12-10-2023 23:00
1878,442,5f8f6ba508ff9881b3c738c4a7c20e0847d02b71d18de8ac1cb80514,SP reward for iBTC,08 October 2023,15371,10-01-2024 21:45,12-10-2023 23:00
1879,442,9e643254f8245ece4648fcdc4a354ea13e344c11271af8c658253032,SP reward for iBTC,08 October 2023,15383,10-01-2024 21:45,12-10-2023 23:00
1880,442,d0a287080a5f1e8c7895310d78734a8b9937f46073b058b098bd4ea4,SP reward for iBTC,08 October 2023,15348,10-01-2024 21:45,12-10-2023 23:00
1881,442,44695b930c7d23346cf113e38f5e5cf7050ada748945ab88aedf6a41,SP reward for iBTC,08 October 2023,15383,10-01-2024 21:45,12-10-2023 23:00
1882,442,5ebf7013444e2e68de82850cdfb3666ca4736e73ddd9086d6466effc,SP reward for iBTC,08 October 2023,15371,10-01-2024 21:45,12-10-2023 23:00
1883,442,9e1c246216b925a3525c8a22acca10e4f20a8bb72eadd794842941d0,SP reward for iBTC,08 October 2023,15371,10-01-2024 21:45,12-10-2023 23:00
1884,442,2abf3c6529aed8e823daf0009e245991f07312b2c3abfa896ae0d621,SP reward for iBTC,08 October 2023,15360,10-01-2024 21:45,12-10-2023 23:00
1885,442,28c0ed86703825c350733056b1b81ddcd366438987fe0c61c8035072,SP reward for iBTC,08 October 2023,15360,10-01-2024 21:45,12-10-2023 23:00
1886,442,6967ac99067fa8918be3effe80acb02d0112916b196c3472bf1ae8d3,SP reward for iBTC,08 October 2023,15418,10-01-2024 21:45,12-10-2023 23:00
1887,442,8e2e68198ad244bf93f8aa743640ef5a97a3e7ec9c2d8bc6faa61123,SP reward for iBTC,08 October 2023,15418,10-01-2024 21:45,12-10-2023 23:00
1888,442,4317b2ad43c9462bd359d9d7cd7ff9c09d753755c061ad5ee15e0165,SP reward for iBTC,08 October 2023,15395,10-01-2024 21:45,12-10-2023 23:00
1889,442,dcd377746b5124b7dc67168f12221da018ddf15b9fbee68ee0735c8a,SP reward for iBTC,08 October 2023,15395,10-01-2024 21:45,12-10-2023 23:00
1890,442,ca80c29f0fab9e47157113fdbf0e5adad90f606ac3c2c0472da31fcc,SP reward for iBTC,08 October 2023,15395,10-01-2024 21:45,12-10-2023 23:00
1891,442,c77f571656d51f09f302b1916071bed21d55dfacbbe2fdbb818b0d4a,SP reward for iBTC,08 October 2023,13813,10-01-2024 21:45,12-10-2023 23:00
1892,442,7a2009799e43e9044fd476ff1f88fbea64babef7a7bc20c6b21c7939,SP reward for iBTC,08 October 2023,15407,10-01-2024 21:45,12-10-2023 23:00
1893,442,84004c5f32b4d374910d336498d403676dc192f86584ae1d9eb1db4a,SP reward for iBTC,08 October 2023,15407,10-01-2024 21:45,12-10-2023 23:00
1894,442,5d836fc0b9042bafc309fe81cad9902a3e5256acea324b4128b4bbe6,SP reward for iBTC,08 October 2023,15407,10-01-2024 21:45,12-10-2023 23:00
1895,442,5465bf73f1a67d5b67ecd4d29515ef9c7e2a31130b3bb036e50b0984,SP reward for iBTC,08 October 2023,15407,10-01-2024 21:45,12-10-2023 23:00
1896,442,b1f7b45205350ea85fcf6b736477f5fadd617ef9ad9c98a48ad61ec9,SP reward for iBTC,08 October 2023,1361877,10-01-2024 21:45,12-10-2023 23:00
1897,442,cd86c7001be335cb5ba746ee9c7b23758eff240e67ae44b4af9f3f85,SP reward for iBTC,08 October 2023,153750,10-01-2024 21:45,12-10-2023 23:00
1898,442,5434b2713c0d0884e45afb46b9f560e0e8be50d63ae949be9fe51423,SP reward for iBTC,08 October 2023,19999,10-01-2024 21:45,12-10-2023 23:00
1899,442,338f6ad73e0886541751486f71ceb084279c1ef0babe1ca9a2d58687,SP reward for iBTC,08 October 2023,1210388,10-01-2024 21:45,12-10-2023 23:00
1900,442,a1e4678a007b4cbfc9aa6e7f9a37a15c2edb29f18ee1727b2a161bb8,SP reward for iBTC,08 October 2023,81310,10-01-2024 21:45,12-10-2023 23:00
1901,442,85c66ed26b27050fbc7bebe3c85f283ea848da45f15dd05469477684,SP reward for iBTC,08 October 2023,39729,10-01-2024 21:45,12-10-2023 23:00
1902,442,2177c9b358e79ac479a2e137ce1326609b8341c32770c2166915cc8a,SP reward for iBTC,08 October 2023,16332,10-01-2024 21:45,12-10-2023 23:00
1903,442,4cb2eb343a9f29be1c2550732c532cf3d2a846cce4b12691379bdc70,SP reward for iBTC,08 October 2023,60900,10-01-2024 21:45,12-10-2023 23:00
1904,442,b1f1b061e51ad6f7a28f63f6f6e8928ae397a229eb37eb968bce611d,SP reward for iBTC,08 October 2023,264631,10-01-2024 21:45,12-10-2023 23:00
1905,442,252028dd01e3acc1c30861a6624f8b90e85f9b9056fde443a3df8533,SP reward for iBTC,08 October 2023,49395,10-01-2024 21:45,12-10-2023 23:00
1906,442,08bee9b93df80b52ef1582cafdc2d00b8ebb1db6f53d42746ba2ee8a,SP reward for iBTC,08 October 2023,305755,10-01-2024 21:45,12-10-2023 23:00
1907,442,0fd054639a3e8f5d478a3a54301863571c602fa127d5240ed03b9396,SP reward for iBTC,08 October 2023,85363,10-01-2024 21:45,12-10-2023 23:00
1908,442,d0bada51ac1cbd906f6d2310bab8e20f8dbb9f90c9719969a5ae8f66,SP reward for iBTC,08 October 2023,118485,10-01-2024 21:45,12-10-2023 23:00
1909,442,df6ae36c5ece938f1ac50184e91aca50ae5fc231ab25eef48ad4612d,SP reward for iBTC,08 October 2023,2323099,10-01-2024 21:45,12-10-2023 23:00
1910,442,927e55798611f7bc06bb509fc2a6ec54a42d0284b52478f38053c635,SP reward for iBTC,08 October 2023,126639,10-01-2024 21:45,12-10-2023 23:00
1911,442,9874f0db003e781647db8f953002a3db4844641352332ff7c6fe6c1d,SP reward for iBTC,08 October 2023,415206,10-01-2024 21:45,12-10-2023 23:00
1912,442,c92acee29814228a44be41f4a07ca4beaac0585a93f5a5f36e0a625a,SP reward for iBTC,08 October 2023,430156,10-01-2024 21:45,12-10-2023 23:00
1913,442,f08a2242c6a6353ea38c9316dc478cad0d5e53eef6c1833e763eb33d,SP reward for iBTC,08 October 2023,12173,10-01-2024 21:45,12-10-2023 23:00
1914,442,34c3340d91bf6565f8b26b14e5dc37c6f89d62bc748b78de164115da,SP reward for iBTC,08 October 2023,27181,10-01-2024 21:45,12-10-2023 23:00
1915,442,9f95cb7929fd219396797e5ed4c48b69cd18f58370858927236619cf,SP reward for iBTC,08 October 2023,562,10-01-2024 21:45,12-10-2023 23:00
1916,442,8aaa28ab9441608df81e08d2b228a7349d76bf3019504a8615bfcf08,SP reward for iBTC,08 October 2023,60642,10-01-2024 21:45,12-10-2023 23:00
1917,442,9c8cc3ac2810e440ae1d0d41c4d7cbf79b860b5f315f8d4ed8350d81,SP reward for iBTC,08 October 2023,60396,10-01-2024 21:45,12-10-2023 23:00
1918,442,851e58aaf8a0c9f3c9abbaf773b05533b5aac52afc6f9dab8d656c91,SP reward for iBTC,08 October 2023,70308,10-01-2024 21:45,12-10-2023 23:00
1919,442,6f55a9d74db68134d952107df81bfffdec92fed808885f29e3ab39b1,SP reward for iBTC,08 October 2023,28833,10-01-2024 21:45,12-10-2023 23:00
1920,442,611d8b0630ae6010daa86863dbebda9d75d83c77a3f9799153c03091,SP reward for iBTC,08 October 2023,840266,10-01-2024 21:45,12-10-2023 23:00
1921,442,5a4fad55fdeabf0d0dfb5d4b75464bf5ee33a8f1edd2015dc0b39c24,SP reward for iBTC,08 October 2023,76986,10-01-2024 21:45,12-10-2023 23:00
1922,442,421eb2f69996e14e0249d6008d6db12997e9feb75ffe5ae8a18450dc,SP reward for iBTC,08 October 2023,1115523,10-01-2024 21:45,12-10-2023 23:00
1923,442,07b67ac56d6c56a757ac53b2c37f47ac6904d27a64aa6b1bc7d7c906,SP reward for iBTC,08 October 2023,806195,10-01-2024 21:45,12-10-2023 23:00
1924,442,e78c4eb4ec3e852b78f8540a7ff65767451cbf7601c4e6a9c4c97d52,SP reward for iBTC,08 October 2023,688531,10-01-2024 21:45,12-10-2023 23:00
1925,442,244ef5c19b4209da7df61d1f9a41ca599cf12610aed0f9457dbc7353,SP reward for iBTC,08 October 2023,219993,10-01-2024 21:45,12-10-2023 23:00
1926,442,68fb726d104e615aa74b865aa28f0e8460ef489721ee26413f190a2b,SP reward for iBTC,08 October 2023,56401,10-01-2024 21:45,12-10-2023 23:00
1927,442,e892875d741eeddc536eb15bb8df712f375ee8b043312119ae1b3742,SP reward for iBTC,08 October 2023,462633,10-01-2024 21:45,12-10-2023 23:00
1928,442,0f602b5d99125a213ff9978c6dfca3147a2daf71d7baa9807b6d395b,SP reward for iBTC,08 October 2023,12501,10-01-2024 21:45,12-10-2023 23:00
1929,442,4482822ba84d47736ecfc0a9647e3d1f6114b32f6bc944ceb6c67b13,SP reward for iBTC,08 October 2023,100231,10-01-2024 21:45,12-10-2023 23:00
1930,442,759d6df20a7f19005a274354accf23be17d066149740f11b76115565,SP reward for iBTC,08 October 2023,215084,10-01-2024 21:45,12-10-2023 23:00
1931,442,3ff27f47760d508cbc7e9db201e9fa0a985717f9cbfd307d429ba670,SP reward for iBTC,08 October 2023,1039544,10-01-2024 21:45,12-10-2023 23:00
1932,442,a7c4ad49f24faecad3a91f5e5a4109cfa822faade50e6840a3db3d67,SP reward for iBTC,08 October 2023,1495101,10-01-2024 21:45,12-10-2023 23:00
1933,442,759eb4f2ca5d96083badd166880b65128fa3d8da340bce3b4198a2f3,SP reward for iBTC,08 October 2023,886556,10-01-2024 21:45,12-10-2023 23:00
1934,442,360009fae135652bcbf7b5dcb75bbacada4c10dd5bc9626fa229569a,SP reward for iBTC,08 October 2023,43303,10-01-2024 21:45,12-10-2023 23:00
1935,442,d98785b47f3e7e0d0f16ba3186a7349b9e95fc1c8ea5b60b06c7c214,SP reward for iBTC,08 October 2023,262510,10-01-2024 21:45,12-10-2023 23:00
1936,442,36335a09015ff3e7941cc3bc4095f41ec80aedf5086c1ffedf7bc7a9,SP reward for iBTC,08 October 2023,1152101,10-01-2024 21:45,12-10-2023 23:00
1937,442,c2caa3f52fdfe4424d8aab68f691aa1617988acdb86a37b2850795ac,SP reward for iBTC,08 October 2023,288227,10-01-2024 21:45,12-10-2023 23:00
1938,442,0a36d2059eac53b46045092125f8419d455cf63ba48a7f2285a1a691,SP reward for iBTC,08 October 2023,683317,10-01-2024 21:45,12-10-2023 23:00
1939,442,f94b3ec28d8823ec92824d2e847a0d681f4b113df6e1b8a35fb0c72a,SP reward for iBTC,08 October 2023,333850,10-01-2024 21:45,12-10-2023 23:00
1940,442,e33e0545052a1f9575c1e6f303380e932387671fba477f9156f62994,SP reward for iBTC,08 October 2023,1440328,10-01-2024 21:45,12-10-2023 23:00
1941,442,343a6e2b66f769abf99ad58bc6425690fd647ea7221a738a55d94bd6,SP reward for iBTC,08 October 2023,165384,10-01-2024 21:45,12-10-2023 23:00
1942,442,69378090fe30db71103e3e1733833fdfd7caca0ce295aaecc4c87b73,SP reward for iBTC,08 October 2023,145572,10-01-2024 21:45,12-10-2023 23:00
1943,442,dbd9c61554e7f039b6d4eeaa12977fd06872e65ee8b7069c967c8ead,SP reward for iBTC,08 October 2023,68164,10-01-2024 21:45,12-10-2023 23:00
1944,442,01f6dc5b1fa257c30119d02f9ec10db6cec471c96fde0ea8a06f1f52,SP reward for iBTC,08 October 2023,1100023,10-01-2024 21:45,12-10-2023 23:00
1945,442,481c685b45d23206458864c3cee0ec7258f8b28d15000fae7c9ee246,SP reward for iBTC,08 October 2023,11189,10-01-2024 21:45,12-10-2023 23:00
1946,442,31eec5d71937555a28119e20dadcbe20b67b367b2f31f21957466444,SP reward for iBTC,08 October 2023,517347,10-01-2024 21:45,12-10-2023 23:00
1947,442,9527209d33e31613f6543e4c5447305c05f8afc334d0f8aa90f6e256,SP reward for iBTC,08 October 2023,10498,10-01-2024 21:45,12-10-2023 23:00
1948,442,8d9f07138fbec27a505c2800f79653639a09487e702622bc52bc7ac4,SP reward for iBTC,08 October 2023,190093,10-01-2024 21:45,12-10-2023 23:00
1949,442,1c874dcb1cc790d45772509bed0e7d7bd8396ca0f72ed76025296496,SP reward for iBTC,08 October 2023,22471,10-01-2024 21:45,12-10-2023 23:00
1950,442,c5ad47122828f917f08da9b1919bf801fb63a1b00950888c4e1d553f,SP reward for iBTC,08 October 2023,103394,10-01-2024 21:45,12-10-2023 23:00
1951,442,23a833160c3d6a9c09c95cae9035dacdb5be88b00fd1c34ca6399bd7,SP reward for iBTC,08 October 2023,140323,10-01-2024 21:45,12-10-2023 23:00
1952,442,c4c6e2c645f453f6f7ca990b7ade2b2b2de868c0aeb5c7511e481fe9,SP reward for iBTC,08 October 2023,1616503,10-01-2024 21:45,12-10-2023 23:00
1953,442,5ba4f7eb27d46622d4728a365e4e78b349d96c40cb8e6b17b32814ad,SP reward for iBTC,08 October 2023,24815,10-01-2024 21:45,12-10-2023 23:00
1954,442,85dccd823a8eda33c9f680bb5dd7c09479fae10c95732a968f39ddad,SP reward for iBTC,08 October 2023,160885,10-01-2024 21:45,12-10-2023 23:00
1955,442,86a99dbae5591a3ea7274bb23bc1b80d3c1ab2f2741434ff30984d90,SP reward for iBTC,08 October 2023,42647,10-01-2024 21:45,12-10-2023 23:00
1956,442,8d589e8e00fdadd913c2f769b43d341a03fc6ce5823456e7a3deaa01,SP reward for iBTC,08 October 2023,112943,10-01-2024 21:45,12-10-2023 23:00
1957,442,95aab629810acf425e4448592d1a5a0265255116e5451f90d7034b58,SP reward for iBTC,08 October 2023,42108,10-01-2024 21:45,12-10-2023 23:00
1958,442,6c84ff02fbb588bbfc2cf7edd4c93ccb0582bc5563a4034ae39a1db6,SP reward for iBTC,08 October 2023,252282,10-01-2024 21:45,12-10-2023 23:00
1959,442,bf97ad99b5269c15e3726290f95f0fc0ec8dbada31183778548d9da0,SP reward for iBTC,08 October 2023,10832441,10-01-2024 21:45,12-10-2023 23:00
1960,442,9119d1928ddf92d6dc740edccad925e6ec9a7bacafb0a4d1963064a2,SP reward for iBTC,08 October 2023,189484,10-01-2024 21:45,12-10-2023 23:00
1961,442,c36eec545b3d4967a6761fcdb2595a7e87863e334942e60ecfdc5ca8,SP reward for iBTC,08 October 2023,462586,10-01-2024 21:45,12-10-2023 23:00
1962,442,69db3ddacd4bd728026a19f9e8be6d41771d6cfb8cc1706798b3ad1b,SP reward for iBTC,08 October 2023,152754,10-01-2024 21:45,12-10-2023 23:00
1963,442,405966152e910c43c45f1d21d8420d7ce66c604b9750824741970780,SP reward for iBTC,08 October 2023,28986,10-01-2024 21:45,12-10-2023 23:00
1964,442,2a9e1ec8640d0b29f2942fb8e7edf6b10a46df1002b64f3c7fa91723,SP reward for iBTC,08 October 2023,77806,10-01-2024 21:45,12-10-2023 23:00
1965,442,e6fdaba56d087a16a9d4cd4a298d537bb25843159bbe8c9dfcfa3530,SP reward for iBTC,08 October 2023,104800,10-01-2024 21:45,12-10-2023 23:00
1966,442,1385472fec065e645adad4da5662368191ca8f5f6fe59fe849d7002e,SP reward for iBTC,08 October 2023,74573,10-01-2024 21:45,12-10-2023 23:00
1967,442,b01f0c44e67df1b4b6554d0e86a6b3d2529cdabb099bb8cba9af32f9,SP reward for iBTC,08 October 2023,350990,10-01-2024 21:45,12-10-2023 23:00
1968,442,2565d4ceb27abec66f12b27af3bfb8a828bcc5dfedc31442fb34422a,SP reward for iBTC,08 October 2023,562958,10-01-2024 21:45,12-10-2023 23:00
1969,442,d054a3e88aa7d909469f67c6bbaeab11aa87316f08c1eed2b6c2aed3,SP reward for iBTC,08 October 2023,503850,10-01-2024 21:45,12-10-2023 23:00
1970,442,982897eebb4516bb2e68c969145ed6b60afd9581c5395fd8d5f41671,SP reward for iBTC,08 October 2023,831244,10-01-2024 21:45,12-10-2023 23:00
1971,442,697ed4b4d37e6505d79692e149459fdae0ccd24d11201f9034b6c006,SP reward for iBTC,08 October 2023,11458,10-01-2024 21:45,12-10-2023 23:00
1972,442,2922bb18ea7225c2905acb96276ea33273c5e07a0860fb276087115f,SP reward for iBTC,08 October 2023,370908,10-01-2024 21:45,12-10-2023 23:00
1973,442,9c9ccbb773315d014fa44cd45b3f748defe409f24ced66bbf1f3137c,SP reward for iBTC,08 October 2023,379425,10-01-2024 21:45,12-10-2023 23:00
1974,442,58c052676fe5b1cd52fda1ba62bbdabef2b3f261258e1fcfaa4df833,SP reward for iBTC,08 October 2023,377609,10-01-2024 21:45,12-10-2023 23:00
1975,442,ef069ebbfa0f2dcdea147ca71b0b83cde8bdbbb1a857f6d2ff5178c7,SP reward for iBTC,08 October 2023,356239,10-01-2024 21:45,12-10-2023 23:00
1976,442,1c348c0ee2a2c36691e877a0058da0def13243399ab568db8db5825c,SP reward for iBTC,08 October 2023,38921,10-01-2024 21:45,12-10-2023 23:00
1977,442,775ef1ace4264239a1f7713dfcf2509b35664a69ff58631d9ca7b43d,SP reward for iBTC,08 October 2023,101168,10-01-2024 21:45,12-10-2023 23:00
1978,442,76f39418bc0fe22ab0a1376def8e1520b5ec048460ce83e7f79a477c,SP reward for iBTC,08 October 2023,48528,10-01-2024 21:45,12-10-2023 23:00
1979,442,87e1120a366b59b429a88f7c52bc5b2fab730eda807f6abbd65118a3,SP reward for iBTC,08 October 2023,239348,10-01-2024 21:45,12-10-2023 23:00
1980,442,fc55aff12a90e98825a92bb51f4b05622fa2fca8cfd21f235175cc28,SP reward for iBTC,08 October 2023,3093,10-01-2024 21:45,12-10-2023 23:00
1981,442,ecf1cb14a49abe481c4930be126426df3a7468257a129575cd49b41b,SP reward for iBTC,08 October 2023,566894,10-01-2024 21:45,12-10-2023 23:00
1982,442,ca79ad389e53d6d78f64b08613237df256252d328a6adf8cd3fddaad,SP reward for iBTC,08 October 2023,41416,10-01-2024 21:45,12-10-2023 23:00
1983,442,b11f12e256590d6f349702a08a9def66cbc7b490cba621d3a6b51f81,SP reward for iBTC,08 October 2023,590608,10-01-2024 21:45,12-10-2023 23:00
1984,442,c835248f41cb65303bec60d767f0299ea458a19c8c04beb125513487,SP reward for iBTC,08 October 2023,498226,10-01-2024 21:45,12-10-2023 23:00
1985,442,ab0a64f658b137b30ef606a422077d26ffa7cb161c883140ea9a1222,SP reward for iBTC,08 October 2023,40174,10-01-2024 21:45,12-10-2023 23:00
1986,442,f04e3a2f427f303624958a861d18f657e307e65da73922e8d823d573,SP reward for iBTC,08 October 2023,153984,10-01-2024 21:45,12-10-2023 23:00
1987,442,84b371d05ada1ac3b80397becb568cf6fd51c9ed6fbb710d29c0cc00,SP reward for iBTC,08 October 2023,40983,10-01-2024 21:45,12-10-2023 23:00
1988,442,b6e7a0d5545a3c9f3d826332b90027b303e45852eb3593bcb8f12883,SP reward for iBTC,08 October 2023,2789622,10-01-2024 21:45,12-10-2023 23:00
1989,442,6565981b164790ff226d5536d2735737d1204c90f3e96be53f398cb7,SP reward for iBTC,08 October 2023,129802,10-01-2024 21:45,12-10-2023 23:00
1990,442,752ca73ddf1be8dffa36de008da3efa547f9b96354198896f5961e0e,SP reward for iBTC,08 October 2023,81310,10-01-2024 21:45,12-10-2023 23:00
1991,442,65fe5aecb5e29a5ed212fcbddda174205fb47bf6e379fd275962c68e,SP reward for iBTC,08 October 2023,595763,10-01-2024 21:45,12-10-2023 23:00
1992,442,5187bd9ddecc2fdfae36f4e67526cc8368478db4478c08bff6a708dc,SP reward for iBTC,08 October 2023,40374,10-01-2024 21:45,12-10-2023 23:00
1993,442,553c24788c7e3923749226ba754c1230965e5a6881e269b89c108012,SP reward for iBTC,08 October 2023,3034,10-01-2024 21:45,12-10-2023 23:00
1994,442,f579246478661b78d9fb348c9474809402c7af31e9875417c59acb03,SP reward for iBTC,08 October 2023,36484,10-01-2024 21:45,12-10-2023 23:00
1995,442,d203a585d517315ef60b563878acfd72bd9ba9bd458d8c432ba53f7f,SP reward for iBTC,08 October 2023,1500,10-01-2024 21:45,12-10-2023 23:00
1996,442,87b9679714eebad39554239abcc970b4937f19ce07fae769da678184,SP reward for iBTC,08 October 2023,433753,10-01-2024 21:45,12-10-2023 23:00
1997,442,d293f90ea2fd8c346edc313e42d1d8e3e739282dca078926377f6e1d,SP reward for iBTC,08 October 2023,99200,10-01-2024 21:45,12-10-2023 23:00
1998,442,c05a3bb916f898f5a4bb6886e7eca889c8f0e337ca7d0ac8a23aadf3,SP reward for iBTC,08 October 2023,118098,10-01-2024 21:45,12-10-2023 23:00
1999,442,c9a0594a1f2f383c6f28fedb3610ef9bfcc37e05216d238ab017558c,SP reward for iBTC,08 October 2023,35137,10-01-2024 21:45,12-10-2023 23:00
2000,442,d8873d99d8bac628cb99a6bfc97e0c7c1553286d4a62aedde875354b,SP reward for iBTC,08 October 2023,823851,10-01-2024 21:45,12-10-2023 23:00
2001,442,ab7dc86cf7fa1c543685fb6d91810e9362588d242efc1d1970dda2ea,SP reward for iBTC,08 October 2023,231697,10-01-2024 21:45,12-10-2023 23:00
2002,442,772e948ec345913bb1f86e295f4ff0d3b1f70e1b4ebca5831c6532a9,SP reward for iBTC,08 October 2023,41498,10-01-2024 21:45,12-10-2023 23:00
2003,442,c1e127e6f4fe215c3dcf7cc66335711c354e4e032a91919b7bb304d7,SP reward for iBTC,08 October 2023,3439630,10-01-2024 21:45,12-10-2023 23:00
2004,442,bb32c423f9a82af12f10a7ddfbb3e06a6160ad5b75827a14c2975eb5,SP reward for iBTC,08 October 2023,131993,10-01-2024 21:45,12-10-2023 23:00
2005,442,c327beebd731f0bb58b05726c2730c899b4153536cf1d329abf24400,SP reward for iBTC,08 October 2023,46161,10-01-2024 21:45,12-10-2023 23:00
2006,442,08f35dbe4574f570874338a49ae321cbf71409c487aedca93a87adf3,SP reward for iBTC,08 October 2023,4839,10-01-2024 21:45,12-10-2023 23:00
2007,442,e388024f70a31b9841cda41c8ae43867bce9bae07d348f222edc6081,SP reward for iBTC,08 October 2023,645462,10-01-2024 21:45,12-10-2023 23:00
2008,442,ace43bacbaaf8c652192a6b790f353ca7553a105d99419638d1544fa,SP reward for iBTC,08 October 2023,99106,10-01-2024 21:45,12-10-2023 23:00
2009,442,ee8e915802b5f642b6f4d4d30ce94976a6efc51f145c980d9d376034,SP reward for iBTC,08 October 2023,70,10-01-2024 21:45,12-10-2023 23:00
2010,442,f522f25c74116502ec93b9c5b40debd40d36ee7078989616fcfb2fdb,SP reward for iBTC,08 October 2023,802434,10-01-2024 21:45,12-10-2023 23:00
2011,442,010983eec9ff8e0cdb301b705d958ae67ca9335fc4a19fe8701c7191,SP reward for iBTC,08 October 2023,188359,10-01-2024 21:45,12-10-2023 23:00
2012,442,a3fcd9ac08aaba066110a8e2492e9f777f9cf49e56331dab600ec8b9,SP reward for iBTC,08 October 2023,512157,10-01-2024 21:45,12-10-2023 23:00
2013,442,c1cd747fe18cf8260a8115694c82c458f6facfafd5a382447a2a3e03,SP reward for iBTC,08 October 2023,201013,10-01-2024 21:45,12-10-2023 23:00
2014,442,2d8e47435b0c86ffc07f8c45272929148631ba923e3e24abd49c7d62,SP reward for iBTC,08 October 2023,436904,10-01-2024 21:45,12-10-2023 23:00
2015,442,4c80764f5b682045f12a83303d017d4dbe90f09f76b2108a5c44ae54,SP reward for iBTC,08 October 2023,1832641,10-01-2024 21:45,12-10-2023 23:00
2016,442,9fac73b1dbc78492dafb35890abb68d34cafeca9f10003df441aad12,SP reward for iBTC,08 October 2023,3145252,10-01-2024 21:45,12-10-2023 23:00
2017,442,f706d35c708bcc63336b52eca4245fa5ad1ea3f8dfaee5a88b751ac0,SP reward for iBTC,08 October 2023,2038293,10-01-2024 21:45,12-10-2023 23:00
2018,442,1227be2193b0f03f9ced11395f01fec9baab09491e545787377e5787,SP reward for iBTC,08 October 2023,836071,10-01-2024 21:45,12-10-2023 23:00
2019,442,8707ca72180e998be7256d3ca209f1018ee51fc9f9e1d55fd1d962ae,SP reward for iBTC,08 October 2023,3491,10-01-2024 21:45,12-10-2023 23:00
2020,442,84741e3fbccc3a2afa5ff1c2ef3791a89a6ca1241de26c08a3ab353c,SP reward for iBTC,08 October 2023,302884,10-01-2024 21:45,12-10-2023 23:00
2021,442,6dfa5c283d15c82b85b918c5480a6abf540d11f8ba50bdd65af11b86,SP reward for iBTC,08 October 2023,90893,10-01-2024 21:45,12-10-2023 23:00
2022,442,2d7f83bee28f29bf82eb41de3d59674e71af6a2faf3cce9eb95d6026,SP reward for iBTC,08 October 2023,847951,10-01-2024 21:45,12-10-2023 23:00
2023,442,a63f51bb42d71bf094ba7ebbea7180346656d7472461c81af03ff839,SP reward for iBTC,08 October 2023,45236,10-01-2024 21:45,12-10-2023 23:00
2024,442,510bf3f63b75013bcedc1a907a6fc4a2eef072397761cb455e9accb0,SP reward for iBTC,08 October 2023,109428,10-01-2024 21:45,12-10-2023 23:00
2025,442,76bd0706659b380bf2acb2259850bdd90488151424877d178eaa4c2d,SP reward for iBTC,08 October 2023,544903,10-01-2024 21:45,12-10-2023 23:00
2026,442,6e1af944114d0b0f4e9ca648a1a8bef65cc380f25f26ad97df13ad54,SP reward for iBTC,08 October 2023,296581,10-01-2024 21:45,12-10-2023 23:00
2027,442,55ef464ca22cf92698284b40810e51777b3bbaece5007d513dd80d3d,SP reward for iBTC,08 October 2023,34609,10-01-2024 21:45,12-10-2023 23:00
2028,442,e7e7e46cbc26ad46ebf40383764bf5031580588917f77fb838aad330,SP reward for iBTC,08 October 2023,5741,10-01-2024 21:45,12-10-2023 23:00
2029,442,1055b89a4bb5a120f9f89183895b6a05cde28a2c5f2df6b5a526a95f,SP reward for iBTC,08 October 2023,508782,10-01-2024 21:45,12-10-2023 23:00
2030,442,c7a86c9c19def585d674247d860174f22835041153f5d755700ca691,SP reward for iBTC,08 October 2023,192987,10-01-2024 21:45,12-10-2023 23:00
2031,442,31735ce88157a4b959f5e404f69aa0a7ff6b9bd0cc3f28d39943e3d7,SP reward for iBTC,08 October 2023,153598,10-01-2024 21:45,12-10-2023 23:00
2032,442,b72205cb401b474d3640529ef733adc3ef8aa82e9eacd1e77e4a4b52,SP reward for iBTC,08 October 2023,6277007,10-01-2024 21:45,12-10-2023 23:00
2033,442,fd9bd973495025b544108b39c3e8437f8903d9c10efa8a549fb76c9d,SP reward for iBTC,08 October 2023,7920,10-01-2024 21:45,12-10-2023 23:00
2034,442,0de7c3f3373ee0b1fa6291fddb92a9f4c95e4d641aa2a3d95ed3427f,SP reward for iBTC,08 October 2023,447027,10-01-2024 21:45,12-10-2023 23:00
2035,442,068a883756f40982465a2975535ff3bb33ca3e5fbca778c1e62674f7,SP reward for iBTC,08 October 2023,193034,10-01-2024 21:45,12-10-2023 23:00
2036,442,c8af7ec346eb1242adaeebd3ad327b140d37d084dc75a3e026ce4b39,SP reward for iBTC,08 October 2023,76752,10-01-2024 21:45,12-10-2023 23:00
2037,442,844da5da8b0ca7fb657b0c6a261883ebf631627f6b016ee7cd6516a0,SP reward for iBTC,08 October 2023,489263,10-01-2024 21:45,12-10-2023 23:00
2038,442,815fbda2445993f02e75d4f6af38e7d9c0e61e1d3578b4bf71c71e55,SP reward for iBTC,08 October 2023,346058,10-01-2024 21:45,12-10-2023 23:00
2039,442,1ff8ec747a4655f4f3abfe66233fb0343954025143e9134ca779640d,SP reward for iBTC,08 October 2023,18295982,10-01-2024 21:45,12-10-2023 23:00
2040,442,c2174735c17d772c59d5d19d925f29092b36344e24964b3d115637b7,SP reward for iBTC,08 October 2023,125819,10-01-2024 21:45,12-10-2023 23:00
2041,442,46f432395436e794072253949200551e75e28ef2bf1d3e960edcdf2f,SP reward for iBTC,08 October 2023,37426876,10-01-2024 21:45,12-10-2023 23:00
2042,442,888234b4c89dc4aee2e8307c1f934f413028d33d27a6a9b08fd5866e,SP reward for iBTC,08 October 2023,715314,10-01-2024 21:45,12-10-2023 23:00
2043,442,19b46b0b16bbbc3a6f7b67ddd2a5e21dbe1b3b232a9e02109c20350f,SP reward for iBTC,08 October 2023,512543,10-01-2024 21:45,12-10-2023 23:00
2044,442,53c73e201e855fb41a5fca25286f7d48a43dcad4686fb38ed1656094,SP reward for iBTC,08 October 2023,12630,10-01-2024 21:45,12-10-2023 23:00
2045,442,6a22c66b1ac47584e99999b61de170878547bb5a6b87946a6f1e018e,SP reward for iBTC,08 October 2023,84133,10-01-2024 21:45,12-10-2023 23:00
2046,442,6584bcf113af500d0a3da31cf71613891b5ec591bf920e03518cd20a,SP reward for iBTC,08 October 2023,425762,10-01-2024 21:45,12-10-2023 23:00
2047,442,d94f9bc0ffe11ad1005b22a6e5c2b471b29c53510aa81514fc24d95a,SP reward for iBTC,08 October 2023,1152991,10-01-2024 21:45,12-10-2023 23:00
2048,442,a12d7337565e62a3d4b816f0291a3f7083a14dff1f37384fe9345453,SP reward for iBTC,08 October 2023,65622,10-01-2024 21:45,12-10-2023 23:00
2049,442,23b41dab65f698716d09448d4c399e10d2f66ba2fb6433671643c280,SP reward for iBTC,08 October 2023,1038150,10-01-2024 21:45,12-10-2023 23:00
2050,442,2b3f8ce415f63a81454d53882a00a4d2225e1284c257a8b14ecb4c22,SP reward for iBTC,08 October 2023,1575602,10-01-2024 21:45,12-10-2023 23:00
2051,442,dfeac5dd22c2b53cb43a31cbe0cc5cd71c78f714c5f05a20eaa107db,SP reward for iBTC,08 October 2023,420080,10-01-2024 21:45,12-10-2023 23:00
2052,442,c85e5827ec3620637c26781bb5ea0dbb047692badb517adfbad80321,SP reward for iBTC,08 October 2023,1350278,10-01-2024 21:45,12-10-2023 23:00
2053,442,991cdf984dad30fa2dcd54085e6d4b8689be3edbad0b8d4186c69e7f,SP reward for iBTC,08 October 2023,40913,10-01-2024 21:45,12-10-2023 23:00
2054,442,ff3cbe6f6c7b62690434bd2a5d162c0211c18e5586ecd181cad5f82f,SP reward for iBTC,08 October 2023,201716,10-01-2024 21:45,12-10-2023 23:00
2055,442,a37fab79f14d68ea324942d0acb658d887671d6c09f3a5c9284f2348,SP reward for iBTC,08 October 2023,44052,10-01-2024 21:45,12-10-2023 23:00
2056,442,6cfbc28fa54b2920b6cad9531f7071724ecaf253e52c0c7686613e98,SP reward for iBTC,08 October 2023,81989,10-01-2024 21:45,12-10-2023 23:00
2057,442,98c9ede2d55f7f080a56fae1fdaf13fba514696d0ca759c8994b7967,SP reward for iBTC,08 October 2023,1084511,10-01-2024 21:45,12-10-2023 23:00
2058,442,bd3f2017e7e27753b01e12a7c92edec2f9fa6b8802f314ef3121d735,SP reward for iBTC,08 October 2023,611263,10-01-2024 21:45,12-10-2023 23:00
2059,442,02b80d9935da7f00d97323735ff2641d938b14f3ecd24b01a990afe5,SP reward for iBTC,08 October 2023,1152991,10-01-2024 21:45,12-10-2023 23:00
2060,442,5cdd7f4959486306226ebcf1e43d45d7bfe2c4acd7ebafaf2c647248,SP reward for iBTC,08 October 2023,985170,10-01-2024 21:45,12-10-2023 23:00
2061,442,a4ae6b7d6fde02966811a441c04d72af1ad8a1bafd8684192c5c99f7,SP reward for iBTC,08 October 2023,30766,10-01-2024 21:45,12-10-2023 23:00
2062,442,0b6d4094acb71999783c5f632377b48f9df9fc9e2d90e0fda2fdbdec,SP reward for iBTC,08 October 2023,633770,10-01-2024 21:45,12-10-2023 23:00
2063,442,f7315c71937b8ee2b38ba0cabbb3d24b34186c415cb1a75e1f383666,SP reward for iBTC,08 October 2023,58452,10-01-2024 21:45,12-10-2023 23:00
2064,442,616ae6f4803b2d581ebd1d5cf6b74c35cd5ab3a1b9bd992a9cbee44b,SP reward for iBTC,08 October 2023,127272,10-01-2024 21:45,12-10-2023 23:00
2065,442,064bdec62473f25d5eb0cb4e051a3bfb6fd889f02e86c496539846b0,SP reward for iBTC,08 October 2023,85316,10-01-2024 21:45,12-10-2023 23:00
2066,442,c3fa4890e46c7b8ea2fe782727a74534b4340aced4e80ced7b0b5089,SP reward for iBTC,08 October 2023,123417,10-01-2024 21:45,12-10-2023 23:00
2067,442,abd83cc271275c8ce05f8c41d6c98b6ba15e624dab73eecba84a8b7b,SP reward for iBTC,08 October 2023,260413,10-01-2024 21:45,12-10-2023 23:00
2068,442,8a116fd370e6f96a9c008b885423555af7b57a39644593768bd24ec9,SP reward for iBTC,08 October 2023,280003,10-01-2024 21:45,12-10-2023 23:00
2069,442,a98843c2533d5681e29cc5257c9cfa172b4eac792a04c4601962c0f8,SP reward for iBTC,08 October 2023,61603,10-01-2024 21:45,12-10-2023 23:00
2070,442,882adcca078f37ee93c6c250fd5c7f4db7ae5417b468e49b6b7b6c17,SP reward for iBTC,08 October 2023,143335,10-01-2024 21:45,12-10-2023 23:00
2071,442,875e0983da57293df20690f6504edbb7db8eb69efadbb8c9724f508e,SP reward for iBTC,08 October 2023,37093,10-01-2024 21:45,12-10-2023 23:00
2072,442,252b76c1709bf21198156dca3c0e1a5ec1cdf58d164aea0c7378eb80,SP reward for iBTC,08 October 2023,5952,10-01-2024 21:45,12-10-2023 23:00
2073,442,01cefc4ac7b65ac3fddbaedc169b071ab04fcf6f5ab009ff125768c4,SP reward for iBTC,08 October 2023,157359,10-01-2024 21:45,12-10-2023 23:00
2074,442,508757f097d3f23cb9e51cc9d35a550b2f2f9bedea6326229950647f,SP reward for iBTC,08 October 2023,2308,10-01-2024 21:45,12-10-2023 23:00
2075,442,e26d9bd3d7f0c3284ceaf52727499f877bed82efb6b2a987cebf4f66,SP reward for iBTC,08 October 2023,115579,10-01-2024 21:45,12-10-2023 23:00
2076,442,c464a820786db2b4f6292f2d7d300f6e4c5a27921ad23b4d5a9fea1d,SP reward for iBTC,08 October 2023,397468,10-01-2024 21:45,12-10-2023 23:00
2077,442,1d80deffae03e338ff08903a41506c45b274b85f6a9b439391226cd6,SP reward for iBTC,08 October 2023,13415544,10-01-2024 21:45,12-10-2023 23:00
2078,442,690b0a92962d8e5940212f11e4e414db2a6a773f06923adaa063bf7a,SP reward for iBTC,08 October 2023,45577167,10-01-2024 21:45,12-10-2023 23:00
2079,442,152624033fcb22d52b9ab917ca5f2dbd14c5ad656c7c3d928dc24716,SP reward for iBTC,08 October 2023,72183,10-01-2024 21:45,12-10-2023 23:00
2080,442,0b635d0d46328414951117cac5307366586bf7c2fc62d83e6a175f1e,SP reward for iBTC,08 October 2023,195858,10-01-2024 21:45,12-10-2023 23:00
2081,442,ea7f8ffbdc5cac1c095c524ffdce7bcb1a53429460225074052f2db8,SP reward for iBTC,08 October 2023,9921586,10-01-2024 21:45,12-10-2023 23:00
2082,442,c3f7cbf63fbe8af505359cd58974c2d367282c0fa3917791e14a86a8,SP reward for iBTC,08 October 2023,34715,10-01-2024 21:45,12-10-2023 23:00
2083,442,7910de78b42fa36cac41e451ad498150dd3532e2f2e35777735235bf,SP reward for iBTC,08 October 2023,1945115,10-01-2024 21:45,12-10-2023 23:00
2084,442,a6ba497ed8d5a03dc779c890dc17d9c5f688a9c8c197597290bb4e14,SP reward for iBTC,08 October 2023,474407,10-01-2024 21:45,12-10-2023 23:00
2085,442,ce49b96a1faf94835d72885dfb42ad4fcb9583d7b9095ac21a2ab73b,SP reward for iBTC,08 October 2023,227362,10-01-2024 21:45,12-10-2023 23:00
2086,442,f130e5b0b9c5180b75bc9b2bfa96fa6ab7d269e4534765800d08aa06,SP reward for iBTC,08 October 2023,455732,10-01-2024 21:45,12-10-2023 23:00
2087,442,240ec14aab8224bc1895fa4385e8eb340a30eceaa136804f2acb36b2,SP reward for iBTC,08 October 2023,492778,10-01-2024 21:45,12-10-2023 23:00
2088,442,a8fe5934b7f4cb3a24db0ae235b002f777c72614d127bb3649809961,SP reward for iBTC,08 October 2023,48540,10-01-2024 21:45,12-10-2023 23:00
2089,442,e15e46a4738e59343e790d1c181621c77db424b969f8ca6186a2f1d3,SP reward for iBTC,08 October 2023,368963,10-01-2024 21:45,12-10-2023 23:00
2090,442,b81bbfa94577362e129c0663d51f208b280895252730759ca85400b3,SP reward for iBTC,08 October 2023,1406386,10-01-2024 21:45,12-10-2023 23:00
2091,442,e3a734a21d3ead42d3bb839cfe8a7592e36cbef004861669c4f3f6e6,SP reward for iBTC,08 October 2023,285990,10-01-2024 21:45,12-10-2023 23:00
2092,442,1828ab62af889897655942ad379206d216e2ad380e14b04c3c166c0b,SP reward for iBTC,08 October 2023,382553,10-01-2024 21:45,12-10-2023 23:00
2093,442,f1d39751c36b29e842f06a1166cf58e421047fe58c7d91c93e456e53,SP reward for iBTC,08 October 2023,384416,10-01-2024 21:45,12-10-2023 23:00
2094,442,c84a1d57fb0c8ff565ebbb412f83081c519276869437f255b0bbcfc1,SP reward for iBTC,08 October 2023,108854,10-01-2024 21:45,12-10-2023 23:00
2095,442,15aabf0a1e99f53e61d00b34bcf3ce4664c8a451561ba8f1e8d6d9f8,SP reward for iBTC,08 October 2023,350885,10-01-2024 21:45,12-10-2023 23:00
2096,442,c480783df5b96cc1a051c2bbe8c96d842a2743c747f303c656613e19,SP reward for iBTC,08 October 2023,442294,10-01-2024 21:45,12-10-2023 23:00
2097,442,2d94ebf9d99b122325d4cdd587ca503e1bd3d6225efa89687ee96929,SP reward for iBTC,08 October 2023,49372,10-01-2024 21:45,12-10-2023 23:00
2098,442,09a136fee1050d904291251c0422ab76d72ea0f73c85d724fb0d4c66,SP reward for iBTC,08 October 2023,1057798,10-01-2024 21:45,12-10-2023 23:00
2099,442,0a82a837af1a325a9e6659189dbc86d8c9c4c83ab6ddaea4be87045a,SP reward for iBTC,08 October 2023,406817,10-01-2024 21:45,12-10-2023 23:00
2100,442,d5ffa4e09c6eaa4c882e10d3cc94b6c604e5982bf3715d40d4ec5351,SP reward for iBTC,08 October 2023,302134,10-01-2024 21:45,12-10-2023 23:00
2101,442,62c68562dcd68f1d823f9d539c7e567d0c0738ab57a05570704ba0de,SP reward for iBTC,08 October 2023,71726,10-01-2024 21:45,12-10-2023 23:00
2102,442,759b2ad795fb741546cb47086bf90dcbfc4e8144e62a824c815c1ffb,SP reward for iBTC,08 October 2023,1480924,10-01-2024 21:45,12-10-2023 23:00
2103,442,bbc6d8e0a8f8fa47238a3df22e1b9a0e39a0de2330ba5b49d69a6bc0,SP reward for iBTC,08 October 2023,201540,10-01-2024 21:45,12-10-2023 23:00
2104,442,efc55477cca027cbb12c7ae0df08a7730b258856c7ec5ac6c4759003,SP reward for iBTC,08 October 2023,21980396,10-01-2024 21:45,12-10-2023 23:00
2105,442,a3ad69669ecee78b25f6b796d095ca691912481c72cc3ff42ee41ed1,SP reward for iBTC,08 October 2023,154523,10-01-2024 21:45,12-10-2023 23:00
2106,442,9db8d3d4abac0e9383f83307212017b966510fc34414e5c75f2e90db,SP reward for iBTC,08 October 2023,263049,10-01-2024 21:45,12-10-2023 23:00
2107,442,658002caf01d1eb9ae484aa16f398f8a27a91c10047cf16bca6ce09e,SP reward for iBTC,08 October 2023,114044,10-01-2024 21:45,12-10-2023 23:00
2108,442,071f3b13c008455dda64f68444844dc392779583aca6c553d3f98d39,SP reward for iBTC,08 October 2023,359883,10-01-2024 21:45,12-10-2023 23:00
2109,442,342b901edef65bf1a7dc2e6cf40a410d0e2b94104e6995e0de3ced6c,SP reward for iBTC,08 October 2023,47,10-01-2024 21:45,12-10-2023 23:00
2110,442,ea29ab4f2420255302bd2c56e8fe74a36f0fcc96a30cf5fad9994b4a,SP reward for iBTC,08 October 2023,1192814,10-01-2024 21:45,12-10-2023 23:00
2111,442,94dd9ef56f37110e5c80250cdd47301e9592be3378200b75222a9708,SP reward for iBTC,08 October 2023,95908,10-01-2024 21:45,12-10-2023 23:00
2112,442,092b7b9ae9bfed9f25757ce431f885b079ba820ec102294ec9f18c5b,SP reward for iBTC,08 October 2023,74104,10-01-2024 21:45,12-10-2023 23:00
2113,442,c058ca62efb4785fbef1e7fe218bfc4596d9a085b4721f9661e61894,SP reward for iBTC,08 October 2023,51293,10-01-2024 21:45,12-10-2023 23:00
2114,442,bcd7d0e8839b24551996bbec8f229f4f6788f31974b86088e50cc325,SP reward for iBTC,08 October 2023,540357,10-01-2024 21:45,12-10-2023 23:00
2115,442,dd6b9922e6ee77ff126984d10a13695ac05b46949d0ab4751a9d0e1d,SP reward for iBTC,08 October 2023,608521,10-01-2024 21:45,12-10-2023 23:00
2116,442,a6049fbd2fd723e4f19c5392bfff9019d10ac59d222ee86ba05c9b2e,SP reward for iBTC,08 October 2023,263014,10-01-2024 21:45,12-10-2023 23:00
2117,442,bec94b5753e45e7ee8e232d0e7e958accd120f1135b56c9ce75a32cc,SP reward for iBTC,08 October 2023,7183574,10-01-2024 21:45,12-10-2023 23:00
2118,442,7c5378fa54feb8a83d9a2a241503e07eee3876d90931e1953788c3e4,SP reward for iBTC,08 October 2023,7254034,10-01-2024 21:45,12-10-2023 23:00
2119,442,9320b2e201b2f4141b4ea6e17e410f4696c911f77149408d632ebb8e,SP reward for iBTC,08 October 2023,10570235,10-01-2024 21:45,12-10-2023 23:00
2120,442,9730f04ab71ff759ededcbc4f7b4c8b2353af6885f2741194c98ed61,SP reward for iBTC,08 October 2023,66852,10-01-2024 21:45,12-10-2023 23:00
2121,442,9aec16c760df1aafd6cd7469b76de43e665f9cfa99263e756084ae89,SP reward for iBTC,08 October 2023,1168140,10-01-2024 21:45,12-10-2023 23:00
2122,442,95fa00657c1613aa2f6a3ff39b636d93ae3106ec72498d3e39b0fa8e,SP reward for iBTC,08 October 2023,1210681,10-01-2024 21:45,12-10-2023 23:00
2123,442,344b062d324fb1d5c2604c5381acd0e0dc8eac7fe94613a1dd1c9ee5,SP reward for iBTC,08 October 2023,1510929,10-01-2024 21:45,12-10-2023 23:00
2124,442,2e5a4c00de5e5ae25ec3d16e50b1da6b651d07ba33d3af5358becf71,SP reward for iBTC,08 October 2023,810202,10-01-2024 21:45,12-10-2023 23:00
2125,442,5f431f57ad76f9c3feaf03809fb3ba95da61f53fda601021a73f8040,SP reward for iBTC,08 October 2023,3904606,10-01-2024 21:45,12-10-2023 23:00
2126,442,e0ea68c3e09114bb8b746e67a3e44b5e4c0cdce33c07391dc1f61be2,SP reward for iBTC,08 October 2023,2458502,10-01-2024 21:45,12-10-2023 23:00
2127,442,460b03e4c9be9f26635bbb42db1bb7757c65f8bdafa5155fcc3ca9df,SP reward for iBTC,08 October 2023,3477262,10-01-2024 21:45,12-10-2023 23:00
2128,442,239f2ce7543af3b3c9119a00f53a64ad8e1e4b19d90fd1dfaecd7427,SP reward for iBTC,08 October 2023,6022733,10-01-2024 21:45,12-10-2023 23:00
2129,442,4a38898a0404df7306a94a9845665147ccaee0aee1777b550855a42a,SP reward for iBTC,08 October 2023,171758,10-01-2024 21:45,12-10-2023 23:00
2130,442,019f3d35ef1c1067784c46f9b165150919cdefda177dd301af373051,SP reward for iBTC,08 October 2023,48317,10-01-2024 21:45,12-10-2023 23:00
2131,442,5a22bd8e0ed1bb988e124cca869af71ce22e87aadb485e21c9ca54ca,SP reward for iBTC,08 October 2023,1136202,10-01-2024 21:45,12-10-2023 23:00
2132,442,cb7e89fcaadfed571c5ed0b22579cce20b89e0407cfc051d8d97fc89,SP reward for iBTC,08 October 2023,11012611,10-01-2024 21:45,12-10-2023 23:00
2133,442,9dec3c4964c4cb0bfbf95809b692f75f98161934226d9b1cb0e5999d,SP reward for iBTC,08 October 2023,315163,10-01-2024 21:45,12-10-2023 23:00
2134,442,824f1b5399d6885e6330925fcba1472da21731a3d9f33802dd308f7f,SP reward for iBTC,08 October 2023,247034,10-01-2024 21:45,12-10-2023 23:00
2135,442,9c2b04c3d361d4d72878e7c0c067ce6cdf9f29561bfab5c59728c4e2,SP reward for iBTC,08 October 2023,40725,10-01-2024 21:45,12-10-2023 23:00
2136,442,56a31a31d994dd695445965d7862c2025320c4d7a0202bb6e977e74b,SP reward for iBTC,08 October 2023,1185913,10-01-2024 21:45,12-10-2023 23:00
2137,442,b441ca29dc1d111c2bd998f8b347f57613bc68458a0ffda06ad65066,SP reward for iBTC,08 October 2023,1467931,10-01-2024 21:45,12-10-2023 23:00
2138,442,63aade055d90301cd816870ee5a3c9fc67d769274b8633e7a7893f05,SP reward for iBTC,08 October 2023,3049016,10-01-2024 21:45,12-10-2023 23:00
2139,442,fa9c7e0beaad372083bafd39c7cef554824a1e9eb21556676864ab7e,SP reward for iBTC,08 October 2023,4844939,10-01-2024 21:45,12-10-2023 23:00
2140,442,2e4fa47bb79e7a949afe7120907ed104d82118f209433130746e7c87,SP reward for iBTC,08 October 2023,3691291,10-01-2024 21:45,12-10-2023 23:00
2141,442,717d5f74b471f0e3fd390474d682ad56ad801796ddb32b065a503000,SP reward for iBTC,08 October 2023,196233,10-01-2024 21:45,12-10-2023 23:00
2142,442,6f27039ce8ad07c08fbad0dcfe5b70bf7b5709eed01128f3c8272841,SP reward for iBTC,08 October 2023,50180,10-01-2024 21:45,12-10-2023 23:00
2143,442,de5771cbff7cd2960f946f9752679084b94af12484abc3e14ac4ad97,SP reward for iBTC,08 October 2023,511782,10-01-2024 21:45,12-10-2023 23:00
2144,442,7eba1da590e93ee9a4da7bf746111c27c6b21f82ca90fd8c7ca5a441,SP reward for iBTC,08 October 2023,59998,10-01-2024 21:45,12-10-2023 23:00
2145,442,5e22c5aa5a56932e8d75e47e68ae14b5c37c329801ea6b3260a8be73,SP reward for iBTC,08 October 2023,5671,10-01-2024 21:45,12-10-2023 23:00
2146,442,fe865f286084772b874a29bd3b49f458df1ec3c31332b160af9cbb65,SP reward for iBTC,08 October 2023,1435770,10-01-2024 21:45,12-10-2023 23:00
2147,442,5b06d393e8dfcfc2b19ca8ecc91c242dd437ed72d917391264183f36,SP reward for iBTC,08 October 2023,176585,10-01-2024 21:45,12-10-2023 23:00
2148,442,a39926586271cd40910a9efa7a9bb2d6a53d7852b444ec240a99f0f9,SP reward for iBTC,08 October 2023,217556,10-01-2024 21:45,12-10-2023 23:00
2149,442,09575db3a66d29e820a464f9a5784aa42e3efd96396413c15d5a1160,SP reward for iBTC,08 October 2023,76155,10-01-2024 21:45,12-10-2023 23:00
2150,442,cbf2fe83219efa63b2e1d6c43e53fefa9280e4e862b5cc88d5bdaf7d,SP reward for iBTC,08 October 2023,201259,10-01-2024 21:45,12-10-2023 23:00
2151,442,23d5170dffbfa8d5cf6534cd1c06d52d6d2e8819b7914995fa9a94f4,SP reward for iBTC,08 October 2023,86910,10-01-2024 21:45,12-10-2023 23:00
2152,442,1afac53a4d1a00fdc5c19991c9ab585d92ed50cb9c71ba9c61a36106,SP reward for iBTC,08 October 2023,15559,10-01-2024 21:45,12-10-2023 23:00
2153,442,8989430ad6c5a5fa6d3a46119d893bd1f699828ed6a1adc117e5d566,SP reward for iBTC,08 October 2023,93658,10-01-2024 21:45,12-10-2023 23:00
2154,442,15f8cfb4da9cb42c4d6e84279d1b38591c14757ffdc34c84d1bcf18d,SP reward for iBTC,08 October 2023,208382,10-01-2024 21:45,12-10-2023 23:00
2155,442,a7793000be35ab0dd64570208d714684e292588d3067948d9cab4b62,SP reward for iBTC,08 October 2023,851279,10-01-2024 21:45,12-10-2023 23:00
2156,442,4c73918d3e3dc67b301ce43a5fe15bbe5adce6215fd2ccba13ff7e10,SP reward for iBTC,08 October 2023,1722158,10-01-2024 21:45,12-10-2023 23:00
2157,442,d695b98ba895d0c874d7d3e37fcddc0abed1218af810673d64c9a4f0,SP reward for iBTC,08 October 2023,59471,10-01-2024 21:45,12-10-2023 23:00
2158,442,d67b7749d86a07ba6f98f8f3c172bc8baa080ff2e4d9346e95906d72,SP reward for iBTC,08 October 2023,3016820,10-01-2024 21:45,12-10-2023 23:00
2159,442,afc9f4b55d88b42678093a6659959b51bd13e8f09c761ac46392e197,SP reward for iBTC,08 October 2023,735172,10-01-2024 21:45,12-10-2023 23:00
2160,442,f93cc5ef93e0558852dda635e29b1f3691e9450aeed4a8c2e3d7aea1,SP reward for iBTC,08 October 2023,1343377,10-01-2024 21:45,12-10-2023 23:00
2161,442,09ece0330525bced6552a9bfcd81f1d357118dfd74af85e432df2c39,SP reward for iBTC,08 October 2023,2231644,10-01-2024 21:45,12-10-2023 23:00
2162,442,2b651b38935e59a8d891f5201514253c9763e2da2a246462dc25cc98,SP reward for iBTC,08 October 2023,190058,10-01-2024 21:45,12-10-2023 23:00
2163,442,e8aa119715131d1dc98e1703729210cc98b1883773fefc5177cbfdb9,SP reward for iBTC,08 October 2023,1079894,10-01-2024 21:45,12-10-2023 23:00
2164,442,065b03aa376bb86b5ec066afbae4cdd38007f7fd63bd885db812d0bb,SP reward for iBTC,08 October 2023,5891501,10-01-2024 21:45,12-10-2023 23:00
2165,442,ab70a240c4ea4d1043066e8f7e046b202598751300991bac4bd97dcd,SP reward for iBTC,08 October 2023,98638,10-01-2024 21:45,12-10-2023 23:00
2166,442,e6926c176666e9fd9ca952aba71247472a1ab5358f38204d1ddfc79e,SP reward for iBTC,08 October 2023,10196738,10-01-2024 21:45,12-10-2023 23:00
2167,442,8bb170899ad086aaf786240e8429aaae18448301ad0d2ab068d38f4a,SP reward for iBTC,08 October 2023,15700,10-01-2024 21:45,12-10-2023 23:00
2168,442,ec3543779054d04588489cf33d9ec5889566af60493f4cbc45a06b20,SP reward for iBTC,08 October 2023,296100,10-01-2024 21:45,12-10-2023 23:00
2169,442,f345ef8a03058d65c9e5f976341e69412829c42e452322faa7f5fcdc,SP reward for iBTC,08 October 2023,5178824,10-01-2024 21:45,12-10-2023 23:00
2170,442,3fac66f6b7caf81b8fa95ab669e318a15a207783e143e7e886f68f93,SP reward for iBTC,08 October 2023,47330197,10-01-2024 21:45,12-10-2023 23:00
2171,442,8732d6ae48c07b2694e9918fcdfff84e0995b165d4615c32fc76a978,SP reward for iBTC,08 October 2023,339403,10-01-2024 21:45,12-10-2023 23:00
2172,442,8105d0f33d443db33095e1de7e3c084af5cefb8675af79f718bd3e36,SP reward for iBTC,08 October 2023,74831,10-01-2024 21:45,12-10-2023 23:00
2173,442,569124adbb5d1457305f93056568f6e6744675288b6ede04630140e4,SP reward for iBTC,08 October 2023,1004982,10-01-2024 21:45,12-10-2023 23:00
2174,442,f6d8c4c39a8c57fbdaabfd6243784c0d6cb36c8b3fc41d01387c5432,SP reward for iBTC,08 October 2023,582254,10-01-2024 21:45,12-10-2023 23:00
2175,442,b90a52312094525fd5625f11df6dd72246a7ba3d3a5195f5fdc207c8,SP reward for iBTC,08 October 2023,480570,10-01-2024 21:45,12-10-2023 23:00
2176,442,18f3de1e151510189ebb627d0b7e16ce7c5a3fbd8f09c3fb4ff1554e,SP reward for iBTC,08 October 2023,6892288,10-01-2024 21:45,12-10-2023 23:00
2177,442,c3945d89b9f99ee385a09971bc4d7bdeedf5e6f809f8f72816ddd692,SP reward for iBTC,08 October 2023,250666,10-01-2024 21:45,12-10-2023 23:00
2178,442,38beb7ed5901105ac154983122c87619d85de653050403bb932f7c1e,SP reward for iBTC,08 October 2023,1452267,10-01-2024 21:45,12-10-2023 23:00
2179,442,f946a9da7bc2551c51e8bf0d38a5f7978c825edbd438c8f89a904859,SP reward for iBTC,08 October 2023,2981168,10-01-2024 21:45,12-10-2023 23:00
2180,442,95ceeaa70e44c14ca1db0464b8965f089473af24ca997915df81103b,SP reward for iBTC,08 October 2023,2693093,10-01-2024 21:45,12-10-2023 23:00
2181,442,0734a5973d3de6cf214d64d15b03a424c976d8bc6550207c064444b0,SP reward for iBTC,08 October 2023,2555265,10-01-2024 21:45,12-10-2023 23:00
2182,442,9e888b8b96c8adc83588187764673c7e357b0c3b404072c997389f74,SP reward for iBTC,08 October 2023,130892,10-01-2024 21:45,12-10-2023 23:00
2183,442,9465c0a617ef9e96e745ed622dd5c9d5e4fa0401b31126ad135727c7,SP reward for iBTC,08 October 2023,901763,10-01-2024 21:45,12-10-2023 23:00
2184,442,a94214e82fb4a5e955661e2e2245786a3bc6cb295b3f901d756f9410,SP reward for iBTC,08 October 2023,255727,10-01-2024 21:45,12-10-2023 23:00
2185,442,f29f47b1b0418459d3089b645f7822ffde188e85a102de177d76cd77,SP reward for iBTC,08 October 2023,100301,10-01-2024 21:45,12-10-2023 23:00
2186,442,8d89460f842ed7b219009885a5135f7e2caae73d80a619a6b00a6769,SP reward for iBTC,08 October 2023,468831,10-01-2024 21:45,12-10-2023 23:00
2187,442,18c61e4d6b729454eb617f9a7b28e76a1698b4a752319f521e618cef,SP reward for iBTC,08 October 2023,1879986,10-01-2024 21:45,12-10-2023 23:00
2188,442,23c91e5a1ef52f1009f60d112978fb5c94b7e7d2692c59eaa9fea37d,SP reward for iBTC,08 October 2023,4469192,10-01-2024 21:45,12-10-2023 23:00
2189,442,ff459cbd1daf01031d056e85b0495b66ae7167dca9cbfa0f6a77b73c,SP reward for iBTC,08 October 2023,8518,10-01-2024 21:45,12-10-2023 23:00
2190,442,d8dc639f4acfae62f5542765643c3dbed62ff861834dbe3ffe374e2f,SP reward for iBTC,08 October 2023,348881,10-01-2024 21:45,12-10-2023 23:00
2191,442,5e7dea65cec67cd6e592011e0afdba4455ee0c753561867ff4ab6de7,SP reward for iBTC,08 October 2023,520323,10-01-2024 21:45,12-10-2023 23:00
2192,442,a76031cb213261bbf89b3626e19effe8fec5d35a8fc5b2a16816ad13,SP reward for iBTC,08 October 2023,519175,10-01-2024 21:45,12-10-2023 23:00
2193,442,42c58ba9df280c4ae00cfa9fc794f2f00e7658f9f6d69abe0e8afe82,SP reward for iBTC,08 October 2023,453506,10-01-2024 21:45,12-10-2023 23:00
2194,442,8b824c5bc7c0c7c6ef3396d567c47dd502e361f62d9f9e6015eb8150,SP reward for iBTC,08 October 2023,2545822,10-01-2024 21:45,12-10-2023 23:00
2195,442,01320ff53b5c768f13c862003e6ce5eb269a7280994ca682518fefc0,SP reward for iBTC,08 October 2023,6514,10-01-2024 21:45,12-10-2023 23:00
2196,442,309a47f53e617e9bbd0aa234b5f2aff6c22864a58a64fc272caf8315,SP reward for iBTC,08 October 2023,75744,10-01-2024 21:45,12-10-2023 23:00
2197,442,811d81c21b08352b6d13adc8815022f120336e4eadd03f4ee1a1b0fa,SP reward for iBTC,08 October 2023,202360,10-01-2024 21:45,12-10-2023 23:00
2198,442,914956f9a626440cebae913d11e64945359d03d5066c30ddbf4e1408,SP reward for iBTC,08 October 2023,427860,10-01-2024 21:45,12-10-2023 23:00
2199,442,5a3d4f39ee17e2b67b6dd93ba71379a098b16f5f1839a069ce9533f4,SP reward for iBTC,08 October 2023,244690,10-01-2024 21:45,12-10-2023 23:00
2200,442,a249e0d4dab1b164dd033043cbabdf204b34f7ecbdb994bec90d7216,SP reward for iBTC,08 October 2023,240367,10-01-2024 21:45,12-10-2023 23:00
2201,442,a03ccad35de77af874c2bd83cf91b7cdf3ecee94ba071ebc6364cdae,SP reward for iBTC,08 October 2023,285896,10-01-2024 21:45,12-10-2023 23:00
2202,442,140d18779ffbab27272c7a23388f7c11ab68643663b3403c81dba558,SP reward for iBTC,08 October 2023,56296,10-01-2024 21:45,12-10-2023 23:00
2203,442,2ea8cfe869a9f7f29b36dae2a1fcf19b9e4b47293961ec78dc5ebccf,SP reward for iBTC,08 October 2023,1706494,10-01-2024 21:45,12-10-2023 23:00
2204,442,2af7ac91a39bd31d2af45a0339de7fd54c803034e0c6a6ef31d9a6d6,SP reward for iBTC,08 October 2023,586378,10-01-2024 21:45,12-10-2023 23:00
2205,442,84c9a45c5123c84cb6186adf1f103d3cb4793808002903cca2cbf9d3,SP reward for iBTC,08 October 2023,311390,10-01-2024 21:45,12-10-2023 23:00
2206,442,7d9bd96bffd557031b105316885d46d7a6a2cfbf4afe31753e92e61f,SP reward for iBTC,08 October 2023,41334,10-01-2024 21:45,12-10-2023 23:00
2207,442,793e0684fd2dfa7d12295503072537909790139c8f47c8d84a54a58a,SP reward for iBTC,08 October 2023,1190775,10-01-2024 21:45,12-10-2023 23:00
2208,442,568b65fadfb32178198768d1bff91956f5dba957701ce300719237b4,SP reward for iBTC,08 October 2023,965792,10-01-2024 21:45,12-10-2023 23:00
2209,442,9b5ca3c44c5b45ec37beb7dba0a3376e091d5d78dd13e3f5d6900701,SP reward for iBTC,08 October 2023,51047,10-01-2024 21:45,12-10-2023 23:00
2210,442,bb065d2662a76b6a4be9b01e41d5c3f50462c1dda589da692b9754da,SP reward for iBTC,08 October 2023,130189,10-01-2024 21:45,12-10-2023 23:00
2211,442,00c9b4171017f21031357b9225d2ac7aaedae43d6fde84c571fad28b,SP reward for iBTC,08 October 2023,619628,10-01-2024 21:45,12-10-2023 23:00
2212,442,39b1d4be2a009b5add1835ff88e27d53352d43cba2df661d22c9943f,SP reward for iBTC,08 October 2023,471197,10-01-2024 21:45,12-10-2023 23:00
2213,442,0077f5569d8a6b58837844cae16b24e60b4718f5805e316dbf493897,SP reward for iBTC,08 October 2023,1422320,10-01-2024 21:45,12-10-2023 23:00
2214,442,b18c6ec043fe8be54994fea40737423de41f59bf46b00920c2f9001d,SP reward for iBTC,08 October 2023,165290,10-01-2024 21:45,12-10-2023 23:00
2215,442,c9943f5e7c0688644afd7dbc518f505a0ba36f3afa555cd1001bfbf6,SP reward for iBTC,08 October 2023,2779499,10-01-2024 21:45,12-10-2023 23:00
2216,442,50b834c5a9617a6a7d88fc1087764dc7df7d8929a68412245e3ddef9,SP reward for iBTC,08 October 2023,97033,10-01-2024 21:45,12-10-2023 23:00
2217,442,af7dbc337958b4ea8e417db5deff1df389a18d4b3793b269d85bc2b7,SP reward for iBTC,08 October 2023,1096918,10-01-2024 21:45,12-10-2023 23:00
2218,442,e1a8082c47e07a5033dac58e317d904b814c3a3d26d9abe1647274b7,SP reward for iBTC,08 October 2023,113892,10-01-2024 21:45,12-10-2023 23:00
2219,442,90a02e04c977081682ecc4f296fac9fccd2b4aa99c79f4a2bb9f2fc2,SP reward for iBTC,08 October 2023,130728,10-01-2024 21:45,12-10-2023 23:00
2220,442,1f6bcfb63ce737900a489270a4960a49f698bf29834efedb540f9a7f,SP reward for iBTC,08 October 2023,403513,10-01-2024 21:45,12-10-2023 23:00
2221,442,f0759375e806e0212efd939c5734c9894fd1f309d3da6471e068bdde,SP reward for iBTC,08 October 2023,3486401,10-01-2024 21:45,12-10-2023 23:00
2222,442,89a01cf2bd9ed786ec21c34dbcf0c12c30fb04e0b703f7aaa5493804,SP reward for iBTC,08 October 2023,4721252,10-01-2024 21:45,12-10-2023 23:00
2223,442,1ec35cc7e933953ef129dc5adf6c6773f0400d20a0c3966ffa19b253,SP reward for iBTC,08 October 2023,139175,10-01-2024 21:45,12-10-2023 23:00
2224,442,93527fb732328f1de9e8acc3162cd5a871757f4d843c2335ec900f90,SP reward for iBTC,08 October 2023,2630752,10-01-2024 21:45,12-10-2023 23:00
2225,442,3440301225c582d0a5a6a0a5beec84e9589d670ed742b1cf94d7200c,SP reward for iBTC,08 October 2023,258621,10-01-2024 21:45,12-10-2023 23:00
2226,442,3ae0b2cd0da21f019b0fd621fa637b43b4df505baadf48ccc11ba43c,SP reward for iBTC,08 October 2023,3644,10-01-2024 21:45,12-10-2023 23:00
2227,442,1d6b21b388975d2273d12b214d15d38aefe4aa45af8ed903e4d386aa,SP reward for iBTC,08 October 2023,9385,10-01-2024 21:45,12-10-2023 23:00
2228,442,9442130f8971114afb57ca22fc0c8bbf9cdd009faba8c714a571d88a,SP reward for iBTC,08 October 2023,122187,10-01-2024 21:45,12-10-2023 23:00
2229,442,1bd9135dccd6a9ca3c905f1ce3f37e97005b55b745cbc30812ef7e40,SP reward for iBTC,08 October 2023,231229,10-01-2024 21:45,12-10-2023 23:00
2230,442,f09508247e043a250758c76b5ccb0e00df48f5caa7d61518dcb96707,SP reward for iBTC,08 October 2023,37784,10-01-2024 21:45,12-10-2023 23:00
2231,442,6fdab71ac5e8d474bdcb01e2168f6efc82cff9a0b4f53c6452413722,SP reward for iBTC,08 October 2023,2604520,10-01-2024 21:45,12-10-2023 23:00
2232,442,9e50685ab277c256faccb96797ca4a94bdff89291b969ed2371c5abb,SP reward for iBTC,08 October 2023,173632,10-01-2024 21:45,12-10-2023 23:00
2233,442,f6cfb92f30761649bddbe7ad666fe448046e5f68abc29596e6956aa7,SP reward for iBTC,08 October 2023,2725242,10-01-2024 21:45,12-10-2023 23:00
2234,442,e33786fcf09ced1747bbd86e3e123a529483cc477932d9f25c4b0d56,SP reward for iBTC,08 October 2023,1148680,10-01-2024 21:45,12-10-2023 23:00
2235,442,18e4a3d3fcc5dee4b932b901795dd9f7e6ac57c448fca07e2f564029,SP reward for iBTC,08 October 2023,237391,10-01-2024 21:45,12-10-2023 23:00
2236,442,d9467aa8366e0043e34e255d5aed0241df4a8ea3d53498fb3c4e6be2,SP reward for iBTC,08 October 2023,145877,10-01-2024 21:45,12-10-2023 23:00
2237,442,01f8201d8a816667a60991c48558305e0b2bafa074ff269a195b000b,SP reward for iBTC,08 October 2023,163521,10-01-2024 21:45,12-10-2023 23:00
2238,442,a9fe9514518d18c5963c548919b65a8ff75ddc4c00fb1210e40b07e8,SP reward for iBTC,08 October 2023,2874528,10-01-2024 21:45,12-10-2023 23:00
2239,442,ba37698916d66971b377b10f0c6a0f267b7d7b0db565d3a27267c2b8,SP reward for iBTC,08 October 2023,815451,10-01-2024 21:45,12-10-2023 23:00
2240,442,1940d3fec85e9061523ad6a42f216ae820eb69c4a54d83cf9aee3896,SP reward for iBTC,08 October 2023,122609,10-01-2024 21:45,12-10-2023 23:00
2241,442,adbbc6153ee01f33a02b4e5d803dc50fb0c1085c9641ac1c69967038,SP reward for iBTC,08 October 2023,81298,10-01-2024 21:45,12-10-2023 23:00
2242,442,5e1802dd8fc351a529cd8b65a8f384f1838e7b19e5e0b9b696ff6fd6,SP reward for iBTC,08 October 2023,589811,10-01-2024 21:45,12-10-2023 23:00
2243,442,5502991103fb3f6ebfd0bae6995312e29b4ffafb852dd5d0d8ff2ce8,SP reward for iBTC,08 October 2023,120125,10-01-2024 21:45,12-10-2023 23:00
2244,442,f02ed8f193b422cfd67898c1b2a117b29aebebe18c4289149f27b3a9,SP reward for iBTC,08 October 2023,8629408,10-01-2024 21:45,12-10-2023 23:00
2245,442,fde99c5446fa0a9d8337fd28293649bd0b5d9a9264c5b33f975ecda7,SP reward for iBTC,08 October 2023,1426749,10-01-2024 21:45,12-10-2023 23:00
2246,442,1a8d4bcce514bb0329f23e50f2af102e56fa4d2d40142dc898916d28,SP reward for iBTC,08 October 2023,103676,10-01-2024 21:45,12-10-2023 23:00
2247,442,9f8b9e86c31cbf1186c27abc512d0c9d86089b18c15ca7c3336323bf,SP reward for iBTC,08 October 2023,715478,10-01-2024 21:45,12-10-2023 23:00
2248,442,e105290df587390be33d256392f378bfd7709dca5c16de6ff1958de1,SP reward for iBTC,08 October 2023,10427,10-01-2024 21:45,12-10-2023 23:00
2249,442,f095b6bf1670a5927349be0c438d63b966d494f62868c47d264ee592,SP reward for iBTC,08 October 2023,1686225,10-01-2024 21:45,12-10-2023 23:00
2250,442,c5b369fa0456604bbfb986dcfb68fc592a4ca23bd28fec18d484be19,SP reward for iBTC,08 October 2023,168712,10-01-2024 21:45,12-10-2023 23:00
2251,442,3c214daef68d919ae91cc5eb7447fc6d795b6019a6df4e3191028999,SP reward for iBTC,08 October 2023,84672,10-01-2024 21:45,12-10-2023 23:00
2252,442,5cbf5f0ea9260bb305078b3bbfdca41a598d232d74c9a30db243ab67,SP reward for iBTC,08 October 2023,624678,10-01-2024 21:45,12-10-2023 23:00
2253,442,db70834069b7ea13f3701408f7f7e5d32993bd9fff990c3c52b3844c,SP reward for iBTC,08 October 2023,3970404,10-01-2024 21:45,12-10-2023 23:00
2254,442,0addfcd643de27ebe29017294c042b87e5c7af614b5de6f363fdaeef,SP reward for iBTC,08 October 2023,5923720,10-01-2024 21:45,12-10-2023 23:00
2255,442,0ad45bd4425847c0893b6a9135dc9086793f21620bf46205901be98a,SP reward for iBTC,08 October 2023,587725,10-01-2024 21:45,12-10-2023 23:00
2256,442,9057a63eaa2afa9e1f67bdb5d29fd62c59c91d0c79a30e225f079aca,SP reward for iBTC,08 October 2023,11738563,10-01-2024 21:45,12-10-2023 23:00
2257,442,a485b6436c9f49a331655fa1574405c3e9bb1ead65e84b91f28fe826,SP reward for iBTC,08 October 2023,8943739,10-01-2024 21:45,12-10-2023 23:00
2258,442,7820f42dc60186096d0796db3b827087eb1c60321abc8a13cbac8f9a,SP reward for iBTC,08 October 2023,2443646,10-01-2024 21:45,12-10-2023 23:00
2259,442,3b9070843cfd1111780923e400c7dfd2a3418e6e014cb7469a65204d,SP reward for iBTC,08 October 2023,40315,10-01-2024 21:45,12-10-2023 23:00
2260,442,ac293f8851bccc597d9f23b7b76bb9afca7bf65e42c93fd9e51ebadb,SP reward for iBTC,08 October 2023,550164,10-01-2024 21:45,12-10-2023 23:00
2261,442,70a7bd550b7d96409d8acdbf95625a7ef0145407e594a6052b94f6be,SP reward for iBTC,08 October 2023,57046,10-01-2024 21:45,12-10-2023 23:00
2262,442,32e67cb8df87f43cb1c3063b27be710726b0bc1e96205b87f7d9be22,SP reward for iBTC,08 October 2023,23350,10-01-2024 21:45,12-10-2023 23:00
2263,442,ff6f1a1500c463068faa3a4aee28ee0e9bdb7cd667b3ac131aaa6f2c,SP reward for iBTC,08 October 2023,3866,10-01-2024 21:45,12-10-2023 23:00
2264,442,d4a5133b6c93547225503778518353b995090301d48ef52378df8f8a,SP reward for iBTC,08 October 2023,883966,10-01-2024 21:45,12-10-2023 23:00
2265,442,a10a23ec8c8bc86c8b39bb8d034a7ea407acf952bab967bbd8797d7f,SP reward for iBTC,08 October 2023,162443,10-01-2024 21:45,12-10-2023 23:00
2266,442,6362594e81cc4bf5946e14a30cf676df0db656ba14dadf367ab90167,SP reward for iBTC,08 October 2023,2566454,10-01-2024 21:45,12-10-2023 23:00
2267,442,cb2b4570726c6675a37c6a6a64b482eb461e2b5b1a75359d4ae3a8d1,SP reward for iBTC,08 October 2023,357797,10-01-2024 21:45,12-10-2023 23:00
2268,442,e4833eff5469ddeeaf0fbd065ad976676be56e8cd67c04526d51c495,SP reward for iBTC,08 October 2023,285896,10-01-2024 21:45,12-10-2023 23:00
2269,442,b8c95d9c879fe985c2a59cd6de2baeda050c5010e8eee6bb84c65be5,SP reward for iBTC,08 October 2023,218364,10-01-2024 21:45,12-10-2023 23:00
2270,442,4f095e6f77102062c2f13d752ee14be370903fb1ef45006369c45fcd,SP reward for iBTC,08 October 2023,1816695,10-01-2024 21:45,12-10-2023 23:00
2271,442,4d5da618c7b48388366354c11d5e897d2449b087b523fd083fa0970f,SP reward for iBTC,08 October 2023,1026305,10-01-2024 21:45,12-10-2023 23:00
2272,442,bed90820701ec88d79cb4536bc0f0d5d9eadea4038f704ea26aebd7b,SP reward for iBTC,08 October 2023,425598,10-01-2024 21:45,12-10-2023 23:00
2273,442,d00c92d92560223d54d47e2332b1937f37e48f8faf44d2735e119b40,SP reward for iBTC,08 October 2023,80595,10-01-2024 21:45,12-10-2023 23:00
2274,442,a79e3310327ff57aec9921c729d9a81389fe10aaa398fda3e5ae0fb3,SP reward for iBTC,08 October 2023,1800820,10-01-2024 21:45,12-10-2023 23:00
2275,442,2170acba5d68a11a0c3fdf0e6f0b76284d166441c3306076a8868a2d,SP reward for iBTC,08 October 2023,58803,10-01-2024 21:45,12-10-2023 23:00
2276,442,0be100b577b01fb14cd3163192a4b4ef9862a633c140ae6f2c8bf6c2,SP reward for iBTC,08 October 2023,30556,10-01-2024 21:45,12-10-2023 23:00
2277,442,a599571d436d6d4796f955247b1e358fa4275e063273d81dc5845a47,SP reward for iBTC,08 October 2023,209812,10-01-2024 21:45,12-10-2023 23:00
2278,442,ff7025065ebb4ec9f6eb52345aa2e26d53b6cef048fbde949ccb7fa9,SP reward for iBTC,08 October 2023,26806,10-01-2024 21:45,12-10-2023 23:00
2279,442,35b5d87660008e921bf997918dca5a84f808badf0fdc910fb5cc1d06,SP reward for iBTC,08 October 2023,1517748,10-01-2024 21:45,12-10-2023 23:00
2280,442,072569588caa5cdfcfc07a1bc6e8731d835f6a6f5c077d1d6dee0756,SP reward for iBTC,08 October 2023,1640954,10-01-2024 21:45,12-10-2023 23:00
2281,442,c72d1e782124b7a5b2ddd16fcce4fb1909d968ae6540dc87e6dd63ae,SP reward for iBTC,08 October 2023,98064,10-01-2024 21:45,12-10-2023 23:00
2282,442,c6d45c71d2db10ad40fe49e492ce13dbf368ee6e721bc09c91ae89f5,SP reward for iBTC,08 October 2023,1274932,10-01-2024 21:45,12-10-2023 23:00
2283,442,49a33ab5e0265427d7de241eac6595c7f6b06d6f8714477158d43922,SP reward for iBTC,08 October 2023,2162285,10-01-2024 21:45,12-10-2023 23:00
2284,442,c6aef9c4dd86f4d87ee64da60a47365ddefcce6afe4f81ab201dcd59,SP reward for iBTC,08 October 2023,147775,10-01-2024 21:45,12-10-2023 23:00
2285,442,9cd08cc76ae69ff518811af8d0a51a88d43a4c657a0c04e9224cc8cb,SP reward for iBTC,08 October 2023,1019627,10-01-2024 21:45,12-10-2023 23:00
2286,442,8c5626c9e662752024df18952fa8540323f25adc94d1ddf19cbbe93a,SP reward for iBTC,08 October 2023,1415759,10-01-2024 21:45,12-10-2023 23:00
2287,442,9c6b26744bd56fdf8d153edfa533838c64edde179e56ab43ff39d44c,SP reward for iBTC,08 October 2023,14352,10-01-2024 21:45,12-10-2023 23:00
2288,442,78cd8a0a3b2bd1b5d1a85f348849349a8d180b3bc180c9f5ea34c726,SP reward for iBTC,08 October 2023,4829860,10-01-2024 21:45,12-10-2023 23:00
2289,442,f985683432a80c87adba0b58c0f23732d62df8b56b4495e62df7b34d,SP reward for iBTC,08 October 2023,1009985,10-01-2024 21:45,12-10-2023 23:00
2290,442,a4bb846ef68110900c05f24352c1648db506ec921bf6011e61e01684,SP reward for iBTC,08 October 2023,54714,10-01-2024 21:45,12-10-2023 23:00
2291,442,c706de7bfbb45cd87ecff598485d3a723c919553e66ca548aa8f617d,SP reward for iBTC,08 October 2023,438146,10-01-2024 21:45,12-10-2023 23:00
2292,442,bf15d026350810dda5fdcb83db246d5aa2aa05a96396966d52e8c044,SP reward for iBTC,08 October 2023,218856,10-01-2024 21:45,12-10-2023 23:00
2293,442,594b5cf4b90fa03498e94b259e4462f7b838acbb727e5fb27a1512a2,SP reward for iBTC,08 October 2023,8399867,10-01-2024 21:45,12-10-2023 23:00
2294,442,d643e544ab30611b757fd5926602f6f693d573f4c0005d0b46aab1f2,SP reward for iBTC,08 October 2023,3227569,10-01-2024 21:45,12-10-2023 23:00
2295,442,5f86e466087255702d18aa24b32dbb34534e08df81736672fa9ba65c,SP reward for iBTC,08 October 2023,423935,10-01-2024 21:45,12-10-2023 23:00
2296,442,6c348312a0608ec6032c6b58e8570d4eb54a6792e95185b661ecd19e,SP reward for iBTC,08 October 2023,104437,10-01-2024 21:45,12-10-2023 23:00
2297,442,a90c9789e1cc4e2b2b3f0623af62cf6c143918214776980f29b12d12,SP reward for iBTC,08 October 2023,543497,10-01-2024 21:45,12-10-2023 23:00
2298,442,895dbda6ce8ae6e05cb8936861ffdc934ef3f8b289ecbaf06f20da59,SP reward for iBTC,08 October 2023,328542,10-01-2024 21:45,12-10-2023 23:00
2299,442,e30fca4c9c548c925fe71b35bd611143d6c305a5ce0ab3d4dc89e483,SP reward for iBTC,08 October 2023,99141,10-01-2024 21:45,12-10-2023 23:00
2300,442,6f51c66d3a29c2d5f030cfb8e21376e24c1cf22150ac86f5bc9c9ba2,SP reward for iBTC,08 October 2023,729607,10-01-2024 21:45,12-10-2023 23:00
2301,442,bdabcdc638396b13e6a2f2fcee884fac8903ad668c7155fad848616a,SP reward for iBTC,08 October 2023,452627,10-01-2024 21:45,12-10-2023 23:00
2302,442,10b776dcc1840a0606e0cad33d6641d643d7e13ace69c9646edf99dd,SP reward for iBTC,08 October 2023,7194142,10-01-2024 21:45,12-10-2023 23:00
2303,442,77a1b379e48df6426e5cc09831d89c98ab884006386249023012566b,SP reward for iBTC,08 October 2023,184013,10-01-2024 21:45,12-10-2023 23:00
2304,442,34589e061b2fcffb9f07e7109d77a14c7c7f55f15f5a52d5ebe6c94e,SP reward for iBTC,08 October 2023,2870,10-01-2024 21:45,12-10-2023 23:00
2305,442,a723925d9bb76d01b7884c2a338fa082de4f043c8487a2f50462c8a1,SP reward for iBTC,08 October 2023,1451974,10-01-2024 21:45,12-10-2023 23:00
2306,442,8be6732aed7a8fae40c977123a8c351f24783273e129f986fa3f1eff,SP reward for iBTC,08 October 2023,2983992,10-01-2024 21:45,12-10-2023 23:00
2307,442,5d9e0354868fbabc732fd274e1a7335c480821da439b7d4506a85a57,SP reward for iBTC,08 October 2023,9783,10-01-2024 21:45,12-10-2023 23:00
2308,442,67fffa13350cb5f69efd949568ab2ebf8348f0dabc892dfa86c09360,SP reward for iBTC,08 October 2023,102094,10-01-2024 21:45,12-10-2023 23:00
2309,442,c83c13c91af421b95b9187ac7dd6aef77250ba8717f172cc1225835d,SP reward for iBTC,08 October 2023,3287485,10-01-2024 21:45,12-10-2023 23:00
2310,442,78774ad9d2f51203d1174cd8aba30079bfdf9167a1cef196cb3f1591,SP reward for iBTC,08 October 2023,3328374,10-01-2024 21:45,12-10-2023 23:00
2311,442,bfafa728e2977bfd051374321b88dc56458b666ab3b45151b201e2c2,SP reward for iBTC,08 October 2023,956524,10-01-2024 21:45,12-10-2023 23:00
2312,442,9bf929588ad1b309c5d14b29ac278dba301bf1eab59af4c29b68f807,SP reward for iBTC,08 October 2023,6107112,10-01-2024 21:45,12-10-2023 23:00
2313,442,9a2468984f0481f9e23b7537207c3f5ebee0803e8cd93be6e89b18da,SP reward for iBTC,08 October 2023,37327,10-01-2024 21:45,12-10-2023 23:00
2314,442,1f3d588e86ebe5e517471e5341fe873f2850231396913da81360acbf,SP reward for iBTC,08 October 2023,156972,10-01-2024 21:45,12-10-2023 23:00
2315,442,0a826eb1d51eaab35e35c7d39c554a1d52105bc49f70d5a2b55aa5f7,SP reward for iBTC,08 October 2023,150235,10-01-2024 21:45,12-10-2023 23:00
2316,442,ca0f77040a2b74ee79cb3a2c8046083e364c853648d64885a75ae35e,SP reward for iBTC,08 October 2023,397655,10-01-2024 21:45,12-10-2023 23:00
2317,442,2a0dab02e3a2f94c95d40083bb77c45b163ff989f2dda6492c2a8d5f,SP reward for iBTC,08 October 2023,344933,10-01-2024 21:45,12-10-2023 23:00
2318,442,3307f4774118bdc69163b2f8f2065892aa4484df07772bc4fe5fd052,SP reward for iBTC,08 October 2023,451503,10-01-2024 21:45,12-10-2023 23:00
2319,442,b6756686f4eb2913773cd154afd06f721a1eeeb6dd84d37b099acb14,SP reward for iBTC,08 October 2023,319861,10-01-2024 21:45,12-10-2023 23:00
2320,442,c590affd526db47b19bcb411793bba5d639c1f5885fafc47838cd22e,SP reward for iBTC,08 October 2023,2671665,10-01-2024 21:45,12-10-2023 23:00
2321,442,73761bdecaf3b16b1ac8cfbc32a46cfb73f3086cd854b57855bcf16e,SP reward for iBTC,08 October 2023,41299,10-01-2024 21:45,12-10-2023 23:00
2322,442,1633a5c8e451c8f2f2269392f0cf72be4f40d1ceccf4428bf38c34c2,SP reward for iBTC,08 October 2023,54234,10-01-2024 21:45,12-10-2023 23:00
2323,442,f5fc2163bd928f1bd4be6463323d1341eb5709ad2fc7780f3a0110bf,SP reward for iBTC,08 October 2023,19636126,10-01-2024 21:45,12-10-2023 23:00
2324,442,574394ab415b836d98d86245093f59942aeec40decbda39751f3e7d7,SP reward for iBTC,08 October 2023,3892597,10-01-2024 21:45,12-10-2023 23:00
2325,442,07c59e348504d75a47aa875c80c5f7c537f4153637fb942f8f21f7e4,SP reward for iBTC,08 October 2023,102117,10-01-2024 21:45,12-10-2023 23:00
2326,442,92d729404cabcad2f8d5de02c9757d15662aea7a92b9bb2b24647e8d,SP reward for iBTC,08 October 2023,1434224,10-01-2024 21:45,12-10-2023 23:00
2327,442,b5e29b13b00ba8a4b4e60c434ac0b462f3dabfbc3be5ab7bfb81450d,SP reward for iBTC,08 October 2023,117969,10-01-2024 21:45,12-10-2023 23:00
2328,442,dcc2117fe7b56fbf5a0c7ae4bd3e33a3a4ed07cd25e02c4c6e34d510,SP reward for iBTC,08 October 2023,206461,10-01-2024 21:45,12-10-2023 23:00
2329,442,fea8e87d281ee2160310c0c5f406150882995426d5588b0b507f6851,SP reward for iBTC,08 October 2023,85035,10-01-2024 21:45,12-10-2023 23:00
2330,442,b3a31397b51b543b0ad551f86c1e40a444ba5dee35b47a90f30bcd7f,SP reward for iBTC,08 October 2023,45212,10-01-2024 21:45,12-10-2023 23:00
2331,442,b743ce7aef466aecfdc2b6ee5779b83c5b97a64807880ee8e668e685,SP reward for iBTC,08 October 2023,53800,10-01-2024 21:45,12-10-2023 23:00
2332,442,e96b42bb359a00752e75feeaf706fce6c692ccd4fcc40a66ce559285,SP reward for iBTC,08 October 2023,1134011,10-01-2024 21:45,12-10-2023 23:00
2333,442,402aa9a17bc75af743dcb1e0be5aa6c22f3ccb3812ee05ecb9ba0369,SP reward for iBTC,08 October 2023,2812,10-01-2024 21:45,12-10-2023 23:00
2334,442,1c587f5ef064716c704b8e85c52f7946bd8faaf8d32862614abac4a8,SP reward for iBTC,08 October 2023,1239854,10-01-2024 21:45,12-10-2023 23:00
2335,442,17abbdbbee649dac78243c157c3238f34b9368e0e7d2c0232951484c,SP reward for iBTC,08 October 2023,14083,10-01-2024 21:45,12-10-2023 23:00
2336,442,8f869974639c5d8b3f9cb2bbfe8233ed48cb10eaec5eff4c3c348443,SP reward for iBTC,08 October 2023,71691,10-01-2024 21:45,12-10-2023 23:00
2337,442,d60e724de921571ec9a732fad7ec0673fb9665e2b41040cfc8193289,SP reward for iBTC,08 October 2023,728283,10-01-2024 21:45,12-10-2023 23:00
2338,442,d1660b25e17cb23c44f9161fd71df2a4e847f5b1e0b23a4bae71423a,SP reward for iBTC,08 October 2023,151125278,10-01-2024 21:45,12-10-2023 23:00
2339,442,528322993c2dcfc6256101f35cd17ef0a2893c840ca2c84d153cb61b,SP reward for iBTC,08 October 2023,364288,10-01-2024 21:45,12-10-2023 23:00
2340,442,fc1c84e08e8e47cda82dfe5d2778002da43570516efe2517c7878226,SP reward for iBTC,08 October 2023,11939,10-01-2024 21:45,12-10-2023 23:00
2341,442,ebdf2f2916f3819a83396a78bc14525b559c62b21cde688020ecfafb,SP reward for iBTC,08 October 2023,11679982,10-01-2024 21:45,12-10-2023 23:00
2342,442,e0a5fe8d81c61f33e7b47c1a5b07c02ca836cd80b91e2ce18e088db3,SP reward for iBTC,08 October 2023,119844,10-01-2024 21:45,12-10-2023 23:00
2343,442,01da9d4fea55755b1bd3017417aeae4b69e15fda2bbdb49d739351ff,SP reward for iBTC,08 October 2023,152731,10-01-2024 21:45,12-10-2023 23:00
2344,442,4046d7935086947d2c6dba7e4e5f0db6f8fb72f945d1c1f992ab6c9d,SP reward for iBTC,08 October 2023,73331,10-01-2024 21:45,12-10-2023 23:00
2345,442,cacee11ae9fc0ffb6219d179e22b1cddefd988ebcfb1ec7fca4ad52d,SP reward for iBTC,08 October 2023,26569503,10-01-2024 21:45,12-10-2023 23:00
2346,442,619b6b3a2835612d57f1fd005a20a950d5d17f31434599d983f4f066,SP reward for iBTC,08 October 2023,100559,10-01-2024 21:45,12-10-2023 23:00
2347,442,b343c02a76bd4f94ecbd4e8260a37ea68d5543d01e9f21e162c9cd1a,SP reward for iBTC,08 October 2023,3391348,10-01-2024 21:45,12-10-2023 23:00
2348,442,055973d3eb6ea05afa794d45503de1f84af84eecec770f487a736f87,SP reward for iBTC,08 October 2023,156913,10-01-2024 21:45,12-10-2023 23:00
2349,442,0118a7e04201305bddea885b6cc1cbea578e98b3eeec45bc06e2b2be,SP reward for iBTC,08 October 2023,119059,10-01-2024 21:45,12-10-2023 23:00
2350,442,e174ca1bc8de7a28fcd3d2fbb172d223fbd8b83c1dc51cd37c790420,SP reward for iBTC,08 October 2023,1705018,10-01-2024 21:45,12-10-2023 23:00
2351,442,20e6fbd5dc1f0edd267fd7d81a4ee11caa622a2d9f0bf88f98bdec4f,SP reward for iBTC,08 October 2023,1697742,10-01-2024 21:45,12-10-2023 23:00
2352,442,00023775abacb7c31af161e5d0faebd84067299748396171df0a4143,SP reward for iBTC,08 October 2023,179537,10-01-2024 21:45,12-10-2023 23:00
2353,442,9124156d56646d11e50b702724ceb71ffb59238add6deebc4e176f9b,SP reward for iBTC,08 October 2023,213608,10-01-2024 21:45,12-10-2023 23:00
2354,442,ccb220201f3cb6b293ae4aa8f4c4280591f300897fa0354851c616f7,SP reward for iBTC,08 October 2023,154336,10-01-2024 21:45,12-10-2023 23:00
2355,442,97abddf0ccc26df60a24679fe7080de9ead18fa0d973a115ce072ca8,SP reward for iBTC,08 October 2023,1421242,10-01-2024 21:45,12-10-2023 23:00
2356,442,8a943c72013267009ce119b8a60b15d5ee70a91ff3bfc32ec591e837,SP reward for iBTC,08 October 2023,3426239,10-01-2024 21:45,12-10-2023 23:00
2357,442,bb942086e287a184e192afb2eab10ec07042bbb967407ce1593b3a56,SP reward for iBTC,08 October 2023,163322,10-01-2024 21:45,12-10-2023 23:00
2358,442,10a11fcf12b135084efcf1bc998cf1024d444a2cf05d1e5c18d5d579,SP reward for iBTC,08 October 2023,1257651,10-01-2024 21:45,12-10-2023 23:00
2359,442,d28984c713366768ef92d78cdf6375539bc637d329226151e915c315,SP reward for iBTC,08 October 2023,44416,10-01-2024 21:45,12-10-2023 23:00
2360,442,35f31e0e99aa11179513402c64432bf50299e9a87276e8acd9fe765a,SP reward for iBTC,08 October 2023,932694,10-01-2024 21:45,12-10-2023 23:00
2361,442,7328ab6d917830c7db07347e34d628bd76421d260b9064231a34955e,SP reward for iBTC,08 October 2023,388587,10-01-2024 21:45,12-10-2023 23:00
2362,442,e105437b7f6bc51ba2dfff25dad8528637a85d69ce360c9417197769,SP reward for iBTC,08 October 2023,315233,10-01-2024 21:45,12-10-2023 23:00
2363,442,82fc2953edfbd8d3f708f49610a00caf271ff3794a8d5153f9b28fd0,SP reward for iBTC,08 October 2023,114185,10-01-2024 21:45,12-10-2023 23:00
2364,442,946c74a18ccd97a6cdb64318cb3374ab72e83c616d30d604e1cb8d20,SP reward for iBTC,08 October 2023,11822122,10-01-2024 21:45,12-10-2023 23:00
2365,442,f6f4381664083197aade59849d7d90493799c00ac314bd28eb6a1096,SP reward for iBTC,08 October 2023,3315756,10-01-2024 21:45,12-10-2023 23:00
2366,442,0d54066357cf1b893f76d88adc3586fc28aa526ab3ac30db74147a50,SP reward for iBTC,08 October 2023,48329,10-01-2024 21:45,12-10-2023 23:00
2367,442,ec189db91bbc7706bf3725f0d2ef8cef34d22b069510395f09fe78c6,SP reward for iBTC,08 October 2023,604409,10-01-2024 21:45,12-10-2023 23:00
2368,442,f8470a7569e320d24a2303be02e72f651be6e7cd1221fa8b4cf83704,SP reward for iBTC,08 October 2023,14062834,10-01-2024 21:45,12-10-2023 23:00
2369,442,fa9b92b3f0c4a0a756c6d39c8e7015bdb593ca4c4e3f051b10d5eaa5,SP reward for iBTC,08 October 2023,274285,10-01-2024 21:45,12-10-2023 23:00
2370,442,62455feed70d012e99e9845395a5cb277204e8a7d9b7e806a038d795,SP reward for iBTC,08 October 2023,2225235,10-01-2024 21:45,12-10-2023 23:00
2371,442,fc3f98ae5a3b654f6d89eebba84dede2c2ebe58d58ed3d59984dfef4,SP reward for iBTC,08 October 2023,1989613,10-01-2024 21:45,12-10-2023 23:00
2372,442,d7346fcd395de69e62f4a2bafbc32af393ceecb3287b0ff4442ff36e,SP reward for iBTC,08 October 2023,4707626,10-01-2024 21:45,12-10-2023 23:00
2373,442,0b1db916e7560c61e187d688e00f936a0730a88d1049e89f4ece9e9a,SP reward for iBTC,08 October 2023,9093716,10-01-2024 21:45,12-10-2023 23:00
2374,442,43554050d4b81197d15d448aa81b825612a4fef4cba3b48ba25be4e4,SP reward for iBTC,08 October 2023,167177,10-01-2024 21:45,12-10-2023 23:00
2375,442,dc02ccd3782cd2a25908214624aef4b201639744163010a68cfbb484,SP reward for iBTC,08 October 2023,1465881,10-01-2024 21:45,12-10-2023 23:00
2376,442,3a92ed8273f831fbedb6e5f494949885ff7239d3ca2bf1773ea690bf,SP reward for iBTC,08 October 2023,230678,10-01-2024 21:45,12-10-2023 23:00
2377,442,d7093cc9caa740381045e3c433dfc849c3403ecf066fac9233e14246,SP reward for iBTC,08 October 2023,1336992,10-01-2024 21:45,12-10-2023 23:00
2378,442,84f56148eee940276bc35ce104626bdc964f341a85e2c88699042ab3,SP reward for iBTC,08 October 2023,1181778,10-01-2024 21:45,12-10-2023 23:00
2379,442,78b355ef81f783f5efe26565142565159adb6d0fe2ff17631c37540c,SP reward for iBTC,08 October 2023,153844,10-01-2024 21:45,12-10-2023 23:00
2380,442,3674c9d5873becab55b9c7d24038f7b4333eb70d1639edb14a95335d,SP reward for iBTC,08 October 2023,296452,10-01-2024 21:45,12-10-2023 23:00
2381,442,134772ad86746619dd39c1bcfd82c5cbec2872f3fbbae1c289e2c7c4,SP reward for iBTC,08 October 2023,4656579,10-01-2024 21:45,12-10-2023 23:00
2382,442,92a18583ff5b6549b812dd1035b420789020d999240b9d122ef5e71b,SP reward for iBTC,08 October 2023,14516,10-01-2024 21:45,12-10-2023 23:00
2383,442,8d999dd787f9871ef69430cfd7473d3d786fe6e060985c65265997d9,SP reward for iBTC,08 October 2023,11482,10-01-2024 21:45,12-10-2023 23:00
2384,442,fcc20a843a102f03b5a67e2d9567fc74c70c2c2c294b85fa83086611,SP reward for iBTC,08 October 2023,120476330,10-01-2024 21:45,12-10-2023 23:00
2385,442,36fc48bb762e7e133f8cdb2197315db32557edc052b20a7c6233316a,SP reward for iBTC,08 October 2023,70507,10-01-2024 21:45,12-10-2023 23:00
2386,442,ff2666d0328175164cd4f4be76d58ac6162319513ccc68d940bf2b23,SP reward for iBTC,08 October 2023,3412390,10-01-2024 21:45,12-10-2023 23:00
2387,442,619db89e32d3347ca98cb4718f91695154e3a3f7d383af693a4dabc8,SP reward for iBTC,08 October 2023,3475224,10-01-2024 21:45,12-10-2023 23:00
2388,442,c716768454ee0acb9178b7ca686c04eb02579b536fb44ec6b4361c81,SP reward for iBTC,08 October 2023,9460066,10-01-2024 21:45,12-10-2023 23:00
2389,442,d1f445019e940fa4e89b149599b431d0ef7592743758b010b8866898,SP reward for iBTC,08 October 2023,898377,10-01-2024 21:45,12-10-2023 23:00
2390,442,865175c4867e096c4bc73e6064dbd2e9bacb181c5f660c340be7a531,SP reward for iBTC,08 October 2023,1248290,10-01-2024 21:45,12-10-2023 23:00
2391,442,c237095d55fa4c123f4a67d49e429bc6c35f2d4c8aadff5ea1a7ab1c,SP reward for iBTC,08 October 2023,101344,10-01-2024 21:45,12-10-2023 23:00
2392,442,91a484d734334a3069b53ae5373393a8ea8f93d88627670c00f8e8f9,SP reward for iBTC,08 October 2023,977379,10-01-2024 21:45,12-10-2023 23:00
2393,442,c762b49fcc98442f1dc5e71e6de2635f02c7b22275a7d112abe90dbc,SP reward for iBTC,08 October 2023,3569128,10-01-2024 21:45,12-10-2023 23:00
2394,442,4fe31a9ee1f8f310f27feae9a31118d29e3378b0240a998a477ec357,SP reward for iBTC,08 October 2023,4054,10-01-2024 21:45,12-10-2023 23:00
2395,442,ecdd6a81ee434c3d773a0b6b27d426b3d86ee4f8edbb4016e5a6883d,SP reward for iBTC,08 October 2023,42272,10-01-2024 21:45,12-10-2023 23:00
2396,442,36f4acc790ade8685561ee452d290cddfaae730872d02a25fd4d65cc,SP reward for iBTC,08 October 2023,22589,10-01-2024 21:45,12-10-2023 23:00
2397,442,ff8c28d4272bc3688bfc79b6acbe73b24577851e0b4e422ef2198977,SP reward for iBTC,08 October 2023,9365401,10-01-2024 21:45,12-10-2023 23:00
2398,442,e73dedb1ad601b2c565d3d5abd31f368cc8b8b8e94faa13de79475c3,SP reward for iBTC,08 October 2023,68164,10-01-2024 21:45,12-10-2023 23:00
2399,442,e369f9a894744f3c1bf4e714426f0e9753cdcab22a9cf0ab620bd642,SP reward for iBTC,08 October 2023,14140301,10-01-2024 21:45,12-10-2023 23:00
2400,442,3657a92f82da5d852f3757b0d144117b3fce7353181e8a8202843d54,SP reward for iBTC,08 October 2023,14701477,10-01-2024 21:45,12-10-2023 23:00
2401,442,35fc0d9a0b03f48768465620b16a3d5902a30dab99d4a7d2c08add5c,SP reward for iBTC,08 October 2023,22050107,10-01-2024 21:45,12-10-2023 23:00
2402,442,418be7cbf9d37e1ed38d316e3f1f21a33cd6733ebd7457145447a830,SP reward for iBTC,08 October 2023,13584677,10-01-2024 21:45,12-10-2023 23:00
2403,442,4074cb09fb0f9c5695ee9561cc0b9eecec26efd9a0362f9c6615732c,SP reward for iBTC,08 October 2023,112193,10-01-2024 21:45,12-10-2023 23:00
2404,442,b4dd03047543f859dd8edf03705087c510442f0d006a151ee92c1994,SP reward for iBTC,08 October 2023,6977488,10-01-2024 21:45,12-10-2023 23:00
2405,442,eeb30b031f8ddd6c5766289a4faebc9fb55ea39eaff3dbaf28d106dd,SP reward for iBTC,08 October 2023,144436,10-01-2024 21:45,12-10-2023 23:00
2406,442,9a87e01b2fc854b5c7c70267da8f3ed2d1343329aa8e86efde7748aa,SP reward for iBTC,08 October 2023,4092087,10-01-2024 21:45,12-10-2023 23:00
2407,442,b5c8349396f274e45c6733b41262d7fca925d6413394331b01e88d0e,SP reward for iBTC,08 October 2023,119961,10-01-2024 21:45,12-10-2023 23:00
2408,442,f4035fabf6ceffc8d7ba6defb2a76bf77e2fd6f447f37c9037340990,SP reward for iBTC,08 October 2023,19460,10-01-2024 21:45,12-10-2023 23:00
2409,442,c8d94edd54ac158df872778b972b3d9f230b77294e9688e7fa3d3302,SP reward for iBTC,08 October 2023,19255107,10-01-2024 21:45,12-10-2023 23:00
2410,442,9cdf11e9f7832510865cf609be23fce37c331324a087d334801d435d,SP reward for iBTC,08 October 2023,10873,10-01-2024 21:45,12-10-2023 23:00
2411,442,9204bc66b5075a98249a520231b5c28315f603e80410c19e79b79739,SP reward for iBTC,08 October 2023,3382256,10-01-2024 21:45,12-10-2023 23:00
2412,442,ee0d3f0402347e81228151903cf5249eb6303bf0e78b4f488263db90,SP reward for iBTC,08 October 2023,882139,10-01-2024 21:45,12-10-2023 23:00
2413,442,b7f7ae08769181fd6287c83f74fe18cce31b5bad2e39eeb4ae982f68,SP reward for iBTC,08 October 2023,1703002,10-01-2024 21:45,12-10-2023 23:00
2414,442,a042edfa210923d77e34bb224506a33f1007618124addb9d275c44f3,SP reward for iBTC,08 October 2023,492591,10-01-2024 21:45,12-10-2023 23:00
2415,442,add22687547b52ee682e6d576776af097ef9374ecce09681b9b43715,SP reward for iBTC,08 October 2023,1372504,10-01-2024 21:45,12-10-2023 23:00
2416,442,7cbc9de209d7a0032eca03b814521b58b034bb72aa681decb395ea25,SP reward for iBTC,08 October 2023,697458,10-01-2024 21:45,12-10-2023 23:00
2417,442,91aa6ddecfac713f774fe7635bc6804e96e008cd220186a1382b7f1f,SP reward for iBTC,08 October 2023,41944,10-01-2024 21:45,12-10-2023 23:00
2418,442,9eacf5e8b3c6bf9b1abf34590fd8c9b02e34c0bcd682a1e895ede3fe,SP reward for iBTC,08 October 2023,13229282,10-01-2024 21:45,12-10-2023 23:00
2419,442,f8c924fdf1d9d105c176c2d7289312adb74685741ade1835c78022bf,SP reward for iBTC,08 October 2023,68937,10-01-2024 21:45,12-10-2023 23:00
2420,442,ddc7d434a87369990847553dbe9a0020ccbf868222cb6193b0303eca,SP reward for iBTC,08 October 2023,1791072,10-01-2024 21:45,12-10-2023 23:00
2421,442,a753860cbfd3884ffd93ee7ae4762a618855a982c2bcff3da2623281,SP reward for iBTC,08 October 2023,168477,10-01-2024 21:45,12-10-2023 23:00
2422,442,8e5cffec9bc59c2f83a5396628846b2e34c8e4a565b9bd5f85c3a7c5,SP reward for iBTC,08 October 2023,4589434,10-01-2024 21:45,12-10-2023 23:00
2423,442,56270f8bf55701d31d45a3db4a13d99ef7848fc936616777f4257dcb,SP reward for iBTC,08 October 2023,739355,10-01-2024 21:45,12-10-2023 23:00
2424,442,d38b26fb9b460883ad49b8be8efae6a39413a4cf65ca3a84b6a14f65,SP reward for iBTC,08 October 2023,5165268,10-01-2024 21:45,12-10-2023 23:00
2425,442,cdfe95c99540a11b593c69e1426a76245c3d76ed3b905a09aa8d011a,SP reward for iBTC,08 October 2023,2886830,10-01-2024 21:45,12-10-2023 23:00
2426,442,bc64c0754d2dd6b159df3116a20375fbb668de087098210541940186,SP reward for iBTC,08 October 2023,2794953,10-01-2024 21:45,12-10-2023 23:00
2427,442,6ab1e8f492b0ade359dcc23754a37711b11e09f3c300db387a7df62a,SP reward for iBTC,08 October 2023,99177,10-01-2024 21:45,12-10-2023 23:00
2428,442,1344c6719d8058b88f756f2ee293581dab8214b388113a46e95cb2e8,SP reward for iBTC,08 October 2023,117161,10-01-2024 21:45,12-10-2023 23:00
2429,442,725fca12f5495b2d9c9be40376355bb56f673261a0c0fefcc0e83128,SP reward for iBTC,08 October 2023,68328,10-01-2024 21:45,12-10-2023 23:00
2430,442,0fcd5515a7c42ff375fbe24915bf94140f3ae6559957291e2fc8cb98,SP reward for iBTC,08 October 2023,1724396,10-01-2024 21:45,12-10-2023 23:00
2431,442,25f2b6e8273673fa147f150644a62517d248bba31bbb8c35963fcb94,SP reward for iBTC,08 October 2023,605592,10-01-2024 21:45,12-10-2023 23:00
2432,442,e2a00a183faa1d56370cdabb7b05beeb09274a693061e1d5aa140617,SP reward for iBTC,08 October 2023,3692463,10-01-2024 21:45,12-10-2023 23:00
2433,442,ba723099e73d3c12bbe935d3286ca851beadbb24e82e459d2cc47095,SP reward for iBTC,08 October 2023,978960,10-01-2024 21:45,12-10-2023 23:00
2434,442,9cffd98682b61f22ad13b19130b79edf9efba37b87b1bb216786bb22,SP reward for iBTC,08 October 2023,1210400,10-01-2024 21:45,12-10-2023 23:00
2435,442,27e19a4d47b49657009c6265473dd7191ec0908bdcffdc0fe37ee348,SP reward for iBTC,08 October 2023,5001887,10-01-2024 21:45,12-10-2023 23:00
2436,442,6d74a578d02399914e6e91e30fcc0cb11157d6bb8bfa11e27c1f067f,SP reward for iBTC,08 October 2023,7160036,10-01-2024 21:45,12-10-2023 23:00
2437,442,19006487a208affb9e50bea4ec43f00e27b951edc7a440ecd4a88d21,SP reward for iBTC,08 October 2023,530199,10-01-2024 21:45,12-10-2023 23:00
2438,442,bd120d13cacc36173e37233dc7218a7e887697a3614d27234b00e009,SP reward for iBTC,08 October 2023,288614,10-01-2024 21:45,12-10-2023 23:00
2439,442,d171c764b68e3006a17366dbbd2b5b1d1641e584991c8524ac72458f,SP reward for iBTC,08 October 2023,312269,10-01-2024 21:45,12-10-2023 23:00
2440,442,d2cb4ce1de90a00c3c930185073e3c041f638555713136d3b3bdea81,SP reward for iBTC,08 October 2023,519421,10-01-2024 21:45,12-10-2023 23:00
2441,442,9dcf132042889673839ea86796d3ea30d6fd52682b5bdf524dfa15ce,SP reward for iBTC,08 October 2023,1182188,10-01-2024 21:45,12-10-2023 23:00
2442,442,5f75978f9c34609c4720a15d2cb51b1384ef0711a8e4afa7de0d060a,SP reward for iBTC,08 October 2023,680212,10-01-2024 21:45,12-10-2023 23:00
2443,442,4a8c38f06a0dd31c58d79d150fefe34db736ac83c4a7cc1fc22c1e5e,SP reward for iBTC,08 October 2023,2719185,10-01-2024 21:45,12-10-2023 23:00
2444,442,f00f927995925d46c18314ed041f55e32d1e9bc0da7b18b5f9d56602,SP reward for iBTC,08 October 2023,6453955,10-01-2024 21:45,12-10-2023 23:00
2445,442,5c1a02a27266c981c3c4a9f5301c0e540b93da75bba83693aa1284a2,SP reward for iBTC,08 October 2023,355735,10-01-2024 21:45,12-10-2023 23:00
2446,442,c91490adde7feb9e01721f33e1ab60e2002bef0b62a0e83a759ff983,SP reward for iBTC,08 October 2023,265357,10-01-2024 21:45,12-10-2023 23:00
2447,442,9cc6a5c39d7b0a317daf1c2ac03e490912585b884ac4d922a146117b,SP reward for iBTC,08 October 2023,6945714,10-01-2024 21:45,12-10-2023 23:00
2448,442,0da3cacef17d65df4ab3d98a21d5d8ef52ef3f813b35b46e9ac4e562,SP reward for iBTC,08 October 2023,30011511,10-01-2024 21:45,12-10-2023 23:00
2449,442,198836d653f267dfed06bd383b80539c50f3ab6d6e7e0de11d9b723e,SP reward for iETH,09 October 2023,682,10-01-2024 21:45,12-10-2023 23:00
2450,442,43b8e3375ecf90169230d91ce92863d0b041ed4c8668cc87d17ea980,SP reward for iETH,09 October 2023,3323,10-01-2024 21:45,12-10-2023 23:00
2451,442,58565b9a0b90f766dad48a3cb365453b452565ecb6773a55a5517b48,SP reward for iETH,09 October 2023,434469,10-01-2024 21:45,12-10-2023 23:00
2452,442,405966152e910c43c45f1d21d8420d7ce66c604b9750824741970780,SP reward for iETH,09 October 2023,350,10-01-2024 21:45,12-10-2023 23:00
2453,442,4199f4bb58f9b3c60dec5310a8326d46c90318b83d2e96ff45f30bf1,SP reward for iETH,09 October 2023,23,10-01-2024 21:45,12-10-2023 23:00
2454,442,f9f1d44d00b15f63b1aac48dd4e3b4738bec1c79cef84b67ef5c69e4,SP reward for iETH,09 October 2023,371,10-01-2024 21:45,12-10-2023 23:00
2455,442,bdb8c089708bb3dd3c626bb9a286a3aacbf77517b9643161db4a1452,SP reward for iETH,09 October 2023,60,10-01-2024 21:45,12-10-2023 23:00
2456,442,117a220650f577db973565412c705745e0cac69c796d137e977267a0,SP reward for iETH,09 October 2023,1,10-01-2024 21:45,12-10-2023 23:00
2457,442,ad122b9fa3ab86495712afd2a6f655430427c2cf21a54fd0c8fe8e63,SP reward for iETH,09 October 2023,71769,10-01-2024 21:45,12-10-2023 23:00
2458,442,2e1573f020d7dc42fb1befd459287f0e620fb799cee111e43c50d676,SP reward for iETH,09 October 2023,10871,10-01-2024 21:45,12-10-2023 23:00
2459,442,ed3122194af84dbc350676f420b1927209b40cf0d239ec26a5cc8623,SP reward for iETH,09 October 2023,223633,10-01-2024 21:45,12-10-2023 23:00
2460,442,5016a30bc3c1a609d20be6cd2ea1f87bf5b49bcf2f8ecdb1d21cceff,SP reward for iETH,09 October 2023,1,10-01-2024 21:45,12-10-2023 23:00
2461,442,bffe2a2f3dde97b96f94f5cdde3957828c61db930faba0e4b2afbb46,SP reward for iETH,09 October 2023,43801,10-01-2024 21:45,12-10-2023 23:00
2462,442,435ac6984516a80bf6a9e7d16ba8431add7b4f44083131ab8dce0097,SP reward for iETH,09 October 2023,81687,10-01-2024 21:45,12-10-2023 23:00
2463,442,8b542601309e158b422074b4a53ec9aa0f09a0b50f58bce55a68b4a0,SP reward for iETH,09 October 2023,15553,10-01-2024 21:45,12-10-2023 23:00
2464,442,6efc2b7d458837222c6305866822d7d3039f9b436dc7eeda2ebabd4e,SP reward for iETH,09 October 2023,4816,10-01-2024 21:45,12-10-2023 23:00
2465,442,ce6885bef0ae899503bec94142f5c2d8f8d25973ddb50e1c5dca5c1e,SP reward for iETH,09 October 2023,803,10-01-2024 21:45,12-10-2023 23:00
2466,442,7bfcb0b4a3974232c21fe4440a2befb5aff58093e9582c9d447c1e0d,SP reward for iETH,09 October 2023,421,10-01-2024 21:45,12-10-2023 23:00
2467,442,89d095d531c5d92be599e65bfe27c44652b2cf99b72a332427e9d8a2,SP reward for iETH,09 October 2023,25150,10-01-2024 21:45,12-10-2023 23:00
2468,442,42a1f1254b83222880c10986170dff3d174299a9b6601511d369a189,SP reward for iETH,09 October 2023,204094,10-01-2024 21:45,12-10-2023 23:00
2469,442,93fb8feafbe7b27f8ccddb6c42676e5c85698c605c6627728507d8fc,SP reward for iETH,09 October 2023,557,10-01-2024 21:45,12-10-2023 23:00
2470,442,19c1be2fd0ce6e32cde0185dd60a56edc288d8de6243c1ca4e569f51,SP reward for iETH,09 October 2023,76,10-01-2024 21:45,12-10-2023 23:00
2471,442,d1b4a2e733c66382f3c60bf7a43803b57e44c07d5efe87bf8c4185ee,SP reward for iETH,09 October 2023,78959,10-01-2024 21:45,12-10-2023 23:00
2472,442,70412db01246a610b0e448401967f8c79afad0c1eda5cc75b2c252f7,SP reward for iETH,09 October 2023,1053,10-01-2024 21:45,12-10-2023 23:00
2473,442,875b60897b0b855c13d7cab2fa168fe63bce45ed7e657bdd951b5972,SP reward for iETH,09 October 2023,34089,10-01-2024 21:45,12-10-2023 23:00
2474,442,84e650cc71a2cc4a1e57241565b32d0b24ba3ed2a8726bbd11c76ef7,SP reward for iETH,09 October 2023,15927,10-01-2024 21:45,12-10-2023 23:00
2475,442,4e5426811df99e191ae0bc3eca64836e561a07d1623b16f94828240b,SP reward for iETH,09 October 2023,2,10-01-2024 21:45,12-10-2023 23:00
2476,442,2b3f8ce415f63a81454d53882a00a4d2225e1284c257a8b14ecb4c22,SP reward for iETH,09 October 2023,1,10-01-2024 21:45,12-10-2023 23:00
2477,442,af91dcc8800fad79990ad47efc93335efb93b85b15f01ad0570b0924,SP reward for iETH,09 October 2023,96513,10-01-2024 21:45,12-10-2023 23:00
2478,442,8707ca72180e998be7256d3ca209f1018ee51fc9f9e1d55fd1d962ae,SP reward for iETH,09 October 2023,1502,10-01-2024 21:45,12-10-2023 23:00
2479,442,aa67df191de68ac9224c3425b62b628becbb3d001d0ba78f1dacac4e,SP reward for iETH,09 October 2023,14,10-01-2024 21:45,12-10-2023 23:00
2480,442,609ec540fc0fe4aa910919d0f5a2a5dfda7db6cb7f9b4c73c285bb22,SP reward for iETH,09 October 2023,32780,10-01-2024 21:45,12-10-2023 23:00
2481,442,38182d9874dbabb161ffff5e21c81a58b8134ff7f34f2407903dba6c,SP reward for iETH,09 October 2023,5376,10-01-2024 21:45,12-10-2023 23:00
2482,442,a179c06273cc4b1676137e136a2ef23e7cf4a3ea8b07f359a13f88a2,SP reward for iETH,09 October 2023,4388,10-01-2024 21:45,12-10-2023 23:00
2483,442,8d995bf956bbf2a69b6549ca3a6830e9292b0d2641e9fa520d0f294d,SP reward for iETH,09 October 2023,106118,10-01-2024 21:45,12-10-2023 23:00
2484,442,7a7fe8f80addd82b29adc3d5f017985c04c21eac82da3072fb95ba30,SP reward for iETH,09 October 2023,812,10-01-2024 21:45,12-10-2023 23:00
2485,442,afd3aaa6c6cff952df201e8b6aa2e2e06e080f61f9fcbabc1997b42b,SP reward for iETH,09 October 2023,101396,10-01-2024 21:45,12-10-2023 23:00
2486,442,57e5858c1df6db74f151486eedd33dec6790c38e79d12b69e2add37e,SP reward for iETH,09 October 2023,53596,10-01-2024 21:45,12-10-2023 23:00
2487,442,206d0b9f1190d040970e6a139ec20333570c9f73098ab4f8c5772536,SP reward for iETH,09 October 2023,30911,10-01-2024 21:45,12-10-2023 23:00
2488,442,241ecd4e529840fd1d3c3a44abf3e5f3d65c6312fa1203025234ade4,SP reward for iETH,09 October 2023,5022,10-01-2024 21:45,12-10-2023 23:00
2489,442,7bca37d84a32420442867cc57a31d617763def3c9963f639c58ff001,SP reward for iETH,09 October 2023,252776,10-01-2024 21:45,12-10-2023 23:00
2490,442,9913007f4d5d7d0bdfde593a74f1cc948368d29881aa3efab60a6338,SP reward for iETH,09 October 2023,30871,10-01-2024 21:45,12-10-2023 23:00
2491,442,731c4e0664571b4ea0a1b9279f3b9dc10ae79bd38908a7b30ecefe22,SP reward for iETH,09 October 2023,430,10-01-2024 21:45,12-10-2023 23:00
2492,442,8bb170899ad086aaf786240e8429aaae18448301ad0d2ab068d38f4a,SP reward for iETH,09 October 2023,1,10-01-2024 21:45,12-10-2023 23:00
2493,442,c8ca667b94b226c0400fc4f3f8ce935ef841edd752b09fbf28b1cb16,SP reward for iETH,09 October 2023,8,10-01-2024 21:45,12-10-2023 23:00
2494,442,84b2dddf4357c2589e7d431a055e3b0db4149b94240c63ecb1b676f2,SP reward for iETH,09 October 2023,10533678,10-01-2024 21:45,12-10-2023 23:00
2495,442,a33c563393379855e9b6f66e6830ceac659fac8982b06d4128b21722,SP reward for iETH,09 October 2023,5733,10-01-2024 21:45,12-10-2023 23:00
2496,442,6d6912b202d92f19e9b506ce91eb315f764d0eb5aaf86598b6408dd0,SP reward for iETH,09 October 2023,26343,10-01-2024 21:45,12-10-2023 23:00
2497,442,93c8ee55e003b8ac9b1be4260e01d9f03ef35e8cb8ad07fc04c86f80,SP reward for iETH,09 October 2023,181010,10-01-2024 21:45,12-10-2023 23:00
2498,442,243143a1edf725605b078e3660ccf3ef4811e54ce8d70b04ae15a4b0,SP reward for iETH,09 October 2023,145,10-01-2024 21:45,12-10-2023 23:00
2499,442,512f425cedae5c11513155242686e5039b766c7ae798515b68a364e7,SP reward for iETH,09 October 2023,2715,10-01-2024 21:45,12-10-2023 23:00
2500,442,ed3ceb224858d2a44bcae5c64c3f96bc3e80d85bc3347c5f156ae7ff,SP reward for iETH,09 October 2023,1,10-01-2024 21:45,12-10-2023 23:00
2501,442,ccf0463efcfc0be16312d889a485c827392edb4bf32af4b43af4aad5,SP reward for iETH,09 October 2023,4590,10-01-2024 21:45,12-10-2023 23:00
2502,442,38a6b071d8b300a0a8219cb49ae293024f466985a89f62d6188d0388,SP reward for iETH,09 October 2023,6541,10-01-2024 21:45,12-10-2023 23:00
2503,442,b5f538b9bc03a2b72e11f5d02d4480cb5a8db857e1a730b1d4499ec4,SP reward for iETH,09 October 2023,3790401,10-01-2024 21:45,12-10-2023 23:00
2504,442,0d4dfb08eb9de8c5610cecd9f1624a8f1bcd2775a9fa651631d44cd5,SP reward for iETH,09 October 2023,4199002,10-01-2024 21:45,12-10-2023 23:00
2505,442,929695c172f6c2841df1482161ec1a2716ee2f166c27c86b20736e71,SP reward for iETH,09 October 2023,90790,10-01-2024 21:45,12-10-2023 23:00
2506,442,d5783eeb99454513796d07833a55b33d041157aa2557f641d50b7f13,SP reward for iETH,09 October 2023,8791,10-01-2024 21:45,12-10-2023 23:00
2507,442,4cb2eb343a9f29be1c2550732c532cf3d2a846cce4b12691379bdc70,SP reward for iETH,09 October 2023,8149,10-01-2024 21:45,12-10-2023 23:00
2508,442,73a2384cb145aa11ef7c996728c5715f87b007368e1a4769853927ee,SP reward for iETH,09 October 2023,7032577,10-01-2024 21:45,12-10-2023 23:00
2509,442,cef48e82717f374be93b1e5bccad65b68e9403e57dcec8f251b35455,SP reward for iETH,09 October 2023,50728288,10-01-2024 21:45,12-10-2023 23:00
2510,442,b2cd3ac1116b5d4d2634eb51a832f9c99dd03abe51b9e05f463bde68,SP reward for iETH,09 October 2023,98156,10-01-2024 21:45,12-10-2023 23:00
2511,442,bbc6d8e0a8f8fa47238a3df22e1b9a0e39a0de2330ba5b49d69a6bc0,SP reward for iETH,09 October 2023,539451,10-01-2024 21:45,12-10-2023 23:00
2512,442,61cc93b6feaaf71fb0a4133fc103134b9e0057b17a96b5b8ab064345,SP reward for iETH,09 October 2023,523665,10-01-2024 21:45,12-10-2023 23:00
2513,442,c05d3ab97abdcac7e81855b92b59afe40f18b059e9d8cceedc5ef511,SP reward for iETH,09 October 2023,60620,10-01-2024 21:45,12-10-2023 23:00
2514,442,20e9a6827fc11c89ad4f49e9b36cf80b55c5650eb397b1a9507dde2b,SP reward for iETH,09 October 2023,5351,10-01-2024 21:45,12-10-2023 23:00
2515,442,4fef1de46ca4dffc70cafbce94918dc9e28000d395411532f418a73d,SP reward for iETH,09 October 2023,67836,10-01-2024 21:45,12-10-2023 23:00
2516,442,fc5543c66855df3872fc1c6bedbd95bb592feb158a7656d0964358b1,SP reward for iETH,09 October 2023,13348,10-01-2024 21:45,12-10-2023 23:00
2517,442,476b50ba222061304df4ef1e7da2a370fc1a452f4100e862d5555269,SP reward for iETH,09 October 2023,27237,10-01-2024 21:45,12-10-2023 23:00
2518,442,96fcd31985e22ce4ab339cd92f94a5e54e5ddb4880f0a3a6c6ccb2f5,SP reward for iETH,09 October 2023,13200,10-01-2024 21:45,12-10-2023 23:00
2519,442,d2a9e3449671da65c467670745d3d5ba2f2f261187808191a95710cf,SP reward for iETH,09 October 2023,17959,10-01-2024 21:45,12-10-2023 23:00
2520,442,9a278ffaf46bf70581b4d7914236ad05ee20ee98c7c73158bbc60a3b,SP reward for iETH,09 October 2023,38926,10-01-2024 21:45,12-10-2023 23:00
2521,442,e1fe8c18060b61725fc639e6ed11f31323da2cc773f048910a4634da,SP reward for iETH,09 October 2023,103324,10-01-2024 21:45,12-10-2023 23:00
2522,442,d4da2d85527b6622fb0dfae1fda83de879b7cd969bf5ff96e9ba3aa6,SP reward for iETH,09 October 2023,281131,10-01-2024 21:45,12-10-2023 23:00
2523,442,ef375afc54458f274bd07dec902e981a581fb46d4ab6d996e40b5bb0,SP reward for iETH,09 October 2023,110278,10-01-2024 21:45,12-10-2023 23:00
2524,442,aceab5cd6d083ab7388b8487f260c514770460bd9809196d455c7150,SP reward for iETH,09 October 2023,560818,10-01-2024 21:45,12-10-2023 23:00
2525,442,3942f959c4dacb2bb80d5854e6b2a304601ad692ce27a6040806de62,SP reward for iETH,09 October 2023,64886,10-01-2024 21:45,12-10-2023 23:00
2526,442,dbf62020c6e458cd78ab8e4726fbc766b60c9a473918a5afb8784f4f,SP reward for iETH,09 October 2023,15693,10-01-2024 21:45,12-10-2023 23:00
2527,442,a4bb846ef68110900c05f24352c1648db506ec921bf6011e61e01684,SP reward for iETH,09 October 2023,58468,10-01-2024 21:45,12-10-2023 23:00
2528,442,73064ed9d446fe559dea6a5c0484f4c4876d91e1d7442109f6815770,SP reward for iETH,09 October 2023,2,10-01-2024 21:45,12-10-2023 23:00
2529,442,cd193a0e787cfd42924e2432b5d4b74a19c1bdcb210d44faa6ed875b,SP reward for iETH,09 October 2023,41381,10-01-2024 21:45,12-10-2023 23:00
2530,442,75463feb9358b4187d202bc5b8a3d96df6f8c2416495350e8519a3e2,SP reward for iETH,09 October 2023,38639,10-01-2024 21:45,12-10-2023 23:00
2531,442,0cdd12ae3e182cc9ce56f55e17b6ae78cd48110aa592163b39ba5b03,SP reward for iETH,09 October 2023,16011,10-01-2024 21:45,12-10-2023 23:00
2532,442,144a91af110e1f266e04a5fc28a41d897523570b8c8ca12724be3b64,SP reward for iETH,09 October 2023,30930,10-01-2024 21:45,12-10-2023 23:00
2533,442,c90dfeb23d605971a7c59e29113aecd883e6390ae59b21748a3ef672,SP reward for iETH,09 October 2023,28870,10-01-2024 21:45,12-10-2023 23:00
2534,442,2d8e47435b0c86ffc07f8c45272929148631ba923e3e24abd49c7d62,SP reward for iETH,09 October 2023,4495,10-01-2024 21:45,12-10-2023 23:00
2535,442,a3f63e4cbce10a5560a60dc4c7360da433b03e596e9c61f507eec809,SP reward for iETH,09 October 2023,22176,10-01-2024 21:45,12-10-2023 23:00
2536,442,138e6f1324b88fc7e3c520e1ce26fb28d0fd99871c45b0e83c80f900,SP reward for iETH,09 October 2023,76984,10-01-2024 21:45,12-10-2023 23:00
2537,442,11b4ac68cf0d110247dc7d2bc139c92fd7a21af0a798a913e06fecd1,SP reward for iETH,09 October 2023,42843,10-01-2024 21:45,12-10-2023 23:00
2538,442,5f085aae9b0dcd71e73a7a5074d80dc8cd0dacafc1bb98bc6fe46cb9,SP reward for iETH,09 October 2023,409746,10-01-2024 21:45,12-10-2023 23:00
2539,442,026c8ee36589862c813abaf4142583d8631869cc694bfc393ad229ed,SP reward for iETH,09 October 2023,86279,10-01-2024 21:45,12-10-2023 23:00
2540,442,76bd0706659b380bf2acb2259850bdd90488151424877d178eaa4c2d,SP reward for iETH,09 October 2023,21307,10-01-2024 21:45,12-10-2023 23:00
2541,442,9147f0988a1efd942134a43aaab625d1ff84f6be971c676a2d7d907c,SP reward for iETH,09 October 2023,17798,10-01-2024 21:45,12-10-2023 23:00
2542,442,2dd87e3321612d435e9ded9e76469a8d221b8bfce442e92997b74ae9,SP reward for iETH,09 October 2023,309903,10-01-2024 21:45,12-10-2023 23:00
2543,442,b178ffc093995ed4f92326da8cbbae25832bd1c723b4897435ae3ee3,SP reward for iETH,09 October 2023,29340,10-01-2024 21:45,12-10-2023 23:00
2544,442,6c6327cb74b31bca70661b8a54165f95eec53e59c955ce2060e7dcaa,SP reward for iETH,09 October 2023,50808,10-01-2024 21:45,12-10-2023 23:00
2545,442,edb0c1b08e873184c25ab99e045c1331c2a8009d5d6abafef20429d7,SP reward for iETH,09 October 2023,162295,10-01-2024 21:45,12-10-2023 23:00
2546,442,b844eda8d8b99c58609f090d3156ef91488778e92501e1154e797492,SP reward for iETH,09 October 2023,66706,10-01-2024 21:45,12-10-2023 23:00
2547,442,91aa6ddecfac713f774fe7635bc6804e96e008cd220186a1382b7f1f,SP reward for iETH,09 October 2023,26206,10-01-2024 21:45,12-10-2023 23:00
2548,442,c1847df694146357cb67166b11ec706348cb02d268b09c7ca0567a2a,SP reward for iETH,09 October 2023,1,10-01-2024 21:45,12-10-2023 23:00
2549,442,343a6e2b66f769abf99ad58bc6425690fd647ea7221a738a55d94bd6,SP reward for iETH,09 October 2023,15456,10-01-2024 21:45,12-10-2023 23:00
2550,442,bc12846dfe29fb17207d6e11b98fdda7201679227d46d744de5574e8,SP reward for iETH,09 October 2023,37367,10-01-2024 21:45,12-10-2023 23:00
2551,442,2387805ec55905b81396a1744734c4695abaaf620a73e88092018f58,SP reward for iETH,09 October 2023,20891,10-01-2024 21:45,12-10-2023 23:00
2552,442,945cd17ae5a96a439a8191283c8459e67ab18c7e2d93fa1dfce4671c,SP reward for iETH,09 October 2023,66984,10-01-2024 21:45,12-10-2023 23:00
2553,442,50b984ca982d833e08f2bd2124164aef4193d86503cb484ecbeb1abc,SP reward for iETH,09 October 2023,97736,10-01-2024 21:45,12-10-2023 23:00
2554,442,0906bc9e7c5e11ffa7933e391b3eac7386660467616399958c62e606,SP reward for iETH,09 October 2023,2428,10-01-2024 21:45,12-10-2023 23:00
2555,442,bd584b825b8ea2a3c6756ada80f881936d174cd8935edeefbff34723,SP reward for iETH,09 October 2023,3428,10-01-2024 21:45,12-10-2023 23:00
2556,442,e04792fa709f493a554e363756388231edd8716df5998754d114594a,SP reward for iETH,09 October 2023,33266,10-01-2024 21:45,12-10-2023 23:00
2557,442,786de79ca4b4c908980fc370c9089196933c2733c12eb95186b97406,SP reward for iETH,09 October 2023,225119,10-01-2024 21:45,12-10-2023 23:00
2558,442,f08a2242c6a6353ea38c9316dc478cad0d5e53eef6c1833e763eb33d,SP reward for iETH,09 October 2023,1692,10-01-2024 21:45,12-10-2023 23:00
2559,442,332640ca63bf1c45ca8f5beafe24f3e68887f052b3a03914e2efd235,SP reward for iETH,09 October 2023,1646,10-01-2024 21:45,12-10-2023 23:00
2560,442,2d7f83bee28f29bf82eb41de3d59674e71af6a2faf3cce9eb95d6026,SP reward for iETH,09 October 2023,38817,10-01-2024 21:45,12-10-2023 23:00
2561,442,2922bb18ea7225c2905acb96276ea33273c5e07a0860fb276087115f,SP reward for iETH,09 October 2023,33133,10-01-2024 21:45,12-10-2023 23:00
2562,442,0da3cacef17d65df4ab3d98a21d5d8ef52ef3f813b35b46e9ac4e562,SP reward for iETH,09 October 2023,533,10-01-2024 21:45,12-10-2023 23:00
2563,442,08abc365d15eb5a450ff8ed2a6207bfa3cb5a0df4ec1ddd0e6636026,SP reward for iETH,09 October 2023,1,10-01-2024 21:45,12-10-2023 23:00
2564,442,16490539b2a6c749b18c82a41ad485eaa882ee019335452b7a7c27c0,SP reward for iETH,09 October 2023,66254,10-01-2024 21:45,12-10-2023 23:00
2565,442,efdea48b2d455838b64f1bdbf0106eef7cd67041ce4aa429d812183e,SP reward for iETH,09 October 2023,35217,10-01-2024 21:45,12-10-2023 23:00
2566,442,30f730fb260aed1721ae7ec3d6ba003509bc8d125ddbf93ddf51cfac,SP reward for iETH,09 October 2023,536776,10-01-2024 21:45,12-10-2023 23:00
2567,442,8bb9c1842b5df8a44359e65982adb4d2a7d0cb745a2b8488592e3d9f,SP reward for iETH,09 October 2023,12964,10-01-2024 21:45,12-10-2023 23:00
2568,442,dfe5d2289b230fb69bdf502d43ec466d44b6742ea21e967ed674bdc9,SP reward for iETH,09 October 2023,651016,10-01-2024 21:45,12-10-2023 23:00
2569,442,9bf780683ee09b92d00a465c519ef7febf74a26e6ff45fd9af96e496,SP reward for iETH,09 October 2023,126551,10-01-2024 21:45,12-10-2023 23:00
2570,442,514ec5e427280c6bca6a0d79dea12bc793673a7241ba8f6f982a542e,SP reward for iETH,09 October 2023,84583,10-01-2024 21:45,12-10-2023 23:00
2571,442,e6f174b44628064bfdc62cdf2be63c50b2cd68625efe6847f5fdbf83,SP reward for iETH,09 October 2023,126839,10-01-2024 21:45,12-10-2023 23:00
2572,442,8425e1110917c188382ff1e28f3e11c6310ca3c1ee09b4b4bcc41bc1,SP reward for iETH,09 October 2023,18684,10-01-2024 21:45,12-10-2023 23:00
2573,442,7d1641812bc78ee852ab754207dc818d1eaa658986d48e6890f08bb9,SP reward for iETH,09 October 2023,182834,10-01-2024 21:45,12-10-2023 23:00
2574,442,e435792ece3754f9a940629ec319e62c108f06fedc90da30504b776f,SP reward for iETH,09 October 2023,92558,10-01-2024 21:45,12-10-2023 23:00
2575,442,e31737eff954647c3cfb076fc5ec72a889d3d7b27a875fdf2fd1b379,SP reward for iETH,09 October 2023,1,10-01-2024 21:45,12-10-2023 23:00
2576,442,e4833eff5469ddeeaf0fbd065ad976676be56e8cd67c04526d51c495,SP reward for iETH,09 October 2023,99247,10-01-2024 21:45,12-10-2023 23:00
2577,442,778f07f22a2e44147376960b871a2bf9382ec1a50ae2c4b2086a8436,SP reward for iETH,09 October 2023,486512,10-01-2024 21:45,12-10-2023 23:00
2578,442,e4a3572c85228edfa7ee4d015fa55fd6c93d181597f86859aaabca91,SP reward for iETH,09 October 2023,153577,10-01-2024 21:45,12-10-2023 23:00
2579,442,63b3889ebf65aba913b3ca44031d7b2c59b04b0727c3f2e67d52d034,SP reward for iETH,09 October 2023,681,10-01-2024 21:45,12-10-2023 23:00
2580,442,34c3340d91bf6565f8b26b14e5dc37c6f89d62bc748b78de164115da,SP reward for iETH,09 October 2023,10228,10-01-2024 21:45,12-10-2023 23:00
2581,442,895dbda6ce8ae6e05cb8936861ffdc934ef3f8b289ecbaf06f20da59,SP reward for iETH,09 October 2023,188249,10-01-2024 21:45,12-10-2023 23:00
2582,442,e1dabf1e8691c018fda047487415acf4ed06b874cc7e2bb639dd1845,SP reward for iETH,09 October 2023,4681,10-01-2024 21:45,12-10-2023 23:00
2583,442,63d62b85ce675ee25e9e0da4c846d9843afc136a494b52ccdc2e48e2,SP reward for iETH,09 October 2023,47,10-01-2024 21:45,12-10-2023 23:00
2584,442,a6dbba290877e35a99d112108edf8c59364f9d06d0de28484b88d592,SP reward for iETH,09 October 2023,5321,10-01-2024 21:45,12-10-2023 23:00
2585,442,006a690654880fd995ebad7a4e4dd8f215be0784cd96ec4e5ebf1226,SP reward for iETH,09 October 2023,642342,10-01-2024 21:45,12-10-2023 23:00
2586,442,d20a972f5bddebc47975b4d78f5a5ea7113b8311a84623fe58891b45,SP reward for iETH,09 October 2023,26579,10-01-2024 21:45,12-10-2023 23:00
2587,442,3c1e2cfc33728127b806c2679ecccabd2c3602a7fe754228f122f754,SP reward for iETH,09 October 2023,1082960,10-01-2024 21:45,12-10-2023 23:00
2588,442,23d5170dffbfa8d5cf6534cd1c06d52d6d2e8819b7914995fa9a94f4,SP reward for iETH,09 October 2023,13146,10-01-2024 21:45,12-10-2023 23:00
2589,442,5310a7c00c573d9400459ad061211250ce8c164a1b657d952003f32e,SP reward for iETH,09 October 2023,251108,10-01-2024 21:45,12-10-2023 23:00
2590,442,3e2a4fefddafa38436d4c55f1c52cbca11c3c2aef0e94f37ff5be620,SP reward for iETH,09 October 2023,127230,10-01-2024 21:45,12-10-2023 23:00
2591,442,b17a9e6267af6b03c1d5b6ed9d2ffd82052fe72f052d434082cfc7dc,SP reward for iETH,09 October 2023,40089,10-01-2024 21:45,12-10-2023 23:00
2592,442,4dab7e1283403bdbdee27b8d4162fc41974ebae2f54d41bd5a01a045,SP reward for iETH,09 October 2023,12307,10-01-2024 21:45,12-10-2023 23:00
2593,442,cc61886cd84b2810e7509648dbac8024a15547b5253af083842d07d3,SP reward for iETH,09 October 2023,120181,10-01-2024 21:45,12-10-2023 23:00
2594,442,b6cdf3c4560e284a5d05fdc1e919565e5e3b6bd51640855b450ccb41,SP reward for iETH,09 October 2023,3759267,10-01-2024 21:45,12-10-2023 23:00
2595,442,23b41dab65f698716d09448d4c399e10d2f66ba2fb6433671643c280,SP reward for iETH,09 October 2023,146918,10-01-2024 21:45,12-10-2023 23:00
2596,442,42a9b7449b9ba23da79cfc754f2172d52b9a8a550e0e7b6eeda08f77,SP reward for iETH,09 October 2023,129,10-01-2024 21:45,12-10-2023 23:00
2597,442,7088f3152f3ae927521b83c3e469bab8107621572660984ac0a5fd16,SP reward for iETH,09 October 2023,148721,10-01-2024 21:45,12-10-2023 23:00
2598,442,a9928569964125814eb08c5a930fd78bf8199b39812c2a87abe879ab,SP reward for iETH,09 October 2023,55976,10-01-2024 21:45,12-10-2023 23:00
2599,442,f357aeab5d6038af73b7ce783bf505ecb9ff382a18e2b211b18a513a,SP reward for iETH,09 October 2023,3778,10-01-2024 21:45,12-10-2023 23:00
2600,442,374b46ff0fc4f269f31c99a12c82159a58207c3e686c437d57dad408,SP reward for iETH,09 October 2023,631481,10-01-2024 21:45,12-10-2023 23:00
2601,442,d203a585d517315ef60b563878acfd72bd9ba9bd458d8c432ba53f7f,SP reward for iETH,09 October 2023,38148,10-01-2024 21:45,12-10-2023 23:00
2602,442,581aabebb65db4e67ca6a39e7a1770f1e6c03db11aa0e257888f1c15,SP reward for iETH,09 October 2023,709399,10-01-2024 21:45,12-10-2023 23:00
2603,442,cf59324e35572473a1c164ace3b16a04c1893f82aae9557abe429d89,SP reward for iETH,09 October 2023,209526,10-01-2024 21:45,12-10-2023 23:00
2604,442,5dbde133f26c4c4d49266229d6414d8496450a0322832c6e4219cb4b,SP reward for iETH,09 October 2023,67184,10-01-2024 21:45,12-10-2023 23:00
2605,442,d74a6efc13c28b96e80fa23036353ec62897443d0ee58a7cae63cb0b,SP reward for iETH,09 October 2023,105710,10-01-2024 21:45,12-10-2023 23:00
2606,442,53eb9c7601e433f0659a74479e98400d203af061f135354f43e0dad4,SP reward for iETH,09 October 2023,36362,10-01-2024 21:45,12-10-2023 23:00
2607,442,fdcb2ad56f90c49a73ace602f2f459055f75c9b42f6b186731da60e0,SP reward for iETH,09 October 2023,22692,10-01-2024 21:45,12-10-2023 23:00
2608,442,b215ba39568ae7a0d55515f874d117697db493f66f20999e88b36433,SP reward for iETH,09 October 2023,28726,10-01-2024 21:45,12-10-2023 23:00
2609,442,e78c4eb4ec3e852b78f8540a7ff65767451cbf7601c4e6a9c4c97d52,SP reward for iETH,09 October 2023,302937,10-01-2024 21:45,12-10-2023 23:00
2610,442,ea79af332a33e08d0180ace4940a4bba5e9040ea76bf0f8a884279cd,SP reward for iETH,09 October 2023,19624,10-01-2024 21:45,12-10-2023 23:00
2611,442,37659fd936489ba08c0f7122f30d034594d20804392ba14cd2a6d362,SP reward for iETH,09 October 2023,4470,10-01-2024 21:45,12-10-2023 23:00
2612,442,1d873b8c37d35e5e322736d5194df4efbcec93bd3e87090998185a10,SP reward for iETH,09 October 2023,95723,10-01-2024 21:45,12-10-2023 23:00
2613,442,8c738aba609903d995a789c5cde7e59510858da191c3fca173d8ecc8,SP reward for iETH,09 October 2023,20755,10-01-2024 21:45,12-10-2023 23:00
2614,442,6c348312a0608ec6032c6b58e8570d4eb54a6792e95185b661ecd19e,SP reward for iETH,09 October 2023,122785,10-01-2024 21:45,12-10-2023 23:00
2615,442,860fe50b46f99f50253e4c88bf0c80c30c05b2047f3f9925b575092f,SP reward for iETH,09 October 2023,1082292,10-01-2024 21:45,12-10-2023 23:00
2616,442,5704ede877045beaaf499cf2a9a7f73b1aec49880230fdbd61512f0e,SP reward for iETH,09 October 2023,30,10-01-2024 21:45,12-10-2023 23:00
2617,442,3a5c536f4deb9d98ff6e72f3ee92266964b9312d00e6230e33c218b4,SP reward for iETH,09 October 2023,24593,10-01-2024 21:45,12-10-2023 23:00
2618,442,57d6070983700de5c4501c698bc410cca90c4ae813ac758cc239be46,SP reward for iETH,09 October 2023,145959,10-01-2024 21:45,12-10-2023 23:00
2619,442,525701de611d44593620f664b0abc5ec17b8223153ec1e918f560efe,SP reward for iETH,09 October 2023,119748,10-01-2024 21:45,12-10-2023 23:00
2620,442,5c37f6244184589068ccd1481ffbe29b185b7634dcb9e43bd9064c17,SP reward for iETH,09 October 2023,38935,10-01-2024 21:45,12-10-2023 23:00
2621,442,31eec5d71937555a28119e20dadcbe20b67b367b2f31f21957466444,SP reward for iETH,09 October 2023,225065,10-01-2024 21:45,12-10-2023 23:00
2622,442,e6fdaba56d087a16a9d4cd4a298d537bb25843159bbe8c9dfcfa3530,SP reward for iETH,09 October 2023,100692,10-01-2024 21:45,12-10-2023 23:00
2623,442,58c052676fe5b1cd52fda1ba62bbdabef2b3f261258e1fcfaa4df833,SP reward for iETH,09 October 2023,444399,10-01-2024 21:45,12-10-2023 23:00
2624,442,244ef5c19b4209da7df61d1f9a41ca599cf12610aed0f9457dbc7353,SP reward for iETH,09 October 2023,201223,10-01-2024 21:45,12-10-2023 23:00
2625,442,010983eec9ff8e0cdb301b705d958ae67ca9335fc4a19fe8701c7191,SP reward for iETH,09 October 2023,116348,10-01-2024 21:45,12-10-2023 23:00
2626,442,b82989f36f9471ddeb5cb48abfc4b3db92692b938d9adb90b2f52437,SP reward for iETH,09 October 2023,776204,10-01-2024 21:45,12-10-2023 23:00
2627,442,86be47e3f02ade0055290f56554a21cd9f6d9e3f037b34301a28890c,SP reward for iETH,09 October 2023,626049,10-01-2024 21:45,12-10-2023 23:00
2628,442,264b74cef0d10e378ac83a2b2cf399d17b45e2b6b3664b69c8019fcf,SP reward for iETH,09 October 2023,2112613,10-01-2024 21:45,12-10-2023 23:00
2629,442,39b1d4be2a009b5add1835ff88e27d53352d43cba2df661d22c9943f,SP reward for iETH,09 October 2023,164819,10-01-2024 21:45,12-10-2023 23:00
2630,442,fbffa3ca1aa8b1911628181e1757f2976c4981da8ce4a1cd62cde4f0,SP reward for iETH,09 October 2023,81551,10-01-2024 21:45,12-10-2023 23:00
2631,442,bb32c423f9a82af12f10a7ddfbb3e06a6160ad5b75827a14c2975eb5,SP reward for iETH,09 October 2023,137198,10-01-2024 21:45,12-10-2023 23:00
2632,442,092b7b9ae9bfed9f25757ce431f885b079ba820ec102294ec9f18c5b,SP reward for iETH,09 October 2023,63307,10-01-2024 21:45,12-10-2023 23:00
2633,442,6c2c506ec04e624743404ae1688a4fc6f668de7ac6990612e26246d0,SP reward for iETH,09 October 2023,13557,10-01-2024 21:45,12-10-2023 23:00
2634,442,7c287d80b89068e3f0e5ad9cdcfccd67e264e10c7bac1f1c50b4b4ce,SP reward for iETH,09 October 2023,58247,10-01-2024 21:45,12-10-2023 23:00
2635,442,21c654305eb324675f59e619a6c6af7de11871079f4b86280654f096,SP reward for iETH,09 October 2023,15908,10-01-2024 21:45,12-10-2023 23:00
2636,442,31b4236f1e3ca2c5ec1844abf72660d6da46e7573291459ca84984e4,SP reward for iETH,09 October 2023,800575,10-01-2024 21:45,12-10-2023 23:00
2637,442,632a6535602ee5ead53e56f5fbf567840543bd145e9a3769479898d5,SP reward for iETH,09 October 2023,204368,10-01-2024 21:45,12-10-2023 23:00
2638,442,264b3be253f8b7ded1b7c01a483256379777df963ce59e49167e95d4,SP reward for iETH,09 October 2023,141210,10-01-2024 21:45,12-10-2023 23:00
2639,442,0b9406a4cc6048882b8fd51266f4be903cdb725e354949f8f4b8729b,SP reward for iETH,09 October 2023,148775,10-01-2024 21:45,12-10-2023 23:00
2640,442,6a22c66b1ac47584e99999b61de170878547bb5a6b87946a6f1e018e,SP reward for iETH,09 October 2023,71358,10-01-2024 21:45,12-10-2023 23:00
2641,442,a65059f2283e5ff29d0c818cba02d9f700fc7c3e891c324bdfd5d1ca,SP reward for iETH,09 October 2023,94975,10-01-2024 21:45,12-10-2023 23:00
2642,442,e367111803d9720ed53b7127da78ed0a9317a8b7188c71fa947fb5cb,SP reward for iETH,09 October 2023,28126,10-01-2024 21:45,12-10-2023 23:00
2643,442,927fc7c9604b1b86803b1e6c79b229cbba70ff722d91214cfc33d8f4,SP reward for iETH,09 October 2023,260579,10-01-2024 21:45,12-10-2023 23:00
2644,442,9c8cc3ac2810e440ae1d0d41c4d7cbf79b860b5f315f8d4ed8350d81,SP reward for iETH,09 October 2023,201754,10-01-2024 21:45,12-10-2023 23:00
2645,442,ebcc3b31dea33abd57fc84f6d81697adf063aa7a6114e07f76ea4594,SP reward for iETH,09 October 2023,49269,10-01-2024 21:45,12-10-2023 23:00
2646,442,1c348c0ee2a2c36691e877a0058da0def13243399ab568db8db5825c,SP reward for iETH,09 October 2023,30955,10-01-2024 21:45,12-10-2023 23:00
2647,442,85dccd823a8eda33c9f680bb5dd7c09479fae10c95732a968f39ddad,SP reward for iETH,09 October 2023,236803,10-01-2024 21:45,12-10-2023 23:00
2648,442,c1cd747fe18cf8260a8115694c82c458f6facfafd5a382447a2a3e03,SP reward for iETH,09 October 2023,78258,10-01-2024 21:45,12-10-2023 23:00
2649,442,659c684b55fbaeac93ace9f4568e4815d01e094b823be7a04d3552f5,SP reward for iETH,09 October 2023,376924,10-01-2024 21:45,12-10-2023 23:00
2650,442,5549e47cc751bd3ea39c302038ed15de03593797992f85d62ec3588b,SP reward for iETH,09 October 2023,3164,10-01-2024 21:45,12-10-2023 23:00
2651,442,eb4632e83ff3219e6198dfda1fda37ffe0006dc4673dca0adebed6f0,SP reward for iETH,09 October 2023,26520,10-01-2024 21:45,12-10-2023 23:00
2652,442,742e13aeb9130597e75cb1e4201368884b223a027760b1614ddcd514,SP reward for iETH,09 October 2023,28762,10-01-2024 21:45,12-10-2023 23:00
2653,442,69db3ddacd4bd728026a19f9e8be6d41771d6cfb8cc1706798b3ad1b,SP reward for iETH,09 October 2023,62651,10-01-2024 21:45,12-10-2023 23:00
2654,442,ff7146ab3d288749871f4cf95b6d586203facd0bbf2cedebd34470e3,SP reward for iETH,09 October 2023,455759,10-01-2024 21:45,12-10-2023 23:00
2655,442,f09508247e043a250758c76b5ccb0e00df48f5caa7d61518dcb96707,SP reward for iETH,09 October 2023,49352,10-01-2024 21:45,12-10-2023 23:00
2656,442,dbf5237efea8d4014dd9dd124d0c1f8798e92e1e2016cf670eaf1424,SP reward for iETH,09 October 2023,46330,10-01-2024 21:45,12-10-2023 23:00
2657,442,bf80faca49b6c4b820d11fd8028343afde02b4e9cfeded543c4650b9,SP reward for iETH,09 October 2023,24588,10-01-2024 21:45,12-10-2023 23:00
2658,442,57e353299dc689c7b021c9252c7d0650f362b3877a2e659340efc70a,SP reward for iETH,09 October 2023,63021,10-01-2024 21:45,12-10-2023 23:00
2659,442,83ab60a79224a24403fce6b98eda271efbf2a363d5a1475a4ede6307,SP reward for iETH,09 October 2023,55958,10-01-2024 21:45,12-10-2023 23:00
2660,442,ba9cdccfb43c0bb8236d5819a7086f1093d0c0a4d6b631ea5eed67bc,SP reward for iETH,09 October 2023,2066526,10-01-2024 21:45,12-10-2023 23:00
2661,442,dddc26bc5c16b1fdccc13e72abfc5bbab373d7ceb98132fe51b39e33,SP reward for iETH,09 October 2023,758053,10-01-2024 21:45,12-10-2023 23:00
2662,442,add22687547b52ee682e6d576776af097ef9374ecce09681b9b43715,SP reward for iETH,09 October 2023,183599,10-01-2024 21:45,12-10-2023 23:00
2663,442,e9b900a8a8988098763b2e5d3a9cd9bac932d2958a6c3b811b79e175,SP reward for iETH,09 October 2023,146479,10-01-2024 21:45,12-10-2023 23:00
2664,442,257054d58a607073e56032f3af44c34c4da9c3c80ffcb6155bc26122,SP reward for iETH,09 October 2023,248847,10-01-2024 21:45,12-10-2023 23:00
2665,442,c432ddfda57b0a0a80baf5c74d4950c6a6a42c9e690b10d3632ac164,SP reward for iETH,09 October 2023,145231,10-01-2024 21:45,12-10-2023 23:00
2666,442,6f47cbf71699a17dff2d3039f2dd0eb49adccb6b7ea8c245d9fb8952,SP reward for iETH,09 October 2023,431436,10-01-2024 21:45,12-10-2023 23:00
2667,442,ee0d3f0402347e81228151903cf5249eb6303bf0e78b4f488263db90,SP reward for iETH,09 October 2023,906552,10-01-2024 21:45,12-10-2023 23:00
2668,442,b2d0834973ca3f26aee1f012c1b4f03cc0dcd96a5e299c62beb86237,SP reward for iETH,09 October 2023,467,10-01-2024 21:45,12-10-2023 23:00
2669,442,ecf6df3e564fb3214117ff1ba3fb4532e6d1f2fb80c0015027b291b8,SP reward for iETH,09 October 2023,103794,10-01-2024 21:45,12-10-2023 23:00
2670,442,7c5378fa54feb8a83d9a2a241503e07eee3876d90931e1953788c3e4,SP reward for iETH,09 October 2023,661500,10-01-2024 21:45,12-10-2023 23:00
2671,442,ecf1cb14a49abe481c4930be126426df3a7468257a129575cd49b41b,SP reward for iETH,09 October 2023,967412,10-01-2024 21:45,12-10-2023 23:00
2672,442,338f6ad73e0886541751486f71ceb084279c1ef0babe1ca9a2d58687,SP reward for iETH,09 October 2023,229428,10-01-2024 21:45,12-10-2023 23:00
2673,442,1ff8ec747a4655f4f3abfe66233fb0343954025143e9134ca779640d,SP reward for iETH,09 October 2023,12291605,10-01-2024 21:45,12-10-2023 23:00
2674,442,0e37ff2bfb32da6cd23995d8683ba2c62b0752390ea6795fae443de3,SP reward for iETH,09 October 2023,470389,10-01-2024 21:45,12-10-2023 23:00
2675,442,5c9d73b5373d44bae79f327e1f81752bf8444bf4c6b0be27f179d2e2,SP reward for iETH,09 October 2023,451372,10-01-2024 21:45,12-10-2023 23:00
2676,442,28bbd819d100bce6cdedd2005ca0a9d23409b52d2b6b2b3699054c90,SP reward for iETH,09 October 2023,2623478,10-01-2024 21:45,12-10-2023 23:00
2677,442,37d0d7bacd94e0c31b8a3a88a5b9e075dc47a7c11720e9806eed4ecc,SP reward for iETH,09 October 2023,1530036,10-01-2024 21:45,12-10-2023 23:00
2678,442,5a3d4f39ee17e2b67b6dd93ba71379a098b16f5f1839a069ce9533f4,SP reward for iETH,09 October 2023,64963,10-01-2024 21:45,12-10-2023 23:00
2679,442,ee8e915802b5f642b6f4d4d30ce94976a6efc51f145c980d9d376034,SP reward for iETH,09 October 2023,20135,10-01-2024 21:45,12-10-2023 23:00
2680,442,a6275c87fe29638ec63e529f7ccbc3f29b77d181cee3bb24945a9fe0,SP reward for iETH,09 October 2023,66095,10-01-2024 21:45,12-10-2023 23:00
2681,442,b10c7dd14700813748087d6fbfd03a8c3b83f6cb191743f5e35f7d84,SP reward for iETH,09 October 2023,943448,10-01-2024 21:45,12-10-2023 23:00
2682,442,c835248f41cb65303bec60d767f0299ea458a19c8c04beb125513487,SP reward for iETH,09 October 2023,325941,10-01-2024 21:45,12-10-2023 23:00
2683,442,eca93e97120204b13cf0fa6a0f87e37c39503bfaa2872a01944f02b8,SP reward for iETH,09 October 2023,95577,10-01-2024 21:45,12-10-2023 23:00
2684,442,80b0277609005bb84688ef825eab5e624478c3737efddc04d222c278,SP reward for iETH,09 October 2023,211669,10-01-2024 21:45,12-10-2023 23:00
2685,442,17847aaa1e8f5041d5591347a6337e9992eb0f565f725cf43191558a,SP reward for iETH,09 October 2023,2033224,10-01-2024 21:45,12-10-2023 23:00
2686,442,eec262031b5b78bd61e1f5aaeb37110ab6599407ab82682ad1798d21,SP reward for iETH,09 October 2023,141775,10-01-2024 21:45,12-10-2023 23:00
2687,442,d293f90ea2fd8c346edc313e42d1d8e3e739282dca078926377f6e1d,SP reward for iETH,09 October 2023,87083,10-01-2024 21:45,12-10-2023 23:00
2688,442,09575db3a66d29e820a464f9a5784aa42e3efd96396413c15d5a1160,SP reward for iETH,09 October 2023,43404,10-01-2024 21:45,12-10-2023 23:00
2689,442,8ede185c7701ad49c0e4a8e8551d273ff717922d2487f54fac34fa6d,SP reward for iETH,09 October 2023,232552,10-01-2024 21:45,12-10-2023 23:00
2690,442,b1896ed05f89dc37f90008cbdd3d7aae51e2304a8bb9fa170803290a,SP reward for iETH,09 October 2023,3045539,10-01-2024 21:45,12-10-2023 23:00
2691,442,623f00f49ed872b8fde76a4d5520f4ff63e50dec00b938701fe2aedd,SP reward for iETH,09 October 2023,46859,10-01-2024 21:45,12-10-2023 23:00
2692,442,4d8a42fbaca129837c77497e86ce3b3eef159f90e4f3f12030e9332f,SP reward for iETH,09 October 2023,103926,10-01-2024 21:45,12-10-2023 23:00
2693,442,5cbf5f0ea9260bb305078b3bbfdca41a598d232d74c9a30db243ab67,SP reward for iETH,09 October 2023,742530,10-01-2024 21:45,12-10-2023 23:00
2694,442,f791a456607c1532c6f056c09bcbdac59fa54e26c62f1304f288c948,SP reward for iETH,09 October 2023,432284,10-01-2024 21:45,12-10-2023 23:00
2695,442,53f44f9ec55dbd78c92531c00f666fb9ebae3415bb2d2f064516a1c2,SP reward for iETH,09 October 2023,12095,10-01-2024 21:45,12-10-2023 23:00
2696,442,862f5ad26068a3da287a54bc2fab1c19a99a48c81939d34870be1b85,SP reward for iETH,09 October 2023,51228,10-01-2024 21:45,12-10-2023 23:00
2697,442,cf160c79e4395e9b17de9ff8fa6d78e9ade6fee1e7080e0c00152e3e,SP reward for iETH,09 October 2023,78798,10-01-2024 21:45,12-10-2023 23:00
2698,442,fc2570c6c03402569141305d77268cb1d15304441a142d76a4ac2814,SP reward for iETH,09 October 2023,162836,10-01-2024 21:45,12-10-2023 23:00
2699,442,17e6192c507aa42939888c9354ab8ad76b387cdd923668c0999a198b,SP reward for iETH,09 October 2023,4598,10-01-2024 21:45,12-10-2023 23:00
2700,442,026a986627de817bcb642714112306ad7b7fec5c593af507676d3835,SP reward for iETH,09 October 2023,5883,10-01-2024 21:45,12-10-2023 23:00
2701,442,fd12aeae1a8e6873b5c4a638cb4d848792b9f401520d27ecd3c3a4b0,SP reward for iETH,09 October 2023,41115,10-01-2024 21:45,12-10-2023 23:00
2702,442,e8efeaa8e932f8ad63d3ec8f75f68926e93f66ffc1fc602e3b28bfa4,SP reward for iETH,09 October 2023,3665386,10-01-2024 21:45,12-10-2023 23:00
2703,442,f7315c71937b8ee2b38ba0cabbb3d24b34186c415cb1a75e1f383666,SP reward for iETH,09 October 2023,46299,10-01-2024 21:45,12-10-2023 23:00
2704,442,8fd1c10f23d010cb70527dfa179041722d39ecbb73a759bc2b88639c,SP reward for iETH,09 October 2023,225138,10-01-2024 21:45,12-10-2023 23:00
2705,442,31735ce88157a4b959f5e404f69aa0a7ff6b9bd0cc3f28d39943e3d7,SP reward for iETH,09 October 2023,103213,10-01-2024 21:45,12-10-2023 23:00
2706,442,d7346fcd395de69e62f4a2bafbc32af393ceecb3287b0ff4442ff36e,SP reward for iETH,09 October 2023,392521,10-01-2024 21:45,12-10-2023 23:00
2707,442,c464a820786db2b4f6292f2d7d300f6e4c5a27921ad23b4d5a9fea1d,SP reward for iETH,09 October 2023,288276,10-01-2024 21:45,12-10-2023 23:00
2708,442,9ea99f6560c2e636e90f5e02b7d73b4ad950dde2177c8e80fd2dafb0,SP reward for iETH,09 October 2023,82728,10-01-2024 21:45,12-10-2023 23:00
2709,442,a3ad69669ecee78b25f6b796d095ca691912481c72cc3ff42ee41ed1,SP reward for iETH,09 October 2023,58404,10-01-2024 21:45,12-10-2023 23:00
2710,442,d0ae4c6f8a0fcdc9cb13e25df039545245b8950ba8820a0adc772a14,SP reward for iETH,09 October 2023,807042,10-01-2024 21:45,12-10-2023 23:00
2711,442,55cf69df3e09e88978a5396efa57fb076d25f9089229a52baac18e5d,SP reward for iETH,09 October 2023,50906,10-01-2024 21:45,12-10-2023 23:00
2712,442,772e948ec345913bb1f86e295f4ff0d3b1f70e1b4ebca5831c6532a9,SP reward for iETH,09 October 2023,13863,10-01-2024 21:45,12-10-2023 23:00
2713,442,775ef1ace4264239a1f7713dfcf2509b35664a69ff58631d9ca7b43d,SP reward for iETH,09 October 2023,122331,10-01-2024 21:45,12-10-2023 23:00
2714,442,437ab86f735097bbe07e92f1ae1b125249806ad8649e3a011db36a2d,SP reward for iETH,09 October 2023,33834,10-01-2024 21:45,12-10-2023 23:00
2715,442,4effa125f9fc4cf7456e397b1a9ac44add9301b8d959e488a8fa1e86,SP reward for iETH,09 October 2023,25019,10-01-2024 21:45,12-10-2023 23:00
2716,442,f04e3a2f427f303624958a861d18f657e307e65da73922e8d823d573,SP reward for iETH,09 October 2023,133996,10-01-2024 21:45,12-10-2023 23:00
2717,442,c51068d78a400985cd0b359e59d17ad32344e3c82dbb911033e92cdf,SP reward for iETH,09 October 2023,2236691,10-01-2024 21:45,12-10-2023 23:00
2718,442,2dbce9a05ff3ecdedbaf202ea14e89a4396560be74f4f5748aa289f6,SP reward for iETH,09 October 2023,2142867,10-01-2024 21:45,12-10-2023 23:00
2719,442,b7ecb676a1826b060ca7fe03135cbb0caf03c02bbb36f2ee9392f822,SP reward for iETH,09 October 2023,1640752,10-01-2024 21:45,12-10-2023 23:00
2720,442,ec39d10b072cdc5297cdf1683465556b81d641cdd07fad63ae4fcdd0,SP reward for iETH,09 October 2023,106115,10-01-2024 21:45,12-10-2023 23:00
2721,442,9e56b28c6ebeb632b7144c800618f085d67742c165f03ed5626a56a4,SP reward for iETH,09 October 2023,7642833,10-01-2024 21:45,12-10-2023 23:00
2722,442,ad4777b70337d0ced4b52aaa6bacb63de8b472344b8f00f330bd09a1,SP reward for iETH,09 October 2023,45935,10-01-2024 21:45,12-10-2023 23:00
2723,442,6f55a9d74db68134d952107df81bfffdec92fed808885f29e3ab39b1,SP reward for iETH,09 October 2023,27628,10-01-2024 21:45,12-10-2023 23:00
2724,442,9e888b8b96c8adc83588187764673c7e357b0c3b404072c997389f74,SP reward for iETH,09 October 2023,68693,10-01-2024 21:45,12-10-2023 23:00
2725,442,ace43bacbaaf8c652192a6b790f353ca7553a105d99419638d1544fa,SP reward for iETH,09 October 2023,108892,10-01-2024 21:45,12-10-2023 23:00
2726,442,08918c42b18ddf44a0916525988f5b94ee9520a3010ece764b39399b,SP reward for iETH,09 October 2023,845619,10-01-2024 21:45,12-10-2023 23:00
2727,442,f6d8c4c39a8c57fbdaabfd6243784c0d6cb36c8b3fc41d01387c5432,SP reward for iETH,09 October 2023,877484,10-01-2024 21:45,12-10-2023 23:00
2728,442,c2caa3f52fdfe4424d8aab68f691aa1617988acdb86a37b2850795ac,SP reward for iETH,09 October 2023,253336,10-01-2024 21:45,12-10-2023 23:00
2729,442,064bdec62473f25d5eb0cb4e051a3bfb6fd889f02e86c496539846b0,SP reward for iETH,09 October 2023,107300,10-01-2024 21:45,12-10-2023 23:00
2730,442,794343926a43d13d72892383b093678fa0602c5ad6338620eb7c302c,SP reward for iETH,09 October 2023,23629,10-01-2024 21:45,12-10-2023 23:00
2731,442,cb2b4570726c6675a37c6a6a64b482eb461e2b5b1a75359d4ae3a8d1,SP reward for iETH,09 October 2023,8487,10-01-2024 21:45,12-10-2023 23:00
2732,442,9b314b76487603dec62a43cfeea584dae73cd42e7f83871495974fdb,SP reward for iETH,09 October 2023,247713,10-01-2024 21:45,12-10-2023 23:00
2733,442,92fd4c1482e065ef6db70c0b78d37262354356a3d67d81aac22ebee3,SP reward for iETH,09 October 2023,5391358,10-01-2024 21:45,12-10-2023 23:00
2734,442,9e62f5685e9d1397fa74526b92e01ec062c6f07a6d2b95500728a976,SP reward for iETH,09 October 2023,5582263,10-01-2024 21:45,12-10-2023 23:00
2735,442,c762b49fcc98442f1dc5e71e6de2635f02c7b22275a7d112abe90dbc,SP reward for iETH,09 October 2023,712557,10-01-2024 21:45,12-10-2023 23:00
2736,442,71c5e6f8e60dcd93e1107a2b11e92628db4daaef1f5705680c4f958d,SP reward for iETH,09 October 2023,444828,10-01-2024 21:45,12-10-2023 23:00
2737,442,78cd8a0a3b2bd1b5d1a85f348849349a8d180b3bc180c9f5ea34c726,SP reward for iETH,09 October 2023,2237432,10-01-2024 21:45,12-10-2023 23:00
2738,442,0d54066357cf1b893f76d88adc3586fc28aa526ab3ac30db74147a50,SP reward for iETH,09 October 2023,162775,10-01-2024 21:45,12-10-2023 23:00
2739,442,ceabd75a3b23cc400a3f7f13e9d00f168902b95910ebc86298a774b6,SP reward for iETH,09 October 2023,5025711,10-01-2024 21:45,12-10-2023 23:00
2740,442,878c6006173f9d113f53ba6169317039743808f62e25f539418ba4af,SP reward for iETH,09 October 2023,2819140,10-01-2024 21:45,12-10-2023 23:00
2741,442,5ba4f7eb27d46622d4728a365e4e78b349d96c40cb8e6b17b32814ad,SP reward for iETH,09 October 2023,26653,10-01-2024 21:45,12-10-2023 23:00
2742,442,3350a1cb0110a5855f289a0738fdbe0c00c07cf748fd5f5cdf1aa63b,SP reward for iETH,09 October 2023,302287,10-01-2024 21:45,12-10-2023 23:00
2743,442,12c646d4c6d7a35c14788d15f0f6142f6148975d8932592fbd625f67,SP reward for iETH,09 October 2023,24779659,10-01-2024 21:45,12-10-2023 23:00
2744,442,a2b3fc71aa466e489bef35c30ca8b4a9388f701ab0cd73c9c81a5409,SP reward for iETH,09 October 2023,74396,10-01-2024 21:45,12-10-2023 23:00
2745,442,d054a3e88aa7d909469f67c6bbaeab11aa87316f08c1eed2b6c2aed3,SP reward for iETH,09 October 2023,233251,10-01-2024 21:45,12-10-2023 23:00
2746,442,50c932f2307b366df7e0d4c2a462a0cced8ff0bfb46c565d79b69858,SP reward for iETH,09 October 2023,501152,10-01-2024 21:45,12-10-2023 23:00
2747,442,a7f36591a463373640ffdb7ecb6222b65e7a6f28944e6d30b5764499,SP reward for iETH,09 October 2023,318179,10-01-2024 21:45,12-10-2023 23:00
2748,442,bf97ad99b5269c15e3726290f95f0fc0ec8dbada31183778548d9da0,SP reward for iETH,09 October 2023,18347338,10-01-2024 21:45,12-10-2023 23:00
2749,442,00023775abacb7c31af161e5d0faebd84067299748396171df0a4143,SP reward for iETH,09 October 2023,349694,10-01-2024 21:45,12-10-2023 23:00
2750,442,c6aef9c4dd86f4d87ee64da60a47365ddefcce6afe4f81ab201dcd59,SP reward for iETH,09 October 2023,57300,10-01-2024 21:45,12-10-2023 23:00
2751,442,134772ad86746619dd39c1bcfd82c5cbec2872f3fbbae1c289e2c7c4,SP reward for iETH,09 October 2023,437,10-01-2024 21:45,12-10-2023 23:00
2752,442,1227be2193b0f03f9ced11395f01fec9baab09491e545787377e5787,SP reward for iETH,09 October 2023,644537,10-01-2024 21:45,12-10-2023 23:00
2753,442,2e5a4c00de5e5ae25ec3d16e50b1da6b651d07ba33d3af5358becf71,SP reward for iETH,09 October 2023,149346,10-01-2024 21:45,12-10-2023 23:00
2754,442,6dfa5c283d15c82b85b918c5480a6abf540d11f8ba50bdd65af11b86,SP reward for iETH,09 October 2023,28726,10-01-2024 21:45,12-10-2023 23:00
2755,442,f1d39751c36b29e842f06a1166cf58e421047fe58c7d91c93e456e53,SP reward for iETH,09 October 2023,139261,10-01-2024 21:45,12-10-2023 23:00
2756,442,6584bcf113af500d0a3da31cf71613891b5ec591bf920e03518cd20a,SP reward for iETH,09 October 2023,727482,10-01-2024 21:45,12-10-2023 23:00
2757,442,a1c6c16a77941b70641de99c94eb9c167da9da22267a137f2adef062,SP reward for iETH,09 October 2023,5929603,10-01-2024 21:45,12-10-2023 23:00
2758,442,a74340a486e8463d7574049adacae6920b126c6776c41ff1fb0ed2ce,SP reward for iETH,09 October 2023,29247,10-01-2024 21:45,12-10-2023 23:00
2759,442,a55a7da0a1aa1b661de849ac383a2be9c3eded37d04cbe728403f2d4,SP reward for iETH,09 October 2023,653257,10-01-2024 21:45,12-10-2023 23:00
2760,442,eb1b8ad62c7f3ea5e90a78719edc152e38ce63b8e928e1902f7d1468,SP reward for iETH,09 October 2023,2893855,10-01-2024 21:45,12-10-2023 23:00
2761,442,037e28af67f2f46508f4f97a151f1b693cfd758194d7f9c9e07794f7,SP reward for iETH,09 October 2023,488925,10-01-2024 21:45,12-10-2023 23:00
2762,442,5cdd7f4959486306226ebcf1e43d45d7bfe2c4acd7ebafaf2c647248,SP reward for iETH,09 October 2023,979908,10-01-2024 21:45,12-10-2023 23:00
2763,442,161478c8f8376606bcc5ae29a3d3c4efe4a06ae5009285f447daa51f,SP reward for iETH,09 October 2023,383097,10-01-2024 21:45,12-10-2023 23:00
2764,442,a4ae6b7d6fde02966811a441c04d72af1ad8a1bafd8684192c5c99f7,SP reward for iETH,09 October 2023,17419,10-01-2024 21:45,12-10-2023 23:00
2765,442,0b6d4094acb71999783c5f632377b48f9df9fc9e2d90e0fda2fdbdec,SP reward for iETH,09 October 2023,876751,10-01-2024 21:45,12-10-2023 23:00
2766,442,9442130f8971114afb57ca22fc0c8bbf9cdd009faba8c714a571d88a,SP reward for iETH,09 October 2023,56282,10-01-2024 21:45,12-10-2023 23:00
2767,442,e8aa119715131d1dc98e1703729210cc98b1883773fefc5177cbfdb9,SP reward for iETH,09 October 2023,202153,10-01-2024 21:45,12-10-2023 23:00
2768,442,6077abce350b8d0846071ae22ba796d4996a063e4980982a12b7d513,SP reward for iETH,09 October 2023,28049,10-01-2024 21:45,12-10-2023 23:00
2769,442,01cefc4ac7b65ac3fddbaedc169b071ab04fcf6f5ab009ff125768c4,SP reward for iETH,09 October 2023,421611,10-01-2024 21:45,12-10-2023 23:00
2770,442,690b0a92962d8e5940212f11e4e414db2a6a773f06923adaa063bf7a,SP reward for iETH,09 October 2023,33040159,10-01-2024 21:45,12-10-2023 23:00
2771,442,a6ba497ed8d5a03dc779c890dc17d9c5f688a9c8c197597290bb4e14,SP reward for iETH,09 October 2023,221232,10-01-2024 21:45,12-10-2023 23:00
2772,442,d3343c6168437902b403e99ae1f62fade8dc0a729f01ff42ac4abbd6,SP reward for iETH,09 October 2023,584795,10-01-2024 21:45,12-10-2023 23:00
2773,442,5015aba4d3c982a18669bf8a76082f6563b3bb7872f876d3e910644d,SP reward for iETH,09 October 2023,6786133,10-01-2024 21:45,12-10-2023 23:00
2774,442,95fa00657c1613aa2f6a3ff39b636d93ae3106ec72498d3e39b0fa8e,SP reward for iETH,09 October 2023,470851,10-01-2024 21:45,12-10-2023 23:00
2775,442,9e50685ab277c256faccb96797ca4a94bdff89291b969ed2371c5abb,SP reward for iETH,09 October 2023,1034,10-01-2024 21:45,12-10-2023 23:00
2776,442,759b2ad795fb741546cb47086bf90dcbfc4e8144e62a824c815c1ffb,SP reward for iETH,09 October 2023,1518875,10-01-2024 21:45,12-10-2023 23:00
2777,442,ea374c2d569d63853df7d92c816502210495360908aa4df12568e567,SP reward for iETH,09 October 2023,171343,10-01-2024 21:45,12-10-2023 23:00
2778,442,5c704662b0f709ad9ff512bbe5ea1f24f1a1ac2a73053e12c55a50c5,SP reward for iETH,09 October 2023,244800,10-01-2024 21:45,12-10-2023 23:00
2779,442,e05979c7922a556392d6db0c2749d7fcd34934e8daf0dfdeed3070a9,SP reward for iETH,09 October 2023,111115,10-01-2024 21:45,12-10-2023 23:00
2780,442,9320b2e201b2f4141b4ea6e17e410f4696c911f77149408d632ebb8e,SP reward for iETH,09 October 2023,4459431,10-01-2024 21:45,12-10-2023 23:00
2781,442,15ac7ca1b38f99e5e84ca3f3588a779e690a8d586eec079a8dcc6e8c,SP reward for iETH,09 October 2023,1393369,10-01-2024 21:45,12-10-2023 23:00
2782,442,5f431f57ad76f9c3feaf03809fb3ba95da61f53fda601021a73f8040,SP reward for iETH,09 October 2023,3002357,10-01-2024 21:45,12-10-2023 23:00
2783,442,9a9f9ad845523a55422b5720db7abbdf827733b0945a3aafbd5e33f9,SP reward for iETH,09 October 2023,126076,10-01-2024 21:45,12-10-2023 23:00
2784,442,019f3d35ef1c1067784c46f9b165150919cdefda177dd301af373051,SP reward for iETH,09 October 2023,43699,10-01-2024 21:45,12-10-2023 23:00
2785,442,d94f9bc0ffe11ad1005b22a6e5c2b471b29c53510aa81514fc24d95a,SP reward for iETH,09 October 2023,39024,10-01-2024 21:45,12-10-2023 23:00
2786,442,8cfb3488bf7db4a3b403363dedd790347ff45543a63a7ecdf5ba44f5,SP reward for iETH,09 October 2023,1252313,10-01-2024 21:45,12-10-2023 23:00
2787,442,9c2b04c3d361d4d72878e7c0c067ce6cdf9f29561bfab5c59728c4e2,SP reward for iETH,09 October 2023,79700,10-01-2024 21:45,12-10-2023 23:00
2788,442,508757f097d3f23cb9e51cc9d35a550b2f2f9bedea6326229950647f,SP reward for iETH,09 October 2023,8586,10-01-2024 21:45,12-10-2023 23:00
2789,442,8da4658888007dc5604d42ff781ff425ae51926af8c15244df8a3052,SP reward for iETH,09 October 2023,1831236,10-01-2024 21:45,12-10-2023 23:00
2790,442,af7ea0c07f8c05d8c8e27b25a70ae93cff2159b4224f0f032e366d3a,SP reward for iETH,09 October 2023,640116,10-01-2024 21:45,12-10-2023 23:00
2791,442,b0f6f6c285e1711e5cc0b237539ebd40eed3ef96be5b78aac6c389ce,SP reward for iETH,09 October 2023,569912,10-01-2024 21:45,12-10-2023 23:00
2792,442,9057a63eaa2afa9e1f67bdb5d29fd62c59c91d0c79a30e225f079aca,SP reward for iETH,09 October 2023,876443,10-01-2024 21:45,12-10-2023 23:00
2793,442,97bf01e140f1cd68d8f3e3fa882f1f10784d33847cbdd3562934fca0,SP reward for iETH,09 October 2023,1940431,10-01-2024 21:45,12-10-2023 23:00
2794,442,09e63926e1dd953e2f6110242c704ce63328e1f2d5ce2142bb66daf2,SP reward for iETH,09 October 2023,757912,10-01-2024 21:45,12-10-2023 23:00
2795,442,bf909d05ff1a6d1c02af70932384a6e3d457d460b2fb54c93aa2e021,SP reward for iETH,09 October 2023,178039,10-01-2024 21:45,12-10-2023 23:00
2796,442,5b06d393e8dfcfc2b19ca8ecc91c242dd437ed72d917391264183f36,SP reward for iETH,09 October 2023,222274,10-01-2024 21:45,12-10-2023 23:00
2797,442,cbf2fe83219efa63b2e1d6c43e53fefa9280e4e862b5cc88d5bdaf7d,SP reward for iETH,09 October 2023,130433,10-01-2024 21:45,12-10-2023 23:00
2798,442,2772388f1b0f2a02ac50c87a58f500ebda9b80a4fe8faa0237326e74,SP reward for iETH,09 October 2023,12870140,10-01-2024 21:45,12-10-2023 23:00
2799,442,a7793000be35ab0dd64570208d714684e292588d3067948d9cab4b62,SP reward for iETH,09 October 2023,1963255,10-01-2024 21:45,12-10-2023 23:00
2800,442,56a31a31d994dd695445965d7862c2025320c4d7a0202bb6e977e74b,SP reward for iETH,09 October 2023,845036,10-01-2024 21:45,12-10-2023 23:00
2801,442,cb07fef02adf81a4bb0ee3ec992f392a4ecd92774619a97be8f086b9,SP reward for iETH,09 October 2023,2149485,10-01-2024 21:45,12-10-2023 23:00
2802,442,8732d6ae48c07b2694e9918fcdfff84e0995b165d4615c32fc76a978,SP reward for iETH,09 October 2023,998547,10-01-2024 21:45,12-10-2023 23:00
2803,442,34b9eb31c69076b836788f32cc4f00a21725cbccace3077105c00801,SP reward for iETH,09 October 2023,84935,10-01-2024 21:45,12-10-2023 23:00
2804,442,8105d0f33d443db33095e1de7e3c084af5cefb8675af79f718bd3e36,SP reward for iETH,09 October 2023,99609,10-01-2024 21:45,12-10-2023 23:00
2805,442,569124adbb5d1457305f93056568f6e6744675288b6ede04630140e4,SP reward for iETH,09 October 2023,1008300,10-01-2024 21:45,12-10-2023 23:00
2806,442,c3945d89b9f99ee385a09971bc4d7bdeedf5e6f809f8f72816ddd692,SP reward for iETH,09 October 2023,198922,10-01-2024 21:45,12-10-2023 23:00
2807,442,5c388590260c27a11e1ee1c0e753ce29e204c58432e25fa2d66bb33a,SP reward for iETH,09 October 2023,226667,10-01-2024 21:45,12-10-2023 23:00
2808,442,f29f47b1b0418459d3089b645f7822ffde188e85a102de177d76cd77,SP reward for iETH,09 October 2023,87729,10-01-2024 21:45,12-10-2023 23:00
2809,442,284839fc9946e6331dada95c3f7c14e995b738b0e580d8079c50bac1,SP reward for iETH,09 October 2023,7138,10-01-2024 21:45,12-10-2023 23:00
2810,442,37dce7298152979f0d0ff71fb2d0c759b298ac6fa7bc56b928ffc1bc,SP reward for iETH,09 October 2023,54803769,10-01-2024 21:45,12-10-2023 23:00
2811,442,42c58ba9df280c4ae00cfa9fc794f2f00e7658f9f6d69abe0e8afe82,SP reward for iETH,09 October 2023,448353,10-01-2024 21:45,12-10-2023 23:00
2812,442,914956f9a626440cebae913d11e64945359d03d5066c30ddbf4e1408,SP reward for iETH,09 October 2023,494176,10-01-2024 21:45,12-10-2023 23:00
2813,442,2ea8cfe869a9f7f29b36dae2a1fcf19b9e4b47293961ec78dc5ebccf,SP reward for iETH,09 October 2023,1085484,10-01-2024 21:45,12-10-2023 23:00
2814,442,568b65fadfb32178198768d1bff91956f5dba957701ce300719237b4,SP reward for iETH,09 October 2023,712480,10-01-2024 21:45,12-10-2023 23:00
2815,442,0077f5569d8a6b58837844cae16b24e60b4718f5805e316dbf493897,SP reward for iETH,09 October 2023,1129477,10-01-2024 21:45,12-10-2023 23:00
2816,442,224881a0dbeda325ad728e2ff0abfe10aa335eb0dfa6258f6c163af1,SP reward for iETH,09 October 2023,984864,10-01-2024 21:45,12-10-2023 23:00
2817,442,5076acb2a03d9c30a10cb6a51faf9a1bd425efa5b701d0e483ff31d3,SP reward for iETH,09 October 2023,1070782,10-01-2024 21:45,12-10-2023 23:00
2818,442,d2a924b445aa266e71c0fc977e3b319ab88f904021b488f3b63f0055,SP reward for iETH,09 October 2023,1558417,10-01-2024 21:45,12-10-2023 23:00
2819,442,1ec35cc7e933953ef129dc5adf6c6773f0400d20a0c3966ffa19b253,SP reward for iETH,09 October 2023,595216,10-01-2024 21:45,12-10-2023 23:00
2820,442,3440301225c582d0a5a6a0a5beec84e9589d670ed742b1cf94d7200c,SP reward for iETH,09 October 2023,261526,10-01-2024 21:45,12-10-2023 23:00
2821,442,cb7cb7825c61148750bb1569f658df2f54872e4a21378797628893f9,SP reward for iETH,09 October 2023,3599298,10-01-2024 21:45,12-10-2023 23:00
2822,442,80df57ef64f6c84627cb8f0909b8613a3a85b59118092ec2565f754b,SP reward for iETH,09 October 2023,253358,10-01-2024 21:45,12-10-2023 23:00
2823,442,fc3f98ae5a3b654f6d89eebba84dede2c2ebe58d58ed3d59984dfef4,SP reward for iETH,09 October 2023,1,10-01-2024 21:45,12-10-2023 23:00
2824,442,4f8edf63fddd78518ee36c8b5d0366c3f57cca7707320c9b6d3b434b,SP reward for iETH,09 October 2023,356032,10-01-2024 21:45,12-10-2023 23:00
2825,442,b476886ebb904922102c2c8e89a984a7e37aac15d29adcd0120b1a09,SP reward for iETH,09 October 2023,4511331,10-01-2024 21:45,12-10-2023 23:00
2826,442,43d0a98cb18fe49f759a593585010bd4b4947c7e7b3493de6d96849f,SP reward for iETH,09 October 2023,2926332,10-01-2024 21:45,12-10-2023 23:00
2827,442,12a8bedd60b73e64175dd4019fc92d9652d748c6c9fd3329063c673a,SP reward for iETH,09 October 2023,5983895,10-01-2024 21:45,12-10-2023 23:00
2828,442,f9c3ea8ec044b27830d9806f8ce5a952fbb89debf69180307e723e57,SP reward for iETH,09 October 2023,354881,10-01-2024 21:45,12-10-2023 23:00
2829,442,0ad45bd4425847c0893b6a9135dc9086793f21620bf46205901be98a,SP reward for iETH,09 October 2023,86564,10-01-2024 21:45,12-10-2023 23:00
2830,442,0fcd5515a7c42ff375fbe24915bf94140f3ae6559957291e2fc8cb98,SP reward for iETH,09 October 2023,432108,10-01-2024 21:45,12-10-2023 23:00
2831,442,fa7a8fdcdf6d6515bddfec9cd7731c20ba94fa51352be03e4c06bda1,SP reward for iETH,09 October 2023,4178609,10-01-2024 21:45,12-10-2023 23:00
2832,442,cbf9437b6fa4bfa4931ce623e6aff6689fa8ffc1ce3572e6f5ff613a,SP reward for iETH,09 October 2023,2482421,10-01-2024 21:45,12-10-2023 23:00
2833,442,a10a23ec8c8bc86c8b39bb8d034a7ea407acf952bab967bbd8797d7f,SP reward for iETH,09 October 2023,159041,10-01-2024 21:45,12-10-2023 23:00
2834,442,85e349e81e454ec1437215d6983a07e06b26df6b7906c0556b687b43,SP reward for iETH,09 October 2023,8122132,10-01-2024 21:45,12-10-2023 23:00
2835,442,a79e3310327ff57aec9921c729d9a81389fe10aaa398fda3e5ae0fb3,SP reward for iETH,09 October 2023,2368441,10-01-2024 21:45,12-10-2023 23:00
2836,442,d00c92d92560223d54d47e2332b1937f37e48f8faf44d2735e119b40,SP reward for iETH,09 October 2023,77986,10-01-2024 21:45,12-10-2023 23:00
2837,442,a599571d436d6d4796f955247b1e358fa4275e063273d81dc5845a47,SP reward for iETH,09 October 2023,304719,10-01-2024 21:45,12-10-2023 23:00
2838,442,c6d45c71d2db10ad40fe49e492ce13dbf368ee6e721bc09c91ae89f5,SP reward for iETH,09 October 2023,5709382,10-01-2024 21:45,12-10-2023 23:00
2839,442,35b5d87660008e921bf997918dca5a84f808badf0fdc910fb5cc1d06,SP reward for iETH,09 October 2023,267043,10-01-2024 21:45,12-10-2023 23:00
2840,442,072569588caa5cdfcfc07a1bc6e8731d835f6a6f5c077d1d6dee0756,SP reward for iETH,09 October 2023,46201,10-01-2024 21:45,12-10-2023 23:00
2841,442,6c543f866d7e82c724ab7bf7b8ca2568f3a72061fef7a192e8f34616,SP reward for iETH,09 October 2023,57995262,10-01-2024 21:45,12-10-2023 23:00
2842,442,e0ea68c3e09114bb8b746e67a3e44b5e4c0cdce33c07391dc1f61be2,SP reward for iETH,09 October 2023,1811633,10-01-2024 21:45,12-10-2023 23:00
2843,442,9b7a2c9c23228fbb138fcaf45db9deb395114a33c8fa11a758eeac0c,SP reward for iETH,09 October 2023,78380,10-01-2024 21:45,12-10-2023 23:00
2844,442,a485b6436c9f49a331655fa1574405c3e9bb1ead65e84b91f28fe826,SP reward for iETH,09 October 2023,23065129,10-01-2024 21:45,12-10-2023 23:00
2845,442,a90c9789e1cc4e2b2b3f0623af62cf6c143918214776980f29b12d12,SP reward for iETH,09 October 2023,898772,10-01-2024 21:45,12-10-2023 23:00
2846,442,00666e59e9ceb98f3b3b0f97037acaf2d5e5543044d7d10a93fae574,SP reward for iETH,09 October 2023,1074991,10-01-2024 21:45,12-10-2023 23:00
2847,442,34589e061b2fcffb9f07e7109d77a14c7c7f55f15f5a52d5ebe6c94e,SP reward for iETH,09 October 2023,11607,10-01-2024 21:45,12-10-2023 23:00
2848,442,d5ffa4e09c6eaa4c882e10d3cc94b6c604e5982bf3715d40d4ec5351,SP reward for iETH,09 October 2023,370530,10-01-2024 21:45,12-10-2023 23:00
2849,442,69af353f2cb9ab695b429cff0e80203bc8e9e47548f28176e9bf99a0,SP reward for iETH,09 October 2023,249075,10-01-2024 21:45,12-10-2023 23:00
2850,442,eb399c4149c7004a187d460e10d8e524215b9b39e600560ce8f42806,SP reward for iETH,09 October 2023,1383524,10-01-2024 21:45,12-10-2023 23:00
2851,442,548fece8d2f6e55efda4a70452343bc1f92cac3c1cf8ef250535c048,SP reward for iETH,09 October 2023,1583808,10-01-2024 21:45,12-10-2023 23:00
2852,442,d28984c713366768ef92d78cdf6375539bc637d329226151e915c315,SP reward for iETH,09 October 2023,2348716,10-01-2024 21:45,12-10-2023 23:00
2853,442,bb065d2662a76b6a4be9b01e41d5c3f50462c1dda589da692b9754da,SP reward for iETH,09 October 2023,6241808,10-01-2024 21:45,12-10-2023 23:00
2854,442,3307f4774118bdc69163b2f8f2065892aa4484df07772bc4fe5fd052,SP reward for iETH,09 October 2023,573559,10-01-2024 21:45,12-10-2023 23:00
2855,442,b6756686f4eb2913773cd154afd06f721a1eeeb6dd84d37b099acb14,SP reward for iETH,09 October 2023,1046204,10-01-2024 21:45,12-10-2023 23:00
2856,442,1b0cbfa819f5a7b1eb06097e9b374f4c240f1a764b9a0a58973fdaa1,SP reward for iETH,09 October 2023,2114226,10-01-2024 21:45,12-10-2023 23:00
2857,442,c590affd526db47b19bcb411793bba5d639c1f5885fafc47838cd22e,SP reward for iETH,09 October 2023,1352975,10-01-2024 21:45,12-10-2023 23:00
2858,442,73761bdecaf3b16b1ac8cfbc32a46cfb73f3086cd854b57855bcf16e,SP reward for iETH,09 October 2023,202091,10-01-2024 21:45,12-10-2023 23:00
2859,442,fa54bc15eb2f3a2b38c0132795dab8639855d59ff6437fc0ee24a331,SP reward for iETH,09 October 2023,1605204,10-01-2024 21:45,12-10-2023 23:00
2860,442,68b290e8c37102ca4abfb9f2f7875308f678c9c39d20a7e9bdbeb719,SP reward for iETH,09 October 2023,947028,10-01-2024 21:45,12-10-2023 23:00
2861,442,07c59e348504d75a47aa875c80c5f7c537f4153637fb942f8f21f7e4,SP reward for iETH,09 October 2023,69242,10-01-2024 21:45,12-10-2023 23:00
2862,442,1d6b21b388975d2273d12b214d15d38aefe4aa45af8ed903e4d386aa,SP reward for iETH,09 October 2023,8679,10-01-2024 21:45,12-10-2023 23:00
2863,442,c207ec74fa19825b5803267491fce22d2cc7b4d7269df74d22f7c4b4,SP reward for iETH,09 October 2023,1990039,10-01-2024 21:45,12-10-2023 23:00
2864,442,69a97eb8edd3bd6c373b00d162d4463c2b6834e4d66d0e6f29f797e3,SP reward for iETH,09 October 2023,23864885,10-01-2024 21:45,12-10-2023 23:00
2865,442,ca0f77040a2b74ee79cb3a2c8046083e364c853648d64885a75ae35e,SP reward for iETH,09 October 2023,1571527,10-01-2024 21:45,12-10-2023 23:00
2866,442,17abbdbbee649dac78243c157c3238f34b9368e0e7d2c0232951484c,SP reward for iETH,09 October 2023,166788,10-01-2024 21:45,12-10-2023 23:00
2867,442,9d77c4650d9fc15ff9d7591ec7324e12e84a7b588a88586e55113d83,SP reward for iETH,09 October 2023,2634959,10-01-2024 21:45,12-10-2023 23:00
2868,442,092e26fa08057d6cbfc986b6638b347cf850a74b846f6a36e5fd8dfa,SP reward for iETH,09 October 2023,571144,10-01-2024 21:45,12-10-2023 23:00
2869,442,8d0f5398476da86053901f440d112916efc41a0e88481086fe064cf6,SP reward for iETH,09 October 2023,382760,10-01-2024 21:45,12-10-2023 23:00
2870,442,d1660b25e17cb23c44f9161fd71df2a4e847f5b1e0b23a4bae71423a,SP reward for iETH,09 October 2023,96084779,10-01-2024 21:45,12-10-2023 23:00
2871,442,fc1c84e08e8e47cda82dfe5d2778002da43570516efe2517c7878226,SP reward for iETH,09 October 2023,373,10-01-2024 21:45,12-10-2023 23:00
2872,442,e0a5fe8d81c61f33e7b47c1a5b07c02ca836cd80b91e2ce18e088db3,SP reward for iETH,09 October 2023,117163,10-01-2024 21:45,12-10-2023 23:00
2873,442,bdabcdc638396b13e6a2f2fcee884fac8903ad668c7155fad848616a,SP reward for iETH,09 October 2023,158129,10-01-2024 21:45,12-10-2023 23:00
2874,442,cacee11ae9fc0ffb6219d179e22b1cddefd988ebcfb1ec7fca4ad52d,SP reward for iETH,09 October 2023,113194946,10-01-2024 21:45,12-10-2023 23:00
2875,442,25f2b6e8273673fa147f150644a62517d248bba31bbb8c35963fcb94,SP reward for iETH,09 October 2023,532971,10-01-2024 21:45,12-10-2023 23:00
2876,442,b343c02a76bd4f94ecbd4e8260a37ea68d5543d01e9f21e162c9cd1a,SP reward for iETH,09 October 2023,1061190,10-01-2024 21:45,12-10-2023 23:00
2877,442,e174ca1bc8de7a28fcd3d2fbb172d223fbd8b83c1dc51cd37c790420,SP reward for iETH,09 October 2023,2213127,10-01-2024 21:45,12-10-2023 23:00
2878,442,7b313b41860de9075ae0eb22e9211a5822c0f23119037e21b769e96a,SP reward for iETH,09 October 2023,14373885,10-01-2024 21:45,12-10-2023 23:00
2879,442,27e19a4d47b49657009c6265473dd7191ec0908bdcffdc0fe37ee348,SP reward for iETH,09 October 2023,2462056,10-01-2024 21:45,12-10-2023 23:00
2880,442,811bdd761ef03a0aff09b20d4f6ffb6cb5bbc2c726d7d3fa38a537fc,SP reward for iETH,09 October 2023,12422917,10-01-2024 21:45,12-10-2023 23:00
2881,442,ccb220201f3cb6b293ae4aa8f4c4280591f300897fa0354851c616f7,SP reward for iETH,09 October 2023,125071,10-01-2024 21:45,12-10-2023 23:00
2882,442,5c1a02a27266c981c3c4a9f5301c0e540b93da75bba83693aa1284a2,SP reward for iETH,09 October 2023,153129,10-01-2024 21:45,12-10-2023 23:00
2883,442,277fd1b973fb696cd511a2382770f137bedb994b2395d476db829938,SP reward for iETH,09 October 2023,45456248,10-01-2024 21:45,12-10-2023 23:00
2884,442,13dd85c67472864399334d40bd57d4bbfcdd5ea0436ed478f6c2409c,SP reward for iETH,09 October 2023,15874131,10-01-2024 21:45,12-10-2023 23:00
2885,442,4a56c29fe51cedb6d52c5fb17efea3451759a14b6931ec212aeea070,SP reward for iETH,09 October 2023,466455,10-01-2024 21:45,12-10-2023 23:00
2886,442,c480783df5b96cc1a051c2bbe8c96d842a2743c747f303c656613e19,SP reward for iETH,09 October 2023,225547,10-01-2024 21:45,12-10-2023 23:00
2887,442,fa9c7e0beaad372083bafd39c7cef554824a1e9eb21556676864ab7e,SP reward for iETH,09 October 2023,23477255,10-01-2024 21:45,12-10-2023 23:00
2888,442,98e854a41cab6d1ea5e38ff1517f5a1b4a1e8e087fc85195ad42f28c,SP reward for iETH,09 October 2023,304824,10-01-2024 21:45,12-10-2023 23:00
2889,442,63aade055d90301cd816870ee5a3c9fc67d769274b8633e7a7893f05,SP reward for iETH,09 October 2023,2390904,10-01-2024 21:45,12-10-2023 23:00
2890,442,7263b9dd48afbcdd9151c3044a290690040aec1508704bc04fee78ec,SP reward for iETH,09 October 2023,899411,10-01-2024 21:45,12-10-2023 23:00
2891,442,43554050d4b81197d15d448aa81b825612a4fef4cba3b48ba25be4e4,SP reward for iETH,09 October 2023,510576,10-01-2024 21:45,12-10-2023 23:00
2892,442,01da9d4fea55755b1bd3017417aeae4b69e15fda2bbdb49d739351ff,SP reward for iETH,09 October 2023,181463,10-01-2024 21:45,12-10-2023 23:00
2893,442,d7093cc9caa740381045e3c433dfc849c3403ecf066fac9233e14246,SP reward for iETH,09 October 2023,831291,10-01-2024 21:45,12-10-2023 23:00
2894,442,7ff55caba5c965a9bacc6c9de36250dfdcc794f7cb5480c73af2155b,SP reward for iETH,09 October 2023,4405211,10-01-2024 21:45,12-10-2023 23:00
2895,442,abd768ffa460e4578bd7a72296552532e2e463ac8727396b752aeef9,SP reward for iETH,09 October 2023,138194,10-01-2024 21:45,12-10-2023 23:00
2896,442,0bb67baf3148157625daeb00d942466bc473a3ff85dd49afa7658f89,SP reward for iETH,09 October 2023,7245212,10-01-2024 21:45,12-10-2023 23:00
2897,442,b0a222c6bfdd962ede1dda2efc895e8d4e79dd5e493694ac784bc7c9,SP reward for iETH,09 October 2023,25993369,10-01-2024 21:45,12-10-2023 23:00
2898,442,dcc2117fe7b56fbf5a0c7ae4bd3e33a3a4ed07cd25e02c4c6e34d510,SP reward for iETH,09 October 2023,696323,10-01-2024 21:45,12-10-2023 23:00
2899,442,239f2ce7543af3b3c9119a00f53a64ad8e1e4b19d90fd1dfaecd7427,SP reward for iETH,09 October 2023,10145945,10-01-2024 21:45,12-10-2023 23:00
2900,442,8d999dd787f9871ef69430cfd7473d3d786fe6e060985c65265997d9,SP reward for iETH,09 October 2023,7019,10-01-2024 21:45,12-10-2023 23:00
2901,442,9eacf5e8b3c6bf9b1abf34590fd8c9b02e34c0bcd682a1e895ede3fe,SP reward for iETH,09 October 2023,7018933,10-01-2024 21:45,12-10-2023 23:00
2902,442,1c01312dd39930a1fd168b6bb8e18b2a71ddbe264e9b125b69450236,SP reward for iETH,09 October 2023,406350,10-01-2024 21:45,12-10-2023 23:00
2903,442,ebb3c77c9d613815a380172a1ccc3f14b656b3a637c068209100501e,SP reward for iETH,09 October 2023,1171414,10-01-2024 21:45,12-10-2023 23:00
2904,442,fcc20a843a102f03b5a67e2d9567fc74c70c2c2c294b85fa83086611,SP reward for iETH,09 October 2023,55437451,10-01-2024 21:45,12-10-2023 23:00
2905,442,495d43a4ab309f1fa086cf3904d3772c79777333c79d8470e5a3bb59,SP reward for iETH,09 October 2023,724240,10-01-2024 21:45,12-10-2023 23:00
2906,442,0e0e12df3f3f5a2cd59f3d2b767cbe947e7e4892e027033457eeaa75,SP reward for iETH,09 October 2023,1481675,10-01-2024 21:45,12-10-2023 23:00
2907,442,9119d1928ddf92d6dc740edccad925e6ec9a7bacafb0a4d1963064a2,SP reward for iETH,09 October 2023,282443,10-01-2024 21:45,12-10-2023 23:00
2908,442,9aec16c760df1aafd6cd7469b76de43e665f9cfa99263e756084ae89,SP reward for iETH,09 October 2023,2132483,10-01-2024 21:45,12-10-2023 23:00
2909,442,a39926586271cd40910a9efa7a9bb2d6a53d7852b444ec240a99f0f9,SP reward for iETH,09 October 2023,219023,10-01-2024 21:45,12-10-2023 23:00
2910,442,e369f9a894744f3c1bf4e714426f0e9753cdcab22a9cf0ab620bd642,SP reward for iETH,09 October 2023,22008310,10-01-2024 21:45,12-10-2023 23:00
2911,442,3657a92f82da5d852f3757b0d144117b3fce7353181e8a8202843d54,SP reward for iETH,09 October 2023,17817526,10-01-2024 21:45,12-10-2023 23:00
2912,442,fa1723e381818dd3249476008192dd876d12607046f821ff55defe4a,SP reward for iETH,09 October 2023,616922,10-01-2024 21:45,12-10-2023 23:00
2913,442,9ef82b39ec0521ee2054f18b3811007af895c6a3248eb9bf458ebedd,SP reward for iETH,09 October 2023,699685,10-01-2024 21:45,12-10-2023 23:00
2914,442,ad7fe2d8b9b3cf82a37e9633c0e48784f788f352c5314d5a5e20bf08,SP reward for iETH,09 October 2023,3527818,10-01-2024 21:45,12-10-2023 23:00
2915,442,0caac09ff220e441884a7a73eef7a39f1372cf9bf052c92db4155457,SP reward for iETH,09 October 2023,4050604,10-01-2024 21:45,12-10-2023 23:00
2916,442,a249e0d4dab1b164dd033043cbabdf204b34f7ecbdb994bec90d7216,SP reward for iETH,09 October 2023,67669,10-01-2024 21:45,12-10-2023 23:00
2917,442,0b1db916e7560c61e187d688e00f936a0730a88d1049e89f4ece9e9a,SP reward for iETH,09 October 2023,7338585,10-01-2024 21:45,12-10-2023 23:00
2918,442,b47ead9c1c659d7d927c23212bd62d475f71d986236aafe16bde23ee,SP reward for iETH,09 October 2023,2568832,10-01-2024 21:45,12-10-2023 23:00
2919,442,ff935aa9517ed6dbb666d91a00c0172972ac4f6de32420c025a23e37,SP reward for iETH,09 October 2023,107388420,10-01-2024 21:45,12-10-2023 23:00
2920,442,b7f7ae08769181fd6287c83f74fe18cce31b5bad2e39eeb4ae982f68,SP reward for iETH,09 October 2023,2509640,10-01-2024 21:45,12-10-2023 23:00
2921,442,ccbe92300e5d955564cdf0cd2003c5cfd63e213d32b12d02ebd6b25e,SP reward for iETH,09 October 2023,1286663,10-01-2024 21:45,12-10-2023 23:00
2922,442,6ab1e8f492b0ade359dcc23754a37711b11e09f3c300db387a7df62a,SP reward for iETH,09 October 2023,434471,10-01-2024 21:45,12-10-2023 23:00
2923,442,1344c6719d8058b88f756f2ee293581dab8214b388113a46e95cb2e8,SP reward for iETH,09 October 2023,71953,10-01-2024 21:45,12-10-2023 23:00
2924,442,19006487a208affb9e50bea4ec43f00e27b951edc7a440ecd4a88d21,SP reward for iETH,09 October 2023,520061,10-01-2024 21:45,12-10-2023 23:00
2925,442,f4a8ce4d0551a961e622053652a6a2b31450ba4bd57780b29e111908,SP reward for iETH,09 October 2023,7751257,10-01-2024 21:45,12-10-2023 23:00
2926,442,f00f927995925d46c18314ed041f55e32d1e9bc0da7b18b5f9d56602,SP reward for iETH,09 October 2023,7142427,10-01-2024 21:45,12-10-2023 23:00
2927,442,14f88693101a09292fbe4dd300718d6cba658cd09cbaa6958a855078,SP reward for iETH,09 October 2023,10107808,10-01-2024 21:45,12-10-2023 23:00
2928,442,c91490adde7feb9e01721f33e1ab60e2002bef0b62a0e83a759ff983,SP reward for iETH,09 October 2023,269629,10-01-2024 21:45,12-10-2023 23:00
2929,442,3a826ec6e4148fb1370003f967fd432adcb29aaeb72e5bc230d82105,SP reward for iETH,09 October 2023,5118591,10-01-2024 21:45,12-10-2023 23:00
2930,442,d63f60aa79a4c439dc9ecee11ebf08b791bbd30b0c82ff5d684d1e62,SP reward for iETH,09 October 2023,3214306,10-01-2024 21:45,12-10-2023 23:00
2931,442,4f9bae79147020cfc7a1879a0429879c46f9e8beec5768b3744a665c,SP reward for iETH,09 October 2023,4168925,10-01-2024 21:45,12-10-2023 23:00
2932,442,f4035fabf6ceffc8d7ba6defb2a76bf77e2fd6f447f37c9037340990,SP reward for iETH,09 October 2023,8883,10-01-2024 21:45,12-10-2023 23:00
2933,442,7715ea9b7284bacb2675cdc4a89dfeb34ce4245f956510eaa294e1d7,SP reward for iETH,09 October 2023,2895322,10-01-2024 21:45,12-10-2023 23:00
2934,442,bbc489f4c0a227930bdf92a3fd265427280735a5254c1de2120276f8,SP reward for iETH,09 October 2023,119513,10-01-2024 21:45,12-10-2023 23:00
2935,442,57ddeaa392fd68799959ed26225a53efdda10ad0b297ce71a8c6b8eb,SP reward for iETH,09 October 2023,5782922,10-01-2024 21:45,12-10-2023 23:00
2936,442,590d2732226bce1245e4da51d3c55e00f3e7ec6a16c5117904558405,SP reward for iETH,09 October 2023,612988,10-01-2024 21:45,12-10-2023 23:00
2937,442,3cd4e0a1ef398a95359b11785b477a8505b46c2444bb6acc08a2ecd4,SP reward for iETH,09 October 2023,7941465,10-01-2024 21:45,12-10-2023 23:00
2938,442,e105290df587390be33d256392f378bfd7709dca5c16de6ff1958de1,SP reward for iETH,09 October 2023,3129,10-01-2024 21:45,12-10-2023 23:00
2939,442,c637928cbdf87a8650a7a8401ad1a6b8757d91192677c615daf7deb9,SP reward for iETH,09 October 2023,6535161,10-01-2024 21:45,12-10-2023 23:00
2940,442,56270f8bf55701d31d45a3db4a13d99ef7848fc936616777f4257dcb,SP reward for iETH,09 October 2023,2082915,10-01-2024 21:45,12-10-2023 23:00
2941,442,78b355ef81f783f5efe26565142565159adb6d0fe2ff17631c37540c,SP reward for iETH,09 October 2023,169745,10-01-2024 21:45,12-10-2023 23:00
2942,442,f22884c68cb845cbba534a40bc7c2d3cd362c70741bc3632c0bbf772,SP reward for iETH,09 October 2023,29675139,10-01-2024 21:45,12-10-2023 23:00
2943,442,811d81c21b08352b6d13adc8815022f120336e4eadd03f4ee1a1b0fa,SP reward for iETH,09 October 2023,632662,10-01-2024 21:45,12-10-2023 23:00
2944,442,9cc6a5c39d7b0a317daf1c2ac03e490912585b884ac4d922a146117b,SP reward for iETH,09 October 2023,8167832,10-01-2024 21:45,12-10-2023 23:00
2945,442,cf5450200267464f17eca7d4a23ee0c892f8bb6f0d464b8b5eba0c73,SP reward for iETH,09 October 2023,5663258,10-01-2024 21:45,12-10-2023 23:00
2946,442,ad122b9fa3ab86495712afd2a6f655430427c2cf21a54fd0c8fe8e63,SP reward for iUSD,09 October 2023,53429,10-01-2024 21:45,12-10-2023 23:00
2947,442,8dc46b205f4e3147a3bb91d9d76b188da58b1da3f1bbe5ce85093ba6,SP reward for iUSD,09 October 2023,4337,10-01-2024 21:45,12-10-2023 23:00
2948,442,529828b5fb8e3347ffc11e615fead9d06250f5457c828595bba6d3ba,SP reward for iUSD,09 October 2023,194181,10-01-2024 21:45,12-10-2023 23:00
2949,442,f0cde7772008d840812c16a10b033c4b64949c7026e1cd26384b812e,SP reward for iUSD,09 October 2023,3056,10-01-2024 21:45,12-10-2023 23:00
2950,442,e2a0f1cae6e8f02aa0fdc9622f8351573919d111cea3bc1eceb898b5,SP reward for iUSD,09 October 2023,23844,10-01-2024 21:45,12-10-2023 23:00
2951,442,7445ca9f38f1c88e0f7f1ec5ba3f11352a03ebdc93814ae8cc3c4365,SP reward for iUSD,09 October 2023,633,10-01-2024 21:45,12-10-2023 23:00
2952,442,56f657fe0244e7e283418ef04510779eab7f5f4791cfda7ef19b020f,SP reward for iUSD,09 October 2023,8465,10-01-2024 21:45,12-10-2023 23:00
2953,442,8bedd3fd1561aa61bc84af3b1354a73ccd0d25e56ca6ad10d46184c5,SP reward for iUSD,09 October 2023,2557,10-01-2024 21:45,12-10-2023 23:00
2954,442,f08a2242c6a6353ea38c9316dc478cad0d5e53eef6c1833e763eb33d,SP reward for iUSD,09 October 2023,1599,10-01-2024 21:45,12-10-2023 23:00
2955,442,815ea6793d319a3090588b6c39c6a080bcc3483d6e73761bb4473a85,SP reward for iUSD,09 October 2023,5677,10-01-2024 21:45,12-10-2023 23:00
2956,442,0944891a137e8df0f9e8d6bf87f7c77b6b2630c69af3e5281612f484,SP reward for iUSD,09 October 2023,6142,10-01-2024 21:45,12-10-2023 23:00
2957,442,b7e3d8ea466740d71d745657f3078a52f9603a22401ffe10d5f84704,SP reward for iUSD,09 October 2023,805,10-01-2024 21:45,12-10-2023 23:00
2958,442,ef1af1a8910ea15c905f4244cbf01932b9cd343cee3f538be0965412,SP reward for iUSD,09 October 2023,2684,10-01-2024 21:45,12-10-2023 23:00
2959,442,6873f354a534d12ba78b5393b34ff62a34e055198eb763a142dc6d06,SP reward for iUSD,09 October 2023,23916,10-01-2024 21:45,12-10-2023 23:00
2960,442,d906bff43d0cf1f953664eb6ce9d568afb32f84dd5a04d368a052957,SP reward for iUSD,09 October 2023,55938,10-01-2024 21:45,12-10-2023 23:00
2961,442,b5373262fed909ee4b36ac1cb3a3fd9112a45078a09c2bc5d7fff5df,SP reward for iUSD,09 October 2023,3362,10-01-2024 21:45,12-10-2023 23:00
2962,442,88e170617a780709bbdda9f213666a62d7a9b2cba72c82fbce60d039,SP reward for iUSD,09 October 2023,91,10-01-2024 21:45,12-10-2023 23:00
2963,442,dd4ec1a00770d0659820e0083be64e233a9da64af048ed52e2c9bf00,SP reward for iUSD,09 October 2023,1186,10-01-2024 21:45,12-10-2023 23:00
2964,442,2c19a094c5f1193406dbc39958bb9c8ab662b8fd06587e47060c2718,SP reward for iUSD,09 October 2023,295792,10-01-2024 21:45,12-10-2023 23:00
2965,442,67b9e1699f39f1483dbe59aaca3fe0689992c2c0c996d6394e4f7569,SP reward for iUSD,09 October 2023,4071,10-01-2024 21:45,12-10-2023 23:00
2966,442,663197d6c6deb7037a232cb477b7cc4b559e93b8aa392f136e2d1e32,SP reward for iUSD,09 October 2023,25446,10-01-2024 21:45,12-10-2023 23:00
2967,442,b5fc9bc8eb047299ba87a5b613947f9c9abaec6ba994d7a835a2479e,SP reward for iUSD,09 October 2023,3378,10-01-2024 21:45,12-10-2023 23:00
2968,442,65d6303282486d29912b02c301c44d66d1c1ad41c3aa32afde902098,SP reward for iUSD,09 October 2023,140642,10-01-2024 21:45,12-10-2023 23:00
2969,442,24d1ce22399ea1ad15281271e90aa1ff32729eda148ccb70b5ae29de,SP reward for iUSD,09 October 2023,3767,10-01-2024 21:45,12-10-2023 23:00
2970,442,9db8dbdfc35cd01248d7ef8b323d76a072cc6ccec45aca38ddd3f99c,SP reward for iUSD,09 October 2023,166520,10-01-2024 21:45,12-10-2023 23:00
2971,442,7027a58b0e7ba0c62c9c728ed6c39aaeea2a5a6eb7655dae15408d74,SP reward for iUSD,09 October 2023,274,10-01-2024 21:45,12-10-2023 23:00
2972,442,c6cd7420bd85c47570966504ccdc3847422b7fa54b2b2e9da06d49c9,SP reward for iUSD,09 October 2023,10666,10-01-2024 21:45,12-10-2023 23:00
2973,442,37ed0edbae22b1cd07e47eade303eb9911b4ce9c80ca0f96906b277d,SP reward for iUSD,09 October 2023,13601,10-01-2024 21:45,12-10-2023 23:00
2974,442,3fbed1f70aaad0f5450f532262388c6ebbdd08685a91a2f4e2b5aa56,SP reward for iUSD,09 October 2023,491970,10-01-2024 21:45,12-10-2023 23:00
2975,442,3f8f2cdd4da6db7af455c401c0e2108d6e2147856f31f815c0036689,SP reward for iUSD,09 October 2023,545035,10-01-2024 21:45,12-10-2023 23:00
2976,442,84ecc5f7b81ce47c366701b164b6ecb5feff0bdcf2672755a2d2917c,SP reward for iUSD,09 October 2023,21078,10-01-2024 21:45,12-10-2023 23:00
2977,442,33077859854a4c4a6ee59151162d9ad87f180123bf154fd9e8518156,SP reward for iUSD,09 October 2023,9648,10-01-2024 21:45,12-10-2023 23:00
2978,442,82356f5dd9c1d197555f8efeece254a8db19ef9857f7f1fe0d168fc3,SP reward for iUSD,09 October 2023,34733,10-01-2024 21:45,12-10-2023 23:00
2979,442,193cbbdd794fd3f6c3cb96d10463421f633f66509cfc2c50b449dfbc,SP reward for iUSD,09 October 2023,7087,10-01-2024 21:45,12-10-2023 23:00
2980,442,aed65613b6eaa83bacd22c00f0be750f1eb6b3dda9e5639434b8ebfa,SP reward for iUSD,09 October 2023,600,10-01-2024 21:45,12-10-2023 23:00
2981,442,57bd6627620ca97848d563e991aa18abf036fe7cdf1e8dac55e39558,SP reward for iUSD,09 October 2023,2404,10-01-2024 21:45,12-10-2023 23:00
2982,442,114ed1fa4be6d0fc67ac7eb0e7c59955986dc2a646f2dbdb03f98d7b,SP reward for iUSD,09 October 2023,32858,10-01-2024 21:45,12-10-2023 23:00
2983,442,577cd4ebc8dd617a8bd294f1b4bd853e1c2c82a10616ef099601b26d,SP reward for iUSD,09 October 2023,187,10-01-2024 21:45,12-10-2023 23:00
2984,442,f6bec0f37a857e1281e70c22d6f5c1b45f94b6ba6d9bc0e97dd614db,SP reward for iUSD,09 October 2023,529570,10-01-2024 21:45,12-10-2023 23:00
2985,442,9d7c80e92b2d81a528c6f4ce7fb1abcd5efb56c5b3123a27209be50f,SP reward for iUSD,09 October 2023,4203,10-01-2024 21:45,12-10-2023 23:00
2986,442,53ad03696a854631cba8cdf7d2628fe142aae67a9e9ce8a19b81e4fa,SP reward for iUSD,09 October 2023,8030,10-01-2024 21:45,12-10-2023 23:00
2987,442,8ce5d17ed848dc9ee4fbc3bb79271e1efbfaf43d9ead7df700faa0ed,SP reward for iUSD,09 October 2023,5574,10-01-2024 21:45,12-10-2023 23:00
2988,442,5f02661fe9260d523acf4075e2361c9ccd10d6f9b10c5d2837151284,SP reward for iUSD,09 October 2023,3288,10-01-2024 21:45,12-10-2023 23:00
2989,442,5aa3cc24dcf73c5402762bc5aa229f63f6bdb0ddbcdeb4a6f3acb59c,SP reward for iUSD,09 October 2023,2007,10-01-2024 21:45,12-10-2023 23:00
2990,442,64ef8751f97cc1ef51b020ca8f648808e77698aba365802d49840f2f,SP reward for iUSD,09 October 2023,2035,10-01-2024 21:45,12-10-2023 23:00
2991,442,239f2ce7543af3b3c9119a00f53a64ad8e1e4b19d90fd1dfaecd7427,SP reward for iUSD,09 October 2023,0,10-01-2024 21:45,12-10-2023 23:00
2992,442,6747fe860de920bf606e1d93b3bc44d208304c44415a30e4095b7d15,SP reward for iUSD,09 October 2023,5,10-01-2024 21:45,12-10-2023 23:00
2993,442,d5faac42498239db89b4f4b5342a64c36d47ed6300a0b0c03ee460a5,SP reward for iUSD,09 October 2023,329,10-01-2024 21:45,12-10-2023 23:00
2994,442,642050a5c5961494b8342be7339a9021eec09b44b199648ab6f2be18,SP reward for iUSD,09 October 2023,436,10-01-2024 21:45,12-10-2023 23:00
2995,442,58565b9a0b90f766dad48a3cb365453b452565ecb6773a55a5517b48,SP reward for iUSD,09 October 2023,1632976,10-01-2024 21:45,12-10-2023 23:00
2996,442,f946a9da7bc2551c51e8bf0d38a5f7978c825edbd438c8f89a904859,SP reward for iUSD,09 October 2023,1675,10-01-2024 21:45,12-10-2023 23:00
2997,442,91aa6ddecfac713f774fe7635bc6804e96e008cd220186a1382b7f1f,SP reward for iUSD,09 October 2023,1855,10-01-2024 21:45,12-10-2023 23:00
2998,442,37ca722e2027c5cf406b6ab9bfe3a6a3a6121ad56ac88e6039789e3d,SP reward for iUSD,09 October 2023,16476,10-01-2024 21:45,12-10-2023 23:00
2999,442,4bdcb3d0328b899e150cbe4efeedafcb2d46cd97f56d1d1a97b8f99d,SP reward for iUSD,09 October 2023,89603,10-01-2024 21:45,12-10-2023 23:00
3000,442,53313be7f4738a1ad1554126858d052f318ccbf66d88b5016e9155d5,SP reward for iUSD,09 October 2023,59,10-01-2024 21:45,12-10-2023 23:00
3001,442,74d50c0b2a239a06b6ac587434530db68e66bf0fd59e1c103629c8b7,SP reward for iUSD,09 October 2023,118538,10-01-2024 21:45,12-10-2023 23:00
3002,442,a8a8d6cf9f5babf18575b08d03ddcd6a055a0a1dab04bb2213fd69a9,SP reward for iUSD,09 October 2023,9492,10-01-2024 21:45,12-10-2023 23:00
3003,442,f2c550cc77d4c4360fc6b780b2b794ee7b55007d8a441bea3938abb3,SP reward for iUSD,09 October 2023,7772,10-01-2024 21:45,12-10-2023 23:00
3004,442,f3a01380eefce347d7713b4c5d50e311521511808e535fae44fb59f2,SP reward for iUSD,09 October 2023,4192,10-01-2024 21:45,12-10-2023 23:00
3005,442,9b113025f2c6f81786d0214a1970cad776b3db8072262d939286d1fc,SP reward for iUSD,09 October 2023,858,10-01-2024 21:45,12-10-2023 23:00
3006,442,160fbbec0ed081424274993969fd198d802e3b8495837cc20ba07598,SP reward for iUSD,09 October 2023,6925,10-01-2024 21:45,12-10-2023 23:00
3007,442,9eeb45bc82ef7227205a3a13b4b89807a4528463752f76ea433c10e1,SP reward for iUSD,09 October 2023,4550,10-01-2024 21:45,12-10-2023 23:00
3008,442,28b66d8534f750f7e6ce51f398ee9f7436525bfa1b3cb1a7f36f38dc,SP reward for iUSD,09 October 2023,250017,10-01-2024 21:45,12-10-2023 23:00
3009,442,d6a625657c0efe8f8a026c58b4889627baaa18a5526fea421477989f,SP reward for iUSD,09 October 2023,115319,10-01-2024 21:45,12-10-2023 23:00
3010,442,bd35e698c1519cd374228d72345ac3a007aa585b19e1fa76ac768818,SP reward for iUSD,09 October 2023,1802,10-01-2024 21:45,12-10-2023 23:00
3011,442,3d1168af1573bf5b74d0cf10c8fa32a1b4173649f230e1c90960183d,SP reward for iUSD,09 October 2023,4917,10-01-2024 21:45,12-10-2023 23:00
3012,442,8c964a70518a80f577b48a7281cb1843ae4c0a40c8e4dd5af17bd06a,SP reward for iUSD,09 October 2023,14008,10-01-2024 21:45,12-10-2023 23:00
3013,442,5cdf84ad76fb735689a463f081ce64455d07208781b617297b622830,SP reward for iUSD,09 October 2023,34527,10-01-2024 21:45,12-10-2023 23:00
3014,442,6e40bd68f7505ec6b2943305dd1becd267f0bb79b5e46bce75718d41,SP reward for iUSD,09 October 2023,14460,10-01-2024 21:45,12-10-2023 23:00
3015,442,f9f1d44d00b15f63b1aac48dd4e3b4738bec1c79cef84b67ef5c69e4,SP reward for iUSD,09 October 2023,19312,10-01-2024 21:45,12-10-2023 23:00
3016,442,d71882533c70394cfade226a4b2338786ffcb27bb1a360148508c28d,SP reward for iUSD,09 October 2023,26472,10-01-2024 21:45,12-10-2023 23:00
3017,442,559d23a5db8f1b809ba9b48e7504582c96af34f68495f3ed51b2cce5,SP reward for iUSD,09 October 2023,112152,10-01-2024 21:45,12-10-2023 23:00
3018,442,d7346fcd395de69e62f4a2bafbc32af393ceecb3287b0ff4442ff36e,SP reward for iUSD,09 October 2023,2900,10-01-2024 21:45,12-10-2023 23:00
3019,442,4ff84f0ac0bd82a6b10a454e7526a531435890c6da1c01404940d7ee,SP reward for iUSD,09 October 2023,21158,10-01-2024 21:45,12-10-2023 23:00
3020,442,68508e515cb193333cce070a1c36b7ee417313b5648af8965d81bd20,SP reward for iUSD,09 October 2023,240,10-01-2024 21:45,12-10-2023 23:00
3021,442,3993f803206b3c6d823fd5286f5dc1d4c91135afbafd3e54f651a411,SP reward for iUSD,09 October 2023,1278231,10-01-2024 21:45,12-10-2023 23:00
3022,442,962451fcde3d1d3603722efc54a8f7d0d370798ed989947d4bb1b6c8,SP reward for iUSD,09 October 2023,33360,10-01-2024 21:45,12-10-2023 23:00
3023,442,72a59314981c54873af2418f0690f8e52ba89562fd4dfcb5fa7aa4bd,SP reward for iUSD,09 October 2023,178107,10-01-2024 21:45,12-10-2023 23:00
3024,442,4604467a331a2044f37e747d8d081b73538f8d1001a17b6bb55bb0a8,SP reward for iUSD,09 October 2023,49043,10-01-2024 21:45,12-10-2023 23:00
3025,442,3e5e3dc4c45ead7c7e88fcd186620ffe4b292bc02a54aebb5c753815,SP reward for iUSD,09 October 2023,33485,10-01-2024 21:45,12-10-2023 23:00
3026,442,68e1002e7fbfbfae546c4597ec5a986db289ef36a12d40b58a5260be,SP reward for iUSD,09 October 2023,16827,10-01-2024 21:45,12-10-2023 23:00
3027,442,5b1af46cec17d48b26b69b2e643ccd5bece471f4954aeb14bea90586,SP reward for iUSD,09 October 2023,22727,10-01-2024 21:45,12-10-2023 23:00
3028,442,6bfad24902340f4237017493bdf4490613343a1c2f02b7a5b4f4e337,SP reward for iUSD,09 October 2023,7719,10-01-2024 21:45,12-10-2023 23:00
3029,442,a3259647cb4c6a8efc1ba1b6077831fe603f4c1236bf1746e19c88e9,SP reward for iUSD,09 October 2023,162619,10-01-2024 21:45,12-10-2023 23:00
3030,442,76acdf55012635af253d2743b41d17dfa4459293ad2ba44104050c2b,SP reward for iUSD,09 October 2023,5006,10-01-2024 21:45,12-10-2023 23:00
3031,442,7968a748b588347106eebc57fb2cf6afc0bfebd72784ab489dbd0ad5,SP reward for iUSD,09 October 2023,761,10-01-2024 21:45,12-10-2023 23:00
3032,442,94be338db483fec65437c12b87e6a48e49a8b483445d52a9bd0c0c36,SP reward for iUSD,09 October 2023,33527,10-01-2024 21:45,12-10-2023 23:00
3033,442,332640ca63bf1c45ca8f5beafe24f3e68887f052b3a03914e2efd235,SP reward for iUSD,09 October 2023,8283,10-01-2024 21:45,12-10-2023 23:00
3034,442,d4274c2088411d1c7c9bf283cb734d0fb4577bc45278481cfe7505f1,SP reward for iUSD,09 October 2023,18442,10-01-2024 21:45,12-10-2023 23:00
3035,442,ea374c2d569d63853df7d92c816502210495360908aa4df12568e567,SP reward for iUSD,09 October 2023,3753,10-01-2024 21:45,12-10-2023 23:00
3036,442,df3ed3c34530edc62131484128ad73c4a256a8974d6a52ec845b64ed,SP reward for iUSD,09 October 2023,248524,10-01-2024 21:45,12-10-2023 23:00
3037,442,4e5426811df99e191ae0bc3eca64836e561a07d1623b16f94828240b,SP reward for iUSD,09 October 2023,5372,10-01-2024 21:45,12-10-2023 23:00
3038,442,8bb9f1df2cd1d6f7e3c5758eb144bf720666784db45e4fd8fa7ca440,SP reward for iUSD,09 October 2023,1376,10-01-2024 21:45,12-10-2023 23:00
3039,442,89d095d531c5d92be599e65bfe27c44652b2cf99b72a332427e9d8a2,SP reward for iUSD,09 October 2023,45031,10-01-2024 21:45,12-10-2023 23:00
3040,442,34d9199dd24497aeedaaa07324c61c74d192d13417e9c35147c4a56a,SP reward for iUSD,09 October 2023,3710,10-01-2024 21:45,12-10-2023 23:00
3041,442,278c8e15c48d22d81c86ef27d34212b6e3b8ccaab5414d4ee3633b7f,SP reward for iUSD,09 October 2023,3692,10-01-2024 21:45,12-10-2023 23:00
3042,442,cb7cb7825c61148750bb1569f658df2f54872e4a21378797628893f9,SP reward for iUSD,09 October 2023,246054,10-01-2024 21:45,12-10-2023 23:00
3043,442,fc933ffc8d260f40b24fd2dcf83aad2c426a0471e73c7dc87f58d8ad,SP reward for iUSD,09 October 2023,16781,10-01-2024 21:45,12-10-2023 23:00
3044,442,7de337d83081a32aebfcd1e0d193a2bc16a27bd6b79d4cae868e10ef,SP reward for iUSD,09 October 2023,335770,10-01-2024 21:45,12-10-2023 23:00
3045,442,3e10263d5b2ba0da4de992fabb8c5f84d8a1ab8714c671a6d5856b77,SP reward for iUSD,09 October 2023,1487,10-01-2024 21:45,12-10-2023 23:00
3046,442,65fc42e22008193de7a306e5fe9fd2f577c152405566e88cb9799936,SP reward for iUSD,09 October 2023,3949,10-01-2024 21:45,12-10-2023 23:00
3047,442,ef500acce9b7728948264268d5807c40106c9cfc347b884efff9db46,SP reward for iUSD,09 October 2023,137847,10-01-2024 21:45,12-10-2023 23:00
3048,442,2f37e1ed677e0433a6b91609ff613f842e0a1d4ee7d3c180806bff79,SP reward for iUSD,09 October 2023,4293,10-01-2024 21:45,12-10-2023 23:00
3049,442,73064ed9d446fe559dea6a5c0484f4c4876d91e1d7442109f6815770,SP reward for iUSD,09 October 2023,527,10-01-2024 21:45,12-10-2023 23:00
3050,442,e28aba5171ad00a856677709fe5fbfb3a6e298f99c156ac780559240,SP reward for iUSD,09 October 2023,84693,10-01-2024 21:45,12-10-2023 23:00
3051,442,2fbdf41fac86b8215049143086655832bbab1c197f3768f20cd72cc6,SP reward for iUSD,09 October 2023,22888,10-01-2024 21:45,12-10-2023 23:00
3052,442,ccc25cc3789dafa8d0fd76d139cf2380bd9f2f422559672e22ce5604,SP reward for iUSD,09 October 2023,8129,10-01-2024 21:45,12-10-2023 23:00
3053,442,8a4c3daa12883c0f1497bc247769e75a9780ccf05e91a12ff2817052,SP reward for iUSD,09 October 2023,8048,10-01-2024 21:45,12-10-2023 23:00
3054,442,00dbe9c7a086b01849f3b76fc376042ab007d22aeff9fe5ad2717840,SP reward for iUSD,09 October 2023,21554,10-01-2024 21:45,12-10-2023 23:00
3055,442,8d995bf956bbf2a69b6549ca3a6830e9292b0d2641e9fa520d0f294d,SP reward for iUSD,09 October 2023,76148,10-01-2024 21:45,12-10-2023 23:00
3056,442,1741556bb8f73f9ce821d81a273de59e3cbed3ce6ae3358763709f59,SP reward for iUSD,09 October 2023,336,10-01-2024 21:45,12-10-2023 23:00
3057,442,f9f2145a4745019f15d0b21fcdd6a58e7f2e4f7b94337fd9b5c5db63,SP reward for iUSD,09 October 2023,131,10-01-2024 21:45,12-10-2023 23:00
3058,442,324b6c26b4d9b073ddcfa472805dc34452bade6de21f4c03fb2b1818,SP reward for iUSD,09 October 2023,2189,10-01-2024 21:45,12-10-2023 23:00
3059,442,246e54e96104c23bcd7d8c64e2800100761178c08c831385742f1e23,SP reward for iUSD,09 October 2023,254,10-01-2024 21:45,12-10-2023 23:00
3060,442,286ad3b19328beb1a9794af815ad8c71651a0369cd8da4aa57104735,SP reward for iUSD,09 October 2023,3324,10-01-2024 21:45,12-10-2023 23:00
3061,442,5c09e2a58cc302fffed20347693d203662ff73a13dc71dac8d322f50,SP reward for iUSD,09 October 2023,245,10-01-2024 21:45,12-10-2023 23:00
3062,442,b2d0834973ca3f26aee1f012c1b4f03cc0dcd96a5e299c62beb86237,SP reward for iUSD,09 October 2023,92,10-01-2024 21:45,12-10-2023 23:00
3063,442,9df87edb89f15cfbbc1d2bc31d67a045860d2eed2e9b5c7f81317e41,SP reward for iUSD,09 October 2023,3158,10-01-2024 21:45,12-10-2023 23:00
3064,442,57d407e152f15436acb9ae40d001d051d7dfef85f575dd739a6c85c0,SP reward for iUSD,09 October 2023,35396,10-01-2024 21:45,12-10-2023 23:00
3065,442,7a8a0ae460d6803fe27a3ee1d3b10e1f1aab38dea89b608d94f3ff19,SP reward for iUSD,09 October 2023,30394,10-01-2024 21:45,12-10-2023 23:00
3066,442,b36db24351d85ac05fecee1e3e0afd76422db67b1a8cab61b2f57f81,SP reward for iUSD,09 October 2023,126269,10-01-2024 21:45,12-10-2023 23:00
3067,442,07870a95cc8ef51c6813a07f93b76c9e920640902bf176855333a03e,SP reward for iUSD,09 October 2023,193918,10-01-2024 21:45,12-10-2023 23:00
3068,442,24be347acbb7713ebcd0f5b2b131f5d6ec0b9d48f4f142a0da648760,SP reward for iUSD,09 October 2023,2514,10-01-2024 21:45,12-10-2023 23:00
3069,442,fe305441ef512260f2c6a5a88326bff15ea41fb8d5cdf036968988f4,SP reward for iUSD,09 October 2023,31979,10-01-2024 21:45,12-10-2023 23:00
3070,442,47195e22579086e671fd58e9458f9eebe2c2ee4b099138ac0d281714,SP reward for iUSD,09 October 2023,3096,10-01-2024 21:45,12-10-2023 23:00
3071,442,cef48e82717f374be93b1e5bccad65b68e9403e57dcec8f251b35455,SP reward for iUSD,09 October 2023,74169551,10-01-2024 21:45,12-10-2023 23:00
3072,442,a53ec2197f8871174d9b194e7492463e9d6e0cd9706f088a4b803738,SP reward for iUSD,09 October 2023,6989,10-01-2024 21:45,12-10-2023 23:00
3073,442,d59bd2a7dfdda65788e0e5b5028b8af63831b832390bba330a2eee82,SP reward for iUSD,09 October 2023,1254,10-01-2024 21:45,12-10-2023 23:00
3074,442,8c734ed7e636cb450286a7ad6965ac49313d9981213aa6ec3a8c2619,SP reward for iUSD,09 October 2023,125429,10-01-2024 21:45,12-10-2023 23:00
3075,442,8d40f3075338523fa3ab3455dcc2d07d7cbd48f02186b44270367f56,SP reward for iUSD,09 October 2023,5897,10-01-2024 21:45,12-10-2023 23:00
3076,442,8707ca72180e998be7256d3ca209f1018ee51fc9f9e1d55fd1d962ae,SP reward for iUSD,09 October 2023,1678,10-01-2024 21:45,12-10-2023 23:00
3077,442,5e7faea68262c87aec85b67c123673325a4193ab39de773499af83ba,SP reward for iUSD,09 October 2023,3116699,10-01-2024 21:45,12-10-2023 23:00
3078,442,63b3889ebf65aba913b3ca44031d7b2c59b04b0727c3f2e67d52d034,SP reward for iUSD,09 October 2023,2651,10-01-2024 21:45,12-10-2023 23:00
3079,442,64a10c64f24430b1dd073fdd02d0ba3f90aedfbb56a11ebc88f31d9a,SP reward for iUSD,09 October 2023,7657,10-01-2024 21:45,12-10-2023 23:00
3080,442,929695c172f6c2841df1482161ec1a2716ee2f166c27c86b20736e71,SP reward for iUSD,09 October 2023,6163,10-01-2024 21:45,12-10-2023 23:00
3081,442,e794c8df47584e1931c1fbbc03c4375a5d895d675c337668088fcc78,SP reward for iUSD,09 October 2023,61627,10-01-2024 21:45,12-10-2023 23:00
3082,442,15e9e17482c1661f3967fe537414073da9192c7001f7b1477cea24ed,SP reward for iUSD,09 October 2023,1246679,10-01-2024 21:45,12-10-2023 23:00
3083,442,3a5c536f4deb9d98ff6e72f3ee92266964b9312d00e6230e33c218b4,SP reward for iUSD,09 October 2023,36133,10-01-2024 21:45,12-10-2023 23:00
3084,442,5174ab849efa5337d220c79f849aa39ee378cd42b3ea9a2cc55ff905,SP reward for iUSD,09 October 2023,24757,10-01-2024 21:45,12-10-2023 23:00
3085,442,b4cae3fa064ca51caef29fabac5ad516abe965e7ff23fd150a8ac4c7,SP reward for iUSD,09 October 2023,18567,10-01-2024 21:45,12-10-2023 23:00
3086,442,028e1d95bb16f9205f5b7b2f597556c72dd9c67a53663b69a5bcfd5e,SP reward for iUSD,09 October 2023,69436,10-01-2024 21:45,12-10-2023 23:00
3087,442,139bb54cd4877496dd1e6ca754a513b7ef490beb8b9eac610304b27a,SP reward for iUSD,09 October 2023,375,10-01-2024 21:45,12-10-2023 23:00
3088,442,36e7a0d0cc0aa8097eee1cb2c052221d192467310c3fe0964b2f24df,SP reward for iUSD,09 October 2023,1645,10-01-2024 21:45,12-10-2023 23:00
3089,442,d5783eeb99454513796d07833a55b33d041157aa2557f641d50b7f13,SP reward for iUSD,09 October 2023,81,10-01-2024 21:45,12-10-2023 23:00
3090,442,50799f7dba5923c0dbfdba5aab54eb247df7039b260be7fb579b0aa0,SP reward for iUSD,09 October 2023,0,10-01-2024 21:45,12-10-2023 23:00
3091,442,19c1be2fd0ce6e32cde0185dd60a56edc288d8de6243c1ca4e569f51,SP reward for iUSD,09 October 2023,16,10-01-2024 21:45,12-10-2023 23:00
3092,442,a33c563393379855e9b6f66e6830ceac659fac8982b06d4128b21722,SP reward for iUSD,09 October 2023,9623,10-01-2024 21:45,12-10-2023 23:00
3093,442,a2b2868b4ed8cb7d64c181d43729fc2d1ee6349d19244491006b16d1,SP reward for iUSD,09 October 2023,4124,10-01-2024 21:45,12-10-2023 23:00
3094,442,0dbb67ed102393b0bf27cb9d1c2f8f83ad7a9f1689904879a5191c92,SP reward for iUSD,09 October 2023,304031,10-01-2024 21:45,12-10-2023 23:00
3095,442,bc6c5a27cb024bb39c7f0ef9881e65e226e1b89f6e481fc2665718d3,SP reward for iUSD,09 October 2023,248757,10-01-2024 21:45,12-10-2023 23:00
3096,442,fba0d2c2242bf4794c16df6438f63a677f173b53f5e57c3646431f3e,SP reward for iUSD,09 October 2023,305,10-01-2024 21:45,12-10-2023 23:00
3097,442,d9467aa8366e0043e34e255d5aed0241df4a8ea3d53498fb3c4e6be2,SP reward for iUSD,09 October 2023,9186,10-01-2024 21:45,12-10-2023 23:00
3098,442,206d7694ee3d2734f453414972c1758f1462fd8aa3366c7a3dc1f8b8,SP reward for iUSD,09 October 2023,16831,10-01-2024 21:45,12-10-2023 23:00
3099,442,3320216f1ae5b4d1bb1fe4912b28facd2e7cda8774f16d51f12b9824,SP reward for iUSD,09 October 2023,1684057,10-01-2024 21:45,12-10-2023 23:00
3100,442,243143a1edf725605b078e3660ccf3ef4811e54ce8d70b04ae15a4b0,SP reward for iUSD,09 October 2023,892,10-01-2024 21:45,12-10-2023 23:00
3101,442,e7dc57922d735adaed887f06044db8b95f9cb86031d73b266028572b,SP reward for iUSD,09 October 2023,276,10-01-2024 21:45,12-10-2023 23:00
3102,442,508757f097d3f23cb9e51cc9d35a550b2f2f9bedea6326229950647f,SP reward for iUSD,09 October 2023,1729,10-01-2024 21:45,12-10-2023 23:00
3103,442,e0a5fe8d81c61f33e7b47c1a5b07c02ca836cd80b91e2ce18e088db3,SP reward for iUSD,09 October 2023,163082,10-01-2024 21:45,12-10-2023 23:00
3104,442,67269b7b7c3eeba5e7fbc3101a98137e5a61b9b355bfa57ec2d3f60d,SP reward for iUSD,09 October 2023,1129381,10-01-2024 21:45,12-10-2023 23:00
3105,442,2d7f83bee28f29bf82eb41de3d59674e71af6a2faf3cce9eb95d6026,SP reward for iUSD,09 October 2023,28554,10-01-2024 21:45,12-10-2023 23:00
3106,442,45205288ff65fd218fb46790846d21c21e6c17a2935357aab294786e,SP reward for iUSD,09 October 2023,298,10-01-2024 21:45,12-10-2023 23:00
3107,442,451fe314c4e9a41bb5804455fb4057afc1cbf2b74cde2d3d737b3354,SP reward for iUSD,09 October 2023,81759,10-01-2024 21:45,12-10-2023 23:00
3108,442,6b1b3b6c653239a344063df53c885e3bb0aa463431a7a52b1d218c46,SP reward for iUSD,09 October 2023,159705,10-01-2024 21:45,12-10-2023 23:00
3109,442,e1adb2d62927f4ad62b82d8593808a9a3bbd446521e91d72286b9a41,SP reward for iUSD,09 October 2023,408408,10-01-2024 21:45,12-10-2023 23:00
3110,442,bbc6d8e0a8f8fa47238a3df22e1b9a0e39a0de2330ba5b49d69a6bc0,SP reward for iUSD,09 October 2023,29803,10-01-2024 21:45,12-10-2023 23:00
3111,442,73a2384cb145aa11ef7c996728c5715f87b007368e1a4769853927ee,SP reward for iUSD,09 October 2023,35444071,10-01-2024 21:45,12-10-2023 23:00
3112,442,264b3be253f8b7ded1b7c01a483256379777df963ce59e49167e95d4,SP reward for iUSD,09 October 2023,54212,10-01-2024 21:45,12-10-2023 23:00
3113,442,97e4d04ae43b647e81b6329013697a1417c167be759ae49780568c76,SP reward for iUSD,09 October 2023,486384,10-01-2024 21:45,12-10-2023 23:00
3114,442,bb0f5b12be7e2bcd62cdd47940f17714a1f71a29d865e9fef823caac,SP reward for iUSD,09 October 2023,168171,10-01-2024 21:45,12-10-2023 23:00
3115,442,289cee24fb86dd5d5b6f02c8ca80397e03fa83c086d6e698e3ec330b,SP reward for iUSD,09 October 2023,609,10-01-2024 21:45,12-10-2023 23:00
3116,442,543dbea1a4955e257d3568d640b1ceeeefcad09e2cf93f16c15e49d4,SP reward for iUSD,09 October 2023,14722,10-01-2024 21:45,12-10-2023 23:00
3117,442,b2cd3ac1116b5d4d2634eb51a832f9c99dd03abe51b9e05f463bde68,SP reward for iUSD,09 October 2023,177382,10-01-2024 21:45,12-10-2023 23:00
3118,442,405966152e910c43c45f1d21d8420d7ce66c604b9750824741970780,SP reward for iUSD,09 October 2023,10584,10-01-2024 21:45,12-10-2023 23:00
3119,442,752ca73ddf1be8dffa36de008da3efa547f9b96354198896f5961e0e,SP reward for iUSD,09 October 2023,18798,10-01-2024 21:45,12-10-2023 23:00
3120,442,d70718d3e1db70560f6ed8698916bf4fb99ef5f0b7b013b3dd35c115,SP reward for iUSD,09 October 2023,26637,10-01-2024 21:45,12-10-2023 23:00
3121,442,c2ad2086100a4240ecbb70a1c93699235750bed5cc26d56a6220c67f,SP reward for iUSD,09 October 2023,92007,10-01-2024 21:45,12-10-2023 23:00
3122,442,3350a1cb0110a5855f289a0738fdbe0c00c07cf748fd5f5cdf1aa63b,SP reward for iUSD,09 October 2023,79155,10-01-2024 21:45,12-10-2023 23:00
3123,442,4613c7a03b53d3a7de1991289304d848749b9602fb602bab2ed697cd,SP reward for iUSD,09 October 2023,560706,10-01-2024 21:45,12-10-2023 23:00
3124,442,9cc6a5c39d7b0a317daf1c2ac03e490912585b884ac4d922a146117b,SP reward for iUSD,09 October 2023,377344,10-01-2024 21:45,12-10-2023 23:00
3125,442,b7169d51b139306b85aea0b9bf1707d56250572cc8cae113a846a4c5,SP reward for iUSD,09 October 2023,86840,10-01-2024 21:45,12-10-2023 23:00
3126,442,ad47602fd2e1cb7a8f94dd6aa26b927b7006651f8e87123d60386c0e,SP reward for iUSD,09 October 2023,81742,10-01-2024 21:45,12-10-2023 23:00
3127,442,6c348312a0608ec6032c6b58e8570d4eb54a6792e95185b661ecd19e,SP reward for iUSD,09 October 2023,51037,10-01-2024 21:45,12-10-2023 23:00
3128,442,edf2a7b7d47e681123613e5c8c2162dff732ab5c2785a55964344b81,SP reward for iUSD,09 October 2023,113195,10-01-2024 21:45,12-10-2023 23:00
3129,442,93a04efb87bfe0561564998c38839778443fa52b4ed501ae02a77866,SP reward for iUSD,09 October 2023,0,10-01-2024 21:45,12-10-2023 23:00
3130,442,7cd8f3d5d95127141e5843ab2818de72f85efb9e7b8a1cf847e794c4,SP reward for iUSD,09 October 2023,224319,10-01-2024 21:45,12-10-2023 23:00
3131,442,af350112892e7a6b63800ac394548afe1112c24355369c587acc65f3,SP reward for iUSD,09 October 2023,25220,10-01-2024 21:45,12-10-2023 23:00
3132,442,3adcdfb9ffd10f6fe6e9729057aeea9415faf43c87222f70a79b427e,SP reward for iUSD,09 October 2023,227616,10-01-2024 21:45,12-10-2023 23:00
3133,442,ef375afc54458f274bd07dec902e981a581fb46d4ab6d996e40b5bb0,SP reward for iUSD,09 October 2023,600350,10-01-2024 21:45,12-10-2023 23:00
3134,442,c8ca667b94b226c0400fc4f3f8ce935ef841edd752b09fbf28b1cb16,SP reward for iUSD,09 October 2023,2024,10-01-2024 21:45,12-10-2023 23:00
3135,442,cda0141ed9eedd491c294cf9e57b08aed8604c91efc11353b4f630ce,SP reward for iUSD,09 October 2023,71754,10-01-2024 21:45,12-10-2023 23:00
3136,442,6a22c66b1ac47584e99999b61de170878547bb5a6b87946a6f1e018e,SP reward for iUSD,09 October 2023,21499,10-01-2024 21:45,12-10-2023 23:00
3137,442,31ac5363f5d3b6bc5ee0a10aac24f82fb0417a1e53f318833cb34c9b,SP reward for iUSD,09 October 2023,41124,10-01-2024 21:45,12-10-2023 23:00
3138,442,a4bb846ef68110900c05f24352c1648db506ec921bf6011e61e01684,SP reward for iUSD,09 October 2023,32862,10-01-2024 21:45,12-10-2023 23:00
3139,442,6a24d71337297e197a1427892b2c50f5474749fe1b7e73ade6465ab2,SP reward for iUSD,09 October 2023,314423,10-01-2024 21:45,12-10-2023 23:00
3140,442,c91490adde7feb9e01721f33e1ab60e2002bef0b62a0e83a759ff983,SP reward for iUSD,09 October 2023,5997,10-01-2024 21:45,12-10-2023 23:00
3141,442,251afb45009e8cdcc4d95ce402b280fd11751704e540c5c12c5d293c,SP reward for iUSD,09 October 2023,10649,10-01-2024 21:45,12-10-2023 23:00
3142,442,30179de3ec968f9071cb72762baf87ba795033e3555f72da413ff06a,SP reward for iUSD,09 October 2023,75382,10-01-2024 21:45,12-10-2023 23:00
3143,442,103a18c8b3b964841f73d52e0c579fc88f335d20d9c8d7f4de033b3e,SP reward for iUSD,09 October 2023,203087,10-01-2024 21:45,12-10-2023 23:00
3144,442,7bfcb0b4a3974232c21fe4440a2befb5aff58093e9582c9d447c1e0d,SP reward for iUSD,09 October 2023,546473,10-01-2024 21:45,12-10-2023 23:00
3145,442,987894dea0f7cedc976ab26c7384a072f94d38778f876730df6cf3a8,SP reward for iUSD,09 October 2023,458017,10-01-2024 21:45,12-10-2023 23:00
3146,442,a61e01183e93a2bd0cb1ee515fe8c652c33404cb1643c0bb5867cd63,SP reward for iUSD,09 October 2023,2104,10-01-2024 21:45,12-10-2023 23:00
3147,442,23d5170dffbfa8d5cf6534cd1c06d52d6d2e8819b7914995fa9a94f4,SP reward for iUSD,09 October 2023,0,10-01-2024 21:45,12-10-2023 23:00
3148,442,aa8b22272df60f8f0e8fbd918edcff8e2d6a061abfd0510712964da3,SP reward for iUSD,09 October 2023,25483,10-01-2024 21:45,12-10-2023 23:00
3149,442,6f55a9d74db68134d952107df81bfffdec92fed808885f29e3ab39b1,SP reward for iUSD,09 October 2023,26144,10-01-2024 21:45,12-10-2023 23:00
3150,442,3264b50776f1384d46195e028a333fa715897338efed324854bfbd3f,SP reward for iUSD,09 October 2023,167816,10-01-2024 21:45,12-10-2023 23:00
3151,442,002079cd2c353aff567679318c7a4929fe774847c4ee46328ad550ea,SP reward for iUSD,09 October 2023,535242,10-01-2024 21:45,12-10-2023 23:00
3152,442,100747c195d12e8e0c443c5eaf99c8ae8329642720d9f923d6e644fd,SP reward for iUSD,09 October 2023,1264088,10-01-2024 21:45,12-10-2023 23:00
3153,442,e40d6449d63880f6344b1e200dd7e1fba9de3658785727f47247e106,SP reward for iUSD,09 October 2023,1697772,10-01-2024 21:45,12-10-2023 23:00
3154,442,8c738aba609903d995a789c5cde7e59510858da191c3fca173d8ecc8,SP reward for iUSD,09 October 2023,125133,10-01-2024 21:45,12-10-2023 23:00
3155,442,ae8cd1b8b6b4d6219985afb80a2acdb275eff59f4e1cf94ec01c08dd,SP reward for iUSD,09 October 2023,34630,10-01-2024 21:45,12-10-2023 23:00
3156,442,202a05658b2d4f335ac72de9060a6c71c91ccff518723d7fd614899c,SP reward for iUSD,09 October 2023,188456,10-01-2024 21:45,12-10-2023 23:00
3157,442,53d081f4e3093d26ce758b5b34fbdb4f9a838aae83e7257cc8fc5d59,SP reward for iUSD,09 October 2023,3769,10-01-2024 21:45,12-10-2023 23:00
3158,442,810fa90e5670a736eb92bbee8bc538bd6e641667ba73afe3e74f8046,SP reward for iUSD,09 October 2023,2464,10-01-2024 21:45,12-10-2023 23:00
3159,442,ccf0463efcfc0be16312d889a485c827392edb4bf32af4b43af4aad5,SP reward for iUSD,09 October 2023,6464,10-01-2024 21:45,12-10-2023 23:00
3160,442,1c9a3d3314df62b223b8683be48cf9dfd5359058cb23851f8fcff4d9,SP reward for iUSD,09 October 2023,2995,10-01-2024 21:45,12-10-2023 23:00
3161,442,b844eda8d8b99c58609f090d3156ef91488778e92501e1154e797492,SP reward for iUSD,09 October 2023,58079,10-01-2024 21:45,12-10-2023 23:00
3162,442,03eff44005d2c091c2647b45a89f9fe5b0ecea143c4e954cfc2dcedc,SP reward for iUSD,09 October 2023,254,10-01-2024 21:45,12-10-2023 23:00
3163,442,864f7a3b00ec7f36857c76b97cb1b32ea61360522085426dac6de657,SP reward for iUSD,09 October 2023,38051,10-01-2024 21:45,12-10-2023 23:00
3164,442,c56ae41f6148d38ef6528fcaad635917d659e7896dbe4ed9734be7aa,SP reward for iUSD,09 October 2023,9373,10-01-2024 21:45,12-10-2023 23:00
3165,442,d203a585d517315ef60b563878acfd72bd9ba9bd458d8c432ba53f7f,SP reward for iUSD,09 October 2023,27899,10-01-2024 21:45,12-10-2023 23:00
3166,442,73c236c3e865c9a4e66c7262f739b777bab078cbcece1f9d2e413dfb,SP reward for iUSD,09 October 2023,155959,10-01-2024 21:45,12-10-2023 23:00
3167,442,ad7fe2d8b9b3cf82a37e9633c0e48784f788f352c5314d5a5e20bf08,SP reward for iUSD,09 October 2023,9254,10-01-2024 21:45,12-10-2023 23:00
3168,442,e122dfae82cf0dc0f672851fd0051a019fb7cf74edafc30443e2faa4,SP reward for iUSD,09 October 2023,376912,10-01-2024 21:45,12-10-2023 23:00
3169,442,228f7a0a9cf92326f01761f7311eea4f14bab84d35f9222b4900d312,SP reward for iUSD,09 October 2023,238492,10-01-2024 21:45,12-10-2023 23:00
3170,442,8bb9c1842b5df8a44359e65982adb4d2a7d0cb745a2b8488592e3d9f,SP reward for iUSD,09 October 2023,22419,10-01-2024 21:45,12-10-2023 23:00
3171,442,ca9ad9d3aa303cf4205c00bd707881b0dcd2807816e5a6ad59134aa7,SP reward for iUSD,09 October 2023,77564,10-01-2024 21:45,12-10-2023 23:00
3172,442,a66f3589c69139fbd204ad42b34a70b65dba7834ce7641ae649c5171,SP reward for iUSD,09 October 2023,412998,10-01-2024 21:45,12-10-2023 23:00
3173,442,9a48d764ff4b8117da0b37be0f132e319dbb672f9f30a4f136cfe89f,SP reward for iUSD,09 October 2023,58742,10-01-2024 21:45,12-10-2023 23:00
3174,442,fc5543c66855df3872fc1c6bedbd95bb592feb158a7656d0964358b1,SP reward for iUSD,09 October 2023,4252,10-01-2024 21:45,12-10-2023 23:00
3175,442,96fcd31985e22ce4ab339cd92f94a5e54e5ddb4880f0a3a6c6ccb2f5,SP reward for iUSD,09 October 2023,15201,10-01-2024 21:45,12-10-2023 23:00
3176,442,fe822c00f04e3ae7c0c0f92523e6f644645db628621f17a25e88642f,SP reward for iUSD,09 October 2023,29691,10-01-2024 21:45,12-10-2023 23:00
3177,442,75ee02775bcf62517779f638a4184d62ebedc4da72d555aceed1e655,SP reward for iUSD,09 October 2023,643275,10-01-2024 21:45,12-10-2023 23:00
3178,442,5a3d4f39ee17e2b67b6dd93ba71379a098b16f5f1839a069ce9533f4,SP reward for iUSD,09 October 2023,228676,10-01-2024 21:45,12-10-2023 23:00
3179,442,eab5d00ea8449574401c05c7cd7df84d919c9e88b816a262e3a9dbbc,SP reward for iUSD,09 October 2023,343720,10-01-2024 21:45,12-10-2023 23:00
3180,442,b178ffc093995ed4f92326da8cbbae25832bd1c723b4897435ae3ee3,SP reward for iUSD,09 October 2023,38554,10-01-2024 21:45,12-10-2023 23:00
3181,442,4046d7935086947d2c6dba7e4e5f0db6f8fb72f945d1c1f992ab6c9d,SP reward for iUSD,09 October 2023,231,10-01-2024 21:45,12-10-2023 23:00
3182,442,5277d320e4e981971f75599c3c15bc0abebbdb6aea9cbadccb16bff1,SP reward for iUSD,09 October 2023,44632,10-01-2024 21:45,12-10-2023 23:00
3183,442,6c3942ed244be5b4dbb74591d7ea4e7c1aec07ed88ef81b678cac0d9,SP reward for iUSD,09 October 2023,151379,10-01-2024 21:45,12-10-2023 23:00
3184,442,eb7a0af8677832e487f154e7cb7483878208fc5f4bf6cc1ebd63656d,SP reward for iUSD,09 October 2023,22114,10-01-2024 21:45,12-10-2023 23:00
3185,442,eaec8a1a356ed27fb30ce01dca32e642e85c0c7e0c330aa3b5e6143d,SP reward for iUSD,09 October 2023,54276,10-01-2024 21:45,12-10-2023 23:00
3186,442,8349a2fcec7eba3f55e7f7b603f0f2bdf932405669b4b42bca49cad9,SP reward for iUSD,09 October 2023,3770,10-01-2024 21:45,12-10-2023 23:00
3187,442,350370eb8dce8178f824b16c34a1df2ee956a3b488e0890d40e4256d,SP reward for iUSD,09 October 2023,18850,10-01-2024 21:45,12-10-2023 23:00
3188,442,9085a048fd190f237c52943ac271b9b78042747efb1cd553d6e54f4f,SP reward for iUSD,09 October 2023,140611,10-01-2024 21:45,12-10-2023 23:00
3189,442,b1428eb9701f0ebc77e97ea2f7fcb5b6960513c2000db36db80ee52c,SP reward for iUSD,09 October 2023,872,10-01-2024 21:45,12-10-2023 23:00
3190,442,58c052676fe5b1cd52fda1ba62bbdabef2b3f261258e1fcfaa4df833,SP reward for iUSD,09 October 2023,70465,10-01-2024 21:45,12-10-2023 23:00
3191,442,1215c650198e8fe85528c3640a864a2b9202f1fdbc5a63e3c7663db5,SP reward for iUSD,09 October 2023,9670,10-01-2024 21:45,12-10-2023 23:00
3192,442,2954f74123faee312835907b70036cd8086ef1552b1cf04161413269,SP reward for iUSD,09 October 2023,32060,10-01-2024 21:45,12-10-2023 23:00
3193,442,e4140e7cad203c8a050cbc966735f5eaa1110e1719040b5ec18ccdb6,SP reward for iUSD,09 October 2023,1266,10-01-2024 21:45,12-10-2023 23:00
3194,442,8fee6a42565c9c1ebe2fb3caf8c3f6590df4a8aa40aa37fd672605dd,SP reward for iUSD,09 October 2023,20422,10-01-2024 21:45,12-10-2023 23:00
3195,442,bc12846dfe29fb17207d6e11b98fdda7201679227d46d744de5574e8,SP reward for iUSD,09 October 2023,107759,10-01-2024 21:45,12-10-2023 23:00
3196,442,58752f54a31c2eac27269cda36bf0091016a21b4bf6f65f678eb4e3a,SP reward for iUSD,09 October 2023,177539,10-01-2024 21:45,12-10-2023 23:00
3197,442,144a91af110e1f266e04a5fc28a41d897523570b8c8ca12724be3b64,SP reward for iUSD,09 October 2023,25932,10-01-2024 21:45,12-10-2023 23:00
3198,442,5f7d1aba60a090039edbb0294ccb27d3617a8827396b292ee49dec9f,SP reward for iUSD,09 October 2023,79860,10-01-2024 21:45,12-10-2023 23:00
3199,442,df14eb586b1cc9bd64d32ddab4f401239ce21622474b22ba83193f29,SP reward for iUSD,09 October 2023,0,10-01-2024 21:45,12-10-2023 23:00
3200,442,826d2683285bc4a4de68fc10eb78f2631371f48a5d4c0af654badda0,SP reward for iUSD,09 October 2023,369409,10-01-2024 21:45,12-10-2023 23:00
3201,442,9c8aec49d745d235f31947cec55e7d22010df0d07bbe94e7b7b4d18b,SP reward for iUSD,09 October 2023,2222429,10-01-2024 21:45,12-10-2023 23:00
3202,442,7c5a3ffd4843cf9bb750918cb453a87e71b3b21d63b02dd45dd3ea31,SP reward for iUSD,09 October 2023,138872,10-01-2024 21:45,12-10-2023 23:00
3203,442,17d3378cdb60f18ebad70aab20bf4be3fe7415602c2e07313297aa35,SP reward for iUSD,09 October 2023,188600,10-01-2024 21:45,12-10-2023 23:00
3204,442,bfecbbfaf133076c576cf705b8472cd12b28dbfa5d1bc7a48e9838a0,SP reward for iUSD,09 October 2023,19227,10-01-2024 21:45,12-10-2023 23:00
3205,442,d1b4a2e733c66382f3c60bf7a43803b57e44c07d5efe87bf8c4185ee,SP reward for iUSD,09 October 2023,143680,10-01-2024 21:45,12-10-2023 23:00
3206,442,497d04574667e0eaaa3beefd2d3896e6b177c7d8bb445542ba371204,SP reward for iUSD,09 October 2023,29805,10-01-2024 21:45,12-10-2023 23:00
3207,442,19c87ada5b44424a2f54fdd13b556f9306ef9f1356359c57581abd4f,SP reward for iUSD,09 October 2023,60814,10-01-2024 21:45,12-10-2023 23:00
3208,442,8f231e37853682192e02aa25cd60ee701aab8248646a396ebaa67234,SP reward for iUSD,09 October 2023,377,10-01-2024 21:45,12-10-2023 23:00
3209,442,1f7ef810b5dc6ec53922eb17e910a74c3b343b9117c51d4cac82cd88,SP reward for iUSD,09 October 2023,31177,10-01-2024 21:45,12-10-2023 23:00
3210,442,c12e9cc03830ebd3539ff3f6cec70e37fa4d9654ca7b19f3e92add09,SP reward for iUSD,09 October 2023,278,10-01-2024 21:45,12-10-2023 23:00
3211,442,f4111bbae46475ee2fe4ddcc9b4e56b6bde1b12464cf0ffd1da01dbe,SP reward for iUSD,09 October 2023,34304,10-01-2024 21:45,12-10-2023 23:00
3212,442,1d7973ee2e656a214ebd66635ffc5f28ea4b76cd155316ac258d737f,SP reward for iUSD,09 October 2023,0,10-01-2024 21:45,12-10-2023 23:00
3213,442,4482822ba84d47736ecfc0a9647e3d1f6114b32f6bc944ceb6c67b13,SP reward for iUSD,09 October 2023,193678,10-01-2024 21:45,12-10-2023 23:00
3214,442,24c0af03702aca77635142b03003971246b68cd205c38c495b4b39de,SP reward for iUSD,09 October 2023,72963,10-01-2024 21:45,12-10-2023 23:00
3215,442,47a70e7e1e30fa7879992e6d45818928c30ae913cbebafaab2ce71f1,SP reward for iUSD,09 October 2023,1682,10-01-2024 21:45,12-10-2023 23:00
3216,442,82f241eb5dadcc19e9990f85c9e7a93bb655b2c07ed3fe375509b417,SP reward for iUSD,09 October 2023,29106,10-01-2024 21:45,12-10-2023 23:00
3217,442,f3820b9d2e1ff6bc15652ffbc01346225e9d3f5c06adeb77b316f12a,SP reward for iUSD,09 October 2023,47120,10-01-2024 21:45,12-10-2023 23:00
3218,442,2387805ec55905b81396a1744734c4695abaaf620a73e88092018f58,SP reward for iUSD,09 October 2023,73364,10-01-2024 21:45,12-10-2023 23:00
3219,442,cee88901cf864fa86dc84f90f43ef51a081d79457173b1a9c5f5163b,SP reward for iUSD,09 October 2023,4371,10-01-2024 21:45,12-10-2023 23:00
3220,442,ddf0645e036c907d05ea30c896a7412ac7fbe1e0e6cd009a9cc1a28d,SP reward for iUSD,09 October 2023,0,10-01-2024 21:45,12-10-2023 23:00
3221,442,597f95da769ea4d957262de8280c653109cb3b72d5ebf25e894a16e0,SP reward for iUSD,09 October 2023,1,10-01-2024 21:45,12-10-2023 23:00
3222,442,17abbdbbee649dac78243c157c3238f34b9368e0e7d2c0232951484c,SP reward for iUSD,09 October 2023,1644,10-01-2024 21:45,12-10-2023 23:00
3223,442,10a2ea055b227f1d48a0a462ca6048f82693653fdb534eb7cd3ca654,SP reward for iUSD,09 October 2023,130915,10-01-2024 21:45,12-10-2023 23:00
3224,442,514ec5e427280c6bca6a0d79dea12bc793673a7241ba8f6f982a542e,SP reward for iUSD,09 October 2023,103963,10-01-2024 21:45,12-10-2023 23:00
3225,442,a3f63e4cbce10a5560a60dc4c7360da433b03e596e9c61f507eec809,SP reward for iUSD,09 October 2023,83650,10-01-2024 21:45,12-10-2023 23:00
3226,442,1d7f38bdc1dd27e154b6b85e01488580a1be8da0e3e24379c3c41ed5,SP reward for iUSD,09 October 2023,19953,10-01-2024 21:45,12-10-2023 23:00
3227,442,67806817b5a6f5deab56bebd3cb40fe54b33e574c929f66038694808,SP reward for iUSD,09 October 2023,5511,10-01-2024 21:45,12-10-2023 23:00
3228,442,8cbda1c576e20477e63a5b48625b91411ca4ed1c0fe3049792af6647,SP reward for iUSD,09 October 2023,695,10-01-2024 21:45,12-10-2023 23:00
3229,442,e56d333d5f95252d68f7c7bb93abb5597fdb6e7853fd3b391a2896fe,SP reward for iUSD,09 October 2023,81597,10-01-2024 21:45,12-10-2023 23:00
3230,442,1434b0f9b0d42bdfe065dfbde6089def626c28128e2b25234b8409db,SP reward for iUSD,09 October 2023,94497,10-01-2024 21:45,12-10-2023 23:00
3231,442,6bd530b62ab7384bb1c3587cf52c29ee1e58a8f10abe719db749b887,SP reward for iUSD,09 October 2023,3947,10-01-2024 21:45,12-10-2023 23:00
3232,442,e78c4eb4ec3e852b78f8540a7ff65767451cbf7601c4e6a9c4c97d52,SP reward for iUSD,09 October 2023,256812,10-01-2024 21:45,12-10-2023 23:00
3233,442,8882040c52f06ec0ddbb69b43fb12ff177a723f1a87ba44bdb783729,SP reward for iUSD,09 October 2023,791,10-01-2024 21:45,12-10-2023 23:00
3234,442,e4833eff5469ddeeaf0fbd065ad976676be56e8cd67c04526d51c495,SP reward for iUSD,09 October 2023,69290,10-01-2024 21:45,12-10-2023 23:00
3235,442,cd86c7001be335cb5ba746ee9c7b23758eff240e67ae44b4af9f3f85,SP reward for iUSD,09 October 2023,37980,10-01-2024 21:45,12-10-2023 23:00
3236,442,f2a6c0d4cf8b5d29ef1a526543844df74f48e57a723f8dc3aa7d0700,SP reward for iUSD,09 October 2023,3972,10-01-2024 21:45,12-10-2023 23:00
3237,442,e599429457c61531f5ec659442d7e430dc2e1c6152944d6815f4b064,SP reward for iUSD,09 October 2023,752902,10-01-2024 21:45,12-10-2023 23:00
3238,442,2e354a08d7d9618ca9e97625081ec5af50e35ce1ce91aea6081dbb1b,SP reward for iUSD,09 October 2023,8305,10-01-2024 21:45,12-10-2023 23:00
3239,442,af28fb0c496ec12e14bd2b811c3e0b14af9b5f18832209c9403015b3,SP reward for iUSD,09 October 2023,17037,10-01-2024 21:45,12-10-2023 23:00
3240,442,4f3e26f997727f545315520c7ebea39f54580a528754927778354dee,SP reward for iUSD,09 October 2023,164385,10-01-2024 21:45,12-10-2023 23:00
3241,442,e04ad9f221db058997b74653494041917fe1e69e2b9cb027132bf88b,SP reward for iUSD,09 October 2023,0,10-01-2024 21:45,12-10-2023 23:00
3242,442,a3ad69669ecee78b25f6b796d095ca691912481c72cc3ff42ee41ed1,SP reward for iUSD,09 October 2023,61790,10-01-2024 21:45,12-10-2023 23:00
3243,442,dc4f211e154e0a1994da4d0ff78ab6940da37643026fd55640b37266,SP reward for iUSD,09 October 2023,8746,10-01-2024 21:45,12-10-2023 23:00
3244,442,0f74ede103adb7050c0ec12533911dc20b449e1ce9b1e7b19c773f82,SP reward for iUSD,09 October 2023,6207,10-01-2024 21:45,12-10-2023 23:00
3245,442,bc74633bac550bbadaf788c0d83c68087a119dbdd4f75bbde49f154a,SP reward for iUSD,09 October 2023,61310,10-01-2024 21:45,12-10-2023 23:00
3246,442,20dbc91dd83004def0b7b5ee1073d012cd8369571bba1892e37990fe,SP reward for iUSD,09 October 2023,158067,10-01-2024 21:45,12-10-2023 23:00
3247,442,f549c4dfa45a19b8a0ac22a24f491e30cba260e71eb526031e21b7c2,SP reward for iUSD,09 October 2023,196006,10-01-2024 21:45,12-10-2023 23:00
3248,442,8f949023bd7eaa7f381c2ad298b345b7750cf9d04a1f53d0adcab6c2,SP reward for iUSD,09 October 2023,22755,10-01-2024 21:45,12-10-2023 23:00
3249,442,96278b46637b84faf5c2e4d79ca1c3034721972ac784030cdd2f2fe8,SP reward for iUSD,09 October 2023,75657,10-01-2024 21:45,12-10-2023 23:00
3250,442,16acc855c03e081be1599b86632c5fe8ab630fb3f656a018c206ee8a,SP reward for iUSD,09 October 2023,29410,10-01-2024 21:45,12-10-2023 23:00
3251,442,faaf89a26e9d1a69134ad6d814176639b0eda359e7a43ab21934ccd8,SP reward for iUSD,09 October 2023,57504,10-01-2024 21:45,12-10-2023 23:00
3252,442,9d9c672d1261ac30b4605678f451ccda8f90a1cce1633b4fee0f92bd,SP reward for iUSD,09 October 2023,113720,10-01-2024 21:45,12-10-2023 23:00
3253,442,24e2a220f53ccd6ea5908cb441244f1bc2821a24044e2cc0dfb8a241,SP reward for iUSD,09 October 2023,13,10-01-2024 21:45,12-10-2023 23:00
3254,442,ef9de691f4e2a8a57504a10dc805a8e20ab0cf9e2906769420f3aea9,SP reward for iUSD,09 October 2023,5769,10-01-2024 21:45,12-10-2023 23:00
3255,442,80e6c7de0d6efe91cf577b5502f0f7f9fcb5225d49fab2d74cf0cdc7,SP reward for iUSD,09 October 2023,277133,10-01-2024 21:45,12-10-2023 23:00
3256,442,7b2c3d7b795d7cb692b32fe35662bf0c1dc7844185e2af3ee0b3a7eb,SP reward for iUSD,09 October 2023,40597,10-01-2024 21:45,12-10-2023 23:00
3257,442,4e6357b65b3479d5e94963c01f5b6eca88a030a35fd9851dd3b648f3,SP reward for iUSD,09 October 2023,282789,10-01-2024 21:45,12-10-2023 23:00
3258,442,2674b6d8b52070036fd0f1b28a35cd2bac3c079bba31a3fba4e97276,SP reward for iUSD,09 October 2023,47469,10-01-2024 21:45,12-10-2023 23:00
3259,442,df7f42a4594781aabfc866f3baac1486457f32ea8981c17d0f991831,SP reward for iUSD,09 October 2023,3771,10-01-2024 21:45,12-10-2023 23:00
3260,442,8dc87d03f862104a9117247e414f007ea8167226f52de0eed6ccdbfc,SP reward for iUSD,09 October 2023,141192,10-01-2024 21:45,12-10-2023 23:00
3261,442,ac293f8851bccc597d9f23b7b76bb9afca7bf65e42c93fd9e51ebadb,SP reward for iUSD,09 October 2023,0,10-01-2024 21:45,12-10-2023 23:00
3262,442,c9e01dc055bd66469fa16356f9912c27f82caec0bc33240e9ff61f30,SP reward for iUSD,09 October 2023,111984,10-01-2024 21:45,12-10-2023 23:00
3263,442,b4502587636550a7424c0caf9198bb9a64edd628d422268535f103c4,SP reward for iUSD,09 October 2023,127133,10-01-2024 21:45,12-10-2023 23:00
3264,442,7d976df39c7d42ad6ec5309c5930812d1bee7ef3c716066aea81d8ce,SP reward for iUSD,09 October 2023,56736,10-01-2024 21:45,12-10-2023 23:00
3265,442,ec39d10b072cdc5297cdf1683465556b81d641cdd07fad63ae4fcdd0,SP reward for iUSD,09 October 2023,47131,10-01-2024 21:45,12-10-2023 23:00
3266,442,adfa05b38e47fd0dd027217e2e2b26c8bbeef24b73ac056cd653e96a,SP reward for iUSD,09 October 2023,58886,10-01-2024 21:45,12-10-2023 23:00
3267,442,d20b12211611481db8e256e2b04dea47a8cfd875086c6d7a610788e7,SP reward for iUSD,09 October 2023,90506,10-01-2024 21:45,12-10-2023 23:00
3268,442,c89452591e9f783896d9cf6b5b340aac2001d25133f0a9e8df28a0ab,SP reward for iUSD,09 October 2023,124089,10-01-2024 21:45,12-10-2023 23:00
3269,442,50d250e7e540d5c12595729616d0dbbfbbe12ab4060c6a33cf768715,SP reward for iUSD,09 October 2023,30164,10-01-2024 21:45,12-10-2023 23:00
3270,442,49d1c05ce83ea5dfd6abad09021caf4c5806f207ba657091c46a501b,SP reward for iUSD,09 October 2023,12448,10-01-2024 21:45,12-10-2023 23:00
3271,442,422352cc2e0da85c78a0e09b09dfaa78719da049e1be30f81c917cb3,SP reward for iUSD,09 October 2023,35820,10-01-2024 21:45,12-10-2023 23:00
3272,442,387700ae4dfdf8a65b70d7ff59f155f1ee30d2f7e2483337f6d0782d,SP reward for iUSD,09 October 2023,82894,10-01-2024 21:45,12-10-2023 23:00
3273,442,df56067ead947725fb7502ac74c457e8852933f6ef28c7c455236207,SP reward for iUSD,09 October 2023,17618,10-01-2024 21:45,12-10-2023 23:00
3274,442,9449ea44d82d0f7827c5af04370b8bf2b3b913786a650c20b3b5de78,SP reward for iUSD,09 October 2023,536762,10-01-2024 21:45,12-10-2023 23:00
3275,442,5b1931f083d9a8fe8fd2ee68265df2ebfa5cb6d3cde6833c60a5aeb8,SP reward for iUSD,09 October 2023,73745,10-01-2024 21:45,12-10-2023 23:00
3276,442,76dbab8dc974000bd173ef0593fa4e50aae01be6e13a19f1dd9cae55,SP reward for iUSD,09 October 2023,84252,10-01-2024 21:45,12-10-2023 23:00
3277,442,5d9de15a9e526c04fba22b12118560b4c7aee4f3bee35e23431b05f0,SP reward for iUSD,09 October 2023,154,10-01-2024 21:45,12-10-2023 23:00
3278,442,03aa5081199a16295e8451a866b93a521747db809eacdef947175ac6,SP reward for iUSD,09 October 2023,10079,10-01-2024 21:45,12-10-2023 23:00
3279,442,53eb9c7601e433f0659a74479e98400d203af061f135354f43e0dad4,SP reward for iUSD,09 October 2023,38836,10-01-2024 21:45,12-10-2023 23:00
3280,442,fdcb2ad56f90c49a73ace602f2f459055f75c9b42f6b186731da60e0,SP reward for iUSD,09 October 2023,119352,10-01-2024 21:45,12-10-2023 23:00
3281,442,420fe4b0b65093169ee9622b1b0c88675e97472513f94170d76bfac9,SP reward for iUSD,09 October 2023,888,10-01-2024 21:45,12-10-2023 23:00
3282,442,d74968060bb951234139833a846b6b81ded3059ad1724915091bac2d,SP reward for iUSD,09 October 2023,953603,10-01-2024 21:45,12-10-2023 23:00
3283,442,d07a74350a813a2daed74dfade4248bb51ff24da457a48fba9b4539b,SP reward for iUSD,09 October 2023,1259493,10-01-2024 21:45,12-10-2023 23:00
3284,442,024856b442278b7d5e63295585fa42f12113724292d75a5288822367,SP reward for iUSD,09 October 2023,3043857,10-01-2024 21:45,12-10-2023 23:00
3285,442,fbc5a2e4982c53a70c6eb71bcbdfca2698bba849a2e5e06ea566fd93,SP reward for iUSD,09 October 2023,56508,10-01-2024 21:45,12-10-2023 23:00
3286,442,f1f046fcc9cd06aa851f3296213d127f954ecba8136ee829a645f3ec,SP reward for iUSD,09 October 2023,503,10-01-2024 21:45,12-10-2023 23:00
3287,442,d33119934f905c46c074d86b01e9ed68d8df9416c1f98311adda04d1,SP reward for iUSD,09 October 2023,60949,10-01-2024 21:45,12-10-2023 23:00
3288,442,92a3a6bc9849096be7edb873d5bda4a39b735d23250bbf9984446ad6,SP reward for iUSD,09 October 2023,158560,10-01-2024 21:45,12-10-2023 23:00
3289,442,c4c6e2c645f453f6f7ca990b7ade2b2b2de868c0aeb5c7511e481fe9,SP reward for iUSD,09 October 2023,2416585,10-01-2024 21:45,12-10-2023 23:00
3290,442,9d94c36c0ba08524969fb2fa100dce63e0eefda22b75eca8ec3e30c4,SP reward for iUSD,09 October 2023,1090181,10-01-2024 21:45,12-10-2023 23:00
3291,442,1ff9f868d6a65ea7dec1b4d37240001097a28168752e2723e624337c,SP reward for iUSD,09 October 2023,38249,10-01-2024 21:45,12-10-2023 23:00
3292,442,ea79af332a33e08d0180ace4940a4bba5e9040ea76bf0f8a884279cd,SP reward for iUSD,09 October 2023,34409,10-01-2024 21:45,12-10-2023 23:00
3293,442,966c8c683271fb81c24235f265eac3d02095b67ca0613e08a0de963f,SP reward for iUSD,09 October 2023,75410,10-01-2024 21:45,12-10-2023 23:00
3294,442,026c8ee36589862c813abaf4142583d8631869cc694bfc393ad229ed,SP reward for iUSD,09 October 2023,98846,10-01-2024 21:45,12-10-2023 23:00
3295,442,270a564190936d5e6199cd157798a1d802e05b5c4d69a756d02a4024,SP reward for iUSD,09 October 2023,26454,10-01-2024 21:45,12-10-2023 23:00
3296,442,1d873b8c37d35e5e322736d5194df4efbcec93bd3e87090998185a10,SP reward for iUSD,09 October 2023,225187,10-01-2024 21:45,12-10-2023 23:00
3297,442,f00f927995925d46c18314ed041f55e32d1e9bc0da7b18b5f9d56602,SP reward for iUSD,09 October 2023,42559,10-01-2024 21:45,12-10-2023 23:00
3298,442,1dfa4ee606a41e8ce99a52d958e3f76f9f1a455a61853efd0e6cc58d,SP reward for iUSD,09 October 2023,50487,10-01-2024 21:45,12-10-2023 23:00
3299,442,9bd32d0c896ecfd22af41a2328d4e1d7bc2e8be07e61ce7eb5caa536,SP reward for iUSD,09 October 2023,6757463,10-01-2024 21:45,12-10-2023 23:00
3300,442,159af115130e7a5e8ac56e11c97ebfc173b379c9ad0a240b112eeefe,SP reward for iUSD,09 October 2023,12998,10-01-2024 21:45,12-10-2023 23:00
3301,442,efdea48b2d455838b64f1bdbf0106eef7cd67041ce4aa429d812183e,SP reward for iUSD,09 October 2023,162656,10-01-2024 21:45,12-10-2023 23:00
3302,442,0392279ce70fc3bc7d60fa0437da097cc264ada08fd59acdba593965,SP reward for iUSD,09 October 2023,47323,10-01-2024 21:45,12-10-2023 23:00
3303,442,a0f890b740b6e870ee690e3d02ca5fdeddf9969aea0a87b3bef425e1,SP reward for iUSD,09 October 2023,158143,10-01-2024 21:45,12-10-2023 23:00
3304,442,55cf69df3e09e88978a5396efa57fb076d25f9089229a52baac18e5d,SP reward for iUSD,09 October 2023,32362,10-01-2024 21:45,12-10-2023 23:00
3305,442,0a36d2059eac53b46045092125f8419d455cf63ba48a7f2285a1a691,SP reward for iUSD,09 October 2023,958697,10-01-2024 21:45,12-10-2023 23:00
3306,442,8d42ea2a53e949ffcdcebccbb0656fd0c66f68dd3e12af30d5232c29,SP reward for iUSD,09 October 2023,33452,10-01-2024 21:45,12-10-2023 23:00
3307,442,7b0fc9c9e92364eb4bcf52d28f9996c8d2278916eb95eb50a18905bd,SP reward for iUSD,09 October 2023,114905,10-01-2024 21:45,12-10-2023 23:00
3308,442,7aeadf295aa5275bb56ee50e2608cc2672d1d01e57ba0bec3dd00daf,SP reward for iUSD,09 October 2023,431,10-01-2024 21:45,12-10-2023 23:00
3309,442,3b7b01b415e7533f8bceb3e9e467dbca6d784c7be99fcadb68b1a9d1,SP reward for iUSD,09 October 2023,1863,10-01-2024 21:45,12-10-2023 23:00
3310,442,728b52d41c48009dca4d9f7331776537533452cc035505ff82ac9079,SP reward for iUSD,09 October 2023,561,10-01-2024 21:45,12-10-2023 23:00
3311,442,56270f8bf55701d31d45a3db4a13d99ef7848fc936616777f4257dcb,SP reward for iUSD,09 October 2023,36557,10-01-2024 21:45,12-10-2023 23:00
3312,442,b86d5dffbc00894203fdf272c003fee91969d85b806859edc242b34a,SP reward for iUSD,09 October 2023,27586,10-01-2024 21:45,12-10-2023 23:00
3313,442,fe214b004cc1504fc1544acd5b5e0d6dfe76484168e6c7d57d752b79,SP reward for iUSD,09 October 2023,3169,10-01-2024 21:45,12-10-2023 23:00
3314,442,90ea3bd89364dbe9084b55fcc578c4f44a9bba7c4a7176cff33b8bb0,SP reward for iUSD,09 October 2023,13730,10-01-2024 21:45,12-10-2023 23:00
3315,442,c49e050f25dd059da1f3ebdd00004e46d22cc1ece96e487ea84cee54,SP reward for iUSD,09 October 2023,21066,10-01-2024 21:45,12-10-2023 23:00
3316,442,3676a8f6fc88d00bb27fa5eb2e25f91b69ad6b211c9931263bbeb39c,SP reward for iUSD,09 October 2023,5204,10-01-2024 21:45,12-10-2023 23:00
3317,442,7eba1da590e93ee9a4da7bf746111c27c6b21f82ca90fd8c7ca5a441,SP reward for iUSD,09 October 2023,20830,10-01-2024 21:45,12-10-2023 23:00
3318,442,b0e1aa74e9c491e73fb3c6625d941a883f95c05069b107021888830e,SP reward for iUSD,09 October 2023,6115,10-01-2024 21:45,12-10-2023 23:00
3319,442,f357aeab5d6038af73b7ce783bf505ecb9ff382a18e2b211b18a513a,SP reward for iUSD,09 October 2023,2269,10-01-2024 21:45,12-10-2023 23:00
3320,442,4b4d2f7ec3cec8a1b3105c8cb94a6e77bd64f3fedc0bd828ffcbcb28,SP reward for iUSD,09 October 2023,191890,10-01-2024 21:45,12-10-2023 23:00
3321,442,3b45d59fb8b82d21d208964521a6bbc8d42f06b2ed7e533f8b7a745a,SP reward for iUSD,09 October 2023,296889,10-01-2024 21:45,12-10-2023 23:00
3322,442,a7c4ad49f24faecad3a91f5e5a4109cfa822faade50e6840a3db3d67,SP reward for iUSD,09 October 2023,2658300,10-01-2024 21:45,12-10-2023 23:00
3323,442,8daf909109e33c204da5034dd588269357cdf89c0947d09c1812955f,SP reward for iUSD,09 October 2023,27427,10-01-2024 21:45,12-10-2023 23:00
3324,442,7c287d80b89068e3f0e5ad9cdcfccd67e264e10c7bac1f1c50b4b4ce,SP reward for iUSD,09 October 2023,61099,10-01-2024 21:45,12-10-2023 23:00
3325,442,8fd369b6dda38f92043d8595e10ba47a47f2f48f71e37951a6af4fcd,SP reward for iUSD,09 October 2023,39302,10-01-2024 21:45,12-10-2023 23:00
3326,442,5a22248acd76b04db2a4f0804b465d7e0e6f9c13d3be980b3f7ef9e7,SP reward for iUSD,09 October 2023,25283,10-01-2024 21:45,12-10-2023 23:00
3327,442,dd8f3e200e38deea7336fefd98ab66572801dfabd658f332105e18fa,SP reward for iUSD,09 October 2023,55735,10-01-2024 21:45,12-10-2023 23:00
3328,442,4dc5cb65b80027553882008cef8ce7356c362e083f00aede47ebc35f,SP reward for iUSD,09 October 2023,0,10-01-2024 21:45,12-10-2023 23:00
3329,442,8b824c5bc7c0c7c6ef3396d567c47dd502e361f62d9f9e6015eb8150,SP reward for iUSD,09 October 2023,3809,10-01-2024 21:45,12-10-2023 23:00
3330,442,e1d69e1f1e390faddb3d82a5d66c971e4bef61893892252dfca99837,SP reward for iUSD,09 October 2023,1,10-01-2024 21:45,12-10-2023 23:00
3331,442,b9127ad6a07fb42d0a5323ce8a79edbf1fbec2c87d010884d650799f,SP reward for iUSD,09 October 2023,15766,10-01-2024 21:45,12-10-2023 23:00
3332,442,480162a64c53e1f9f76d471d5166e722be81296144d422344254a54e,SP reward for iUSD,09 October 2023,854572,10-01-2024 21:45,12-10-2023 23:00
3333,442,93fc1d5eda11f4e015acabe138fdf310674c33e9d82a7dc8a7d73d99,SP reward for iUSD,09 October 2023,92667,10-01-2024 21:45,12-10-2023 23:00
3334,442,55f6685cbc8c1c99948804a10f2eada7ed6121822a45452582ead10a,SP reward for iUSD,09 October 2023,766,10-01-2024 21:45,12-10-2023 23:00
3335,442,4c281c0efad5222fef57cfc5c21e5e07eb358c155406af6c9ef95402,SP reward for iUSD,09 October 2023,380740,10-01-2024 21:45,12-10-2023 23:00
3336,442,bf80faca49b6c4b820d11fd8028343afde02b4e9cfeded543c4650b9,SP reward for iUSD,09 October 2023,138141,10-01-2024 21:45,12-10-2023 23:00
3337,442,b3628e24f6d8e81e31b7c5dc85cbae7ba04e6f17bbdd1f75eae051c5,SP reward for iUSD,09 October 2023,43946,10-01-2024 21:45,12-10-2023 23:00
3338,442,c1ecfddcc1b386980d2cad46efaad99e373cf70398b7c01db68e4f4f,SP reward for iUSD,09 October 2023,301843,10-01-2024 21:45,12-10-2023 23:00
3339,442,602b3643af4dbdab1ac91e39e1901d0c190bd42d192f408efc4bee88,SP reward for iUSD,09 October 2023,59643,10-01-2024 21:45,12-10-2023 23:00
3340,442,509cba9202668605404e5c6a39d0af1f1522fe41d2e679ce8e394469,SP reward for iUSD,09 October 2023,268534,10-01-2024 21:45,12-10-2023 23:00
3341,442,ecf5b1ffca39a9821dc42163dea13dc58d4d9b28767edf02124a271a,SP reward for iUSD,09 October 2023,27265,10-01-2024 21:45,12-10-2023 23:00
3342,442,a239ef61e4b000e08143a86c114827b4e14e8e5bbea3254d947f9c56,SP reward for iUSD,09 October 2023,37442,10-01-2024 21:45,12-10-2023 23:00
3343,442,b8c025a487acc9735d8bc4ae174ef37a96cb3b9445c45f7d94f9b02c,SP reward for iUSD,09 October 2023,53188,10-01-2024 21:45,12-10-2023 23:00
3344,442,17e3d3fc02a43bae98b84a8eab7638749627e2246b2b2804a7d3ae12,SP reward for iUSD,09 October 2023,12298,10-01-2024 21:45,12-10-2023 23:00
3345,442,e8be99d7f6e19ccb5282e5387ddbdc30308653a1ee0478e1fb209e07,SP reward for iUSD,09 October 2023,90407,10-01-2024 21:45,12-10-2023 23:00
3346,442,8c1ddac13237e90ddf09d9a1884ad85b2265ff7930c6848c57750f2f,SP reward for iUSD,09 October 2023,55320,10-01-2024 21:45,12-10-2023 23:00
3347,442,26924e62701e99facb3ceffef5a050c51412503eb7054af52f573e96,SP reward for iUSD,09 October 2023,178070,10-01-2024 21:45,12-10-2023 23:00
3348,442,bc3dbd25ddb3da8133ae71b85d66fcc5ce16a42cbdf8313173b61ca6,SP reward for iUSD,09 October 2023,12,10-01-2024 21:45,12-10-2023 23:00
3349,442,b47ead9c1c659d7d927c23212bd62d475f71d986236aafe16bde23ee,SP reward for iUSD,09 October 2023,37836,10-01-2024 21:45,12-10-2023 23:00
3350,442,20d5e801d2da02fbf8e0ed455656e0a7b2f34314cd386806973ce69d,SP reward for iUSD,09 October 2023,7655,10-01-2024 21:45,12-10-2023 23:00
3351,442,6e1beb91f97d5743780e42d9a3deeb8102c716ae69bafe5f99a26e79,SP reward for iUSD,09 October 2023,5380808,10-01-2024 21:45,12-10-2023 23:00
3352,442,9d6a55eb1359d4a6c2f1466d1d65dd5083a6fa692b69702af90b51bb,SP reward for iUSD,09 October 2023,1104233,10-01-2024 21:45,12-10-2023 23:00
3353,442,e0a1a45ac9fc8b2f545ef76355404c31a0650b032d7ebbfe3eb8a5b1,SP reward for iUSD,09 October 2023,197325,10-01-2024 21:45,12-10-2023 23:00
3354,442,53a025fd77be078830865d6918bf8042b3d34bf54b09898d43d5a65c,SP reward for iUSD,09 October 2023,49979,10-01-2024 21:45,12-10-2023 23:00
3355,442,e544d0152f17bacc61736bea720477a416dbd60ead88c42cf6dda564,SP reward for iUSD,09 October 2023,5885,10-01-2024 21:45,12-10-2023 23:00
3356,442,076fe746635376963ae1c07c98dfa6a84168ff429673d2546ee5e744,SP reward for iUSD,09 October 2023,2009,10-01-2024 21:45,12-10-2023 23:00
3357,442,02847e2d52b2bb68326a4d8c20cf22758d8d66a8098b464fb05e388e,SP reward for iUSD,09 October 2023,305059,10-01-2024 21:45,12-10-2023 23:00
3358,442,2d2698946bc0f751dfc642bda9716d9c95065c4bb6aa23fa36379917,SP reward for iUSD,09 October 2023,65984,10-01-2024 21:45,12-10-2023 23:00
3359,442,fd0172cfb6d4f7289491b5316afb91c0f416ce5ca33fc39727bd691c,SP reward for iUSD,09 October 2023,1972,10-01-2024 21:45,12-10-2023 23:00
3360,442,05f8ebd54f40e71508f9cfec116a05dc8256562162f8024666821248,SP reward for iUSD,09 October 2023,263194,10-01-2024 21:45,12-10-2023 23:00
3361,442,8c516966b25c9f4da8ad8fc78ec351c17ddeeb5500c875c73373d2b0,SP reward for iUSD,09 October 2023,526855,10-01-2024 21:45,12-10-2023 23:00
3362,442,1a6bd66047466d65c4a336460ed902a8aef0801554a8bc831a49ea18,SP reward for iUSD,09 October 2023,385,10-01-2024 21:45,12-10-2023 23:00
3363,442,a3857f6dc9fa15ac685d02ad13824292ec40648c7af5b4fbe064c0d8,SP reward for iUSD,09 October 2023,102901,10-01-2024 21:45,12-10-2023 23:00
3364,442,7cf91d208dbe661058d16ea8ef2c387153cf91944aabcb9c7ef7fa1e,SP reward for iUSD,09 October 2023,385,10-01-2024 21:45,12-10-2023 23:00
3365,442,f107be1c8f14b6f7ecd0a826c5a0addb31538b4d91813ca450a664f1,SP reward for iUSD,09 October 2023,780669,10-01-2024 21:45,12-10-2023 23:00
3366,442,cbff8593804e718d922a1186cdf481376268f64631023692bbfcbc57,SP reward for iUSD,09 October 2023,376936,10-01-2024 21:45,12-10-2023 23:00
3367,442,244ef5c19b4209da7df61d1f9a41ca599cf12610aed0f9457dbc7353,SP reward for iUSD,09 October 2023,1991,10-01-2024 21:45,12-10-2023 23:00
3368,442,2922bb18ea7225c2905acb96276ea33273c5e07a0860fb276087115f,SP reward for iUSD,09 October 2023,1446,10-01-2024 21:45,12-10-2023 23:00
3369,442,dff1a907d3ac2ba42da4911d6cabe1fa998cd1269fbbdd20651939f9,SP reward for iUSD,09 October 2023,819515,10-01-2024 21:45,12-10-2023 23:00
3370,442,623f00f49ed872b8fde76a4d5520f4ff63e50dec00b938701fe2aedd,SP reward for iUSD,09 October 2023,71826,10-01-2024 21:45,12-10-2023 23:00
3371,442,862f5ad26068a3da287a54bc2fab1c19a99a48c81939d34870be1b85,SP reward for iUSD,09 October 2023,31028,10-01-2024 21:45,12-10-2023 23:00
3372,442,a906c9214bfd42f7299dedeed943496d866cb18ce0f178b0e37d9a97,SP reward for iUSD,09 October 2023,385,10-01-2024 21:45,12-10-2023 23:00
3373,442,08a15c4563f6297afadcb38fdb23a44c8c5771181d618481581f31a7,SP reward for iUSD,09 October 2023,77885,10-01-2024 21:45,12-10-2023 23:00
3374,442,9c8cc3ac2810e440ae1d0d41c4d7cbf79b860b5f315f8d4ed8350d81,SP reward for iUSD,09 October 2023,1233,10-01-2024 21:45,12-10-2023 23:00
3375,442,24715697456eca22df1c613d9f85b0cdb97f2cb5a253d7b7cae5f09f,SP reward for iUSD,09 October 2023,269845,10-01-2024 21:45,12-10-2023 23:00
3376,442,7443fff25d519ebfa4e8783e4180f6b2d7ca64d76b3a3c783694d487,SP reward for iUSD,09 October 2023,4968,10-01-2024 21:45,12-10-2023 23:00
3377,442,ccc6065bab9183933462a4acb0bcea38368806fd4e7435a4e76d3624,SP reward for iUSD,09 October 2023,384917,10-01-2024 21:45,12-10-2023 23:00
3378,442,6f3eb2687c020672e8f99bf2253e22d45fd86bf23d125fe22faf6264,SP reward for iUSD,09 October 2023,11711084,10-01-2024 21:45,12-10-2023 23:00
3379,442,7297266c1e8790a732b07a5a0e0eed06c6c570c69ac34b8e80ac8adb,SP reward for iUSD,09 October 2023,72024,10-01-2024 21:45,12-10-2023 23:00
3380,442,6f860cd15e7d9a0fe71735b338fa4ad81e418ddaae95928bd2994fc1,SP reward for iUSD,09 October 2023,2884373,10-01-2024 21:45,12-10-2023 23:00
3381,442,315da5b171400a2b8d131c70ea53f27b1977bb1fcec1537d70649dac,SP reward for iUSD,09 October 2023,17049,10-01-2024 21:45,12-10-2023 23:00
3382,442,ea8d6023f782f4802d83c0c803c213be848f2a5aec6bceb40a3a71c2,SP reward for iUSD,09 October 2023,182,10-01-2024 21:45,12-10-2023 23:00
3383,442,94b544b36d242aecf2649579a989e97018d5f0003e983e50a0dc2994,SP reward for iUSD,09 October 2023,2998359,10-01-2024 21:45,12-10-2023 23:00
3384,442,6bdf4e6548d770125f81c51ebc92b583787973ead359912e3ccd8e66,SP reward for iUSD,09 October 2023,369440,10-01-2024 21:45,12-10-2023 23:00
3385,442,f013b77ae6ab1f09b5bef9c18f26089ddf57e2e780dc6f1c70746f8c,SP reward for iUSD,09 October 2023,86193,10-01-2024 21:45,12-10-2023 23:00
3386,442,7da76359fef75e30d83f945e689ef4d26db9fd199823020e223169b3,SP reward for iUSD,09 October 2023,621999,10-01-2024 21:45,12-10-2023 23:00
3387,442,fa773cf3b7cb0a80d8ff29e065ad3fc2a4bb075874f3fbac743fd368,SP reward for iUSD,09 October 2023,15402,10-01-2024 21:45,12-10-2023 23:00
3388,442,48e67b9addfc8366aeeebfd3b2bfb1f9f6aa102b44aef6aac664abef,SP reward for iUSD,09 October 2023,385,10-01-2024 21:45,12-10-2023 23:00
3389,442,948214e72eb2e68d27c7a9e8eeffe30d0d2631882d13c1b17552a7ca,SP reward for iUSD,09 October 2023,40416,10-01-2024 21:45,12-10-2023 23:00
3390,442,e3fe1aded971a56dc2ca9fad8d423d3832f7ac0f915911462729f453,SP reward for iUSD,09 October 2023,235826,10-01-2024 21:45,12-10-2023 23:00
3391,442,70f311783e3166f6d6bc39a700b92a2a2610b7cf7f20b5775244b657,SP reward for iUSD,09 October 2023,766145,10-01-2024 21:45,12-10-2023 23:00
3392,442,a78e32382cd9a5a2b8d7700c24cb7ff2b42b14fe8e649beb51d51bf6,SP reward for iUSD,09 October 2023,12317,10-01-2024 21:45,12-10-2023 23:00
3393,442,08abc365d15eb5a450ff8ed2a6207bfa3cb5a0df4ec1ddd0e6636026,SP reward for iUSD,09 October 2023,0,10-01-2024 21:45,12-10-2023 23:00
3394,442,c1b6645d779259c35eb76b24c1246268cab805bccea9e202efa61910,SP reward for iUSD,09 October 2023,180,10-01-2024 21:45,12-10-2023 23:00
3395,442,ef1b8e5788243f98f97c531b88761b54587163b6478ac6ff99fe359e,SP reward for iUSD,09 October 2023,78688,10-01-2024 21:45,12-10-2023 23:00
3396,442,0a6b28124de76240db2832c69d10c2c64d528b08b31d137113083e2d,SP reward for iUSD,09 October 2023,99889,10-01-2024 21:45,12-10-2023 23:00
3397,442,d0e69129e2a6d9a0ff61abf04b9964bee86e44bca28c63e5b783507a,SP reward for iUSD,09 October 2023,76982,10-01-2024 21:45,12-10-2023 23:00
3398,442,56e1526eba166e9060a8d8eb258e59df76cf752827d1be7a6de02119,SP reward for iUSD,09 October 2023,133327,10-01-2024 21:45,12-10-2023 23:00
3399,442,17b20aff00b6cd78f4ac0c68b92d90346171f461a9e6d22aad787dc9,SP reward for iUSD,09 October 2023,95855,10-01-2024 21:45,12-10-2023 23:00
3400,442,3fc99b5ace443b8b20f99280b237d4982e82f01ce5bd5e1317cf9fe8,SP reward for iUSD,09 October 2023,33516,10-01-2024 21:45,12-10-2023 23:00
3401,442,785a9c718e4d80e2b612ccbf605200b61d0562d2f05c4ef3c4b9ed11,SP reward for iUSD,09 October 2023,11592,10-01-2024 21:45,12-10-2023 23:00
3402,442,a5519ef18d12dae09537ad81bef88d2cf26f0a098a611e2c38312c99,SP reward for iUSD,09 October 2023,28141,10-01-2024 21:45,12-10-2023 23:00
3403,442,1dd8c643a330ff68e47b63be8e261996c69d1708ad07a3788e522310,SP reward for iUSD,09 October 2023,132391,10-01-2024 21:45,12-10-2023 23:00
3404,442,1ec7a4dcfcb759b54f5acc35f348f1862a92992cab701e486a46e6b2,SP reward for iUSD,09 October 2023,2696,10-01-2024 21:45,12-10-2023 23:00
3405,442,ecf1cb14a49abe481c4930be126426df3a7468257a129575cd49b41b,SP reward for iUSD,09 October 2023,74476,10-01-2024 21:45,12-10-2023 23:00
3406,442,5f841de490d21c2b60d865852552b8a829e6ef4fabd1fee7ac7977bd,SP reward for iUSD,09 October 2023,57737,10-01-2024 21:45,12-10-2023 23:00
3407,442,a2d70cfaa0036c4e8ff9d67d82c708bedb8555d2d26d27953aa72b89,SP reward for iUSD,09 October 2023,1507645,10-01-2024 21:45,12-10-2023 23:00
3408,442,5a4fad55fdeabf0d0dfb5d4b75464bf5ee33a8f1edd2015dc0b39c24,SP reward for iUSD,09 October 2023,152867,10-01-2024 21:45,12-10-2023 23:00
3409,442,0a88cfdb4ec15ebaf1211179a242c9de1b82c0b7d567db563db83960,SP reward for iUSD,09 October 2023,315399,10-01-2024 21:45,12-10-2023 23:00
3410,442,6932deb22295a31fb022f0ab0542fa2b64c1b7574d6bacbb6e0c3e48,SP reward for iUSD,09 October 2023,3781,10-01-2024 21:45,12-10-2023 23:00
3411,442,00f2483408518f8f77107b4795978a23d7e3419783a1add171a70e01,SP reward for iUSD,09 October 2023,257890,10-01-2024 21:45,12-10-2023 23:00
3412,442,3ff27f47760d508cbc7e9db201e9fa0a985717f9cbfd307d429ba670,SP reward for iUSD,09 October 2023,1892079,10-01-2024 21:45,12-10-2023 23:00
3413,442,f480fbde43ef244fdc26d00d58708b3ebf0d6db3aeedc8d404c3bcd9,SP reward for iUSD,09 October 2023,38491,10-01-2024 21:45,12-10-2023 23:00
3414,442,4ee18dff52099c980cd8d3a1e85c37110cef73ff901eaabdabc12c60,SP reward for iUSD,09 October 2023,387750,10-01-2024 21:45,12-10-2023 23:00
3415,442,ff8e7203f15bca5e4a5daabba94cb4c7d76ec425eee4071a5299533c,SP reward for iUSD,09 October 2023,105544,10-01-2024 21:45,12-10-2023 23:00
3416,442,7e7cf0f8895addc5cee4e2c2139707a3ff156c06ab0158772912a1ae,SP reward for iUSD,09 October 2023,495602,10-01-2024 21:45,12-10-2023 23:00
3417,442,ddc7d434a87369990847553dbe9a0020ccbf868222cb6193b0303eca,SP reward for iUSD,09 October 2023,115708,10-01-2024 21:45,12-10-2023 23:00
3418,442,d0bada51ac1cbd906f6d2310bab8e20f8dbb9f90c9719969a5ae8f66,SP reward for iUSD,09 October 2023,1291683,10-01-2024 21:45,12-10-2023 23:00
3419,442,163e7ed3a11d4f07038eaa7266da150356eb2de38fbfc74992a1b2d2,SP reward for iUSD,09 October 2023,482,10-01-2024 21:45,12-10-2023 23:00
3420,442,b0418646136117e82f751e82489d865a6ec05301689d2ced4beecc3a,SP reward for iUSD,09 October 2023,46812,10-01-2024 21:45,12-10-2023 23:00
3421,442,cbab5a1070c1bb9df2ed2e466cdfd3fb4b1b7bd24af14e65b46ea556,SP reward for iUSD,09 October 2023,57737,10-01-2024 21:45,12-10-2023 23:00
3422,442,b3c0baac03f058345281c6f2e9b3cfb6a1d112ffd8e2dc5398b8ff27,SP reward for iUSD,09 October 2023,1516896,10-01-2024 21:45,12-10-2023 23:00
3423,442,95fa00657c1613aa2f6a3ff39b636d93ae3106ec72498d3e39b0fa8e,SP reward for iUSD,09 October 2023,89438,10-01-2024 21:45,12-10-2023 23:00
3424,442,14746b63e5284f875a9fca071d78a2950106356ea2f8837e3d362fa9,SP reward for iUSD,09 October 2023,260549,10-01-2024 21:45,12-10-2023 23:00
3425,442,6c696c0e5a9b92ea0951ea906390087390d29944fa37475729f49681,SP reward for iUSD,09 October 2023,456859,10-01-2024 21:45,12-10-2023 23:00
3426,442,b6cdf3c4560e284a5d05fdc1e919565e5e3b6bd51640855b450ccb41,SP reward for iUSD,09 October 2023,1951763,10-01-2024 21:45,12-10-2023 23:00
3427,442,442473fe94bec21e9f98a2aa1ee59955a336ec53ee7e9571a37919fe,SP reward for iUSD,09 October 2023,48181,10-01-2024 21:45,12-10-2023 23:00
3428,442,e31737eff954647c3cfb076fc5ec72a889d3d7b27a875fdf2fd1b379,SP reward for iUSD,09 October 2023,0,10-01-2024 21:45,12-10-2023 23:00
3429,442,64e14912b40c1db7d2bfd71e19890295f04e4a0bf0569050e379b62e,SP reward for iUSD,09 October 2023,599539,10-01-2024 21:45,12-10-2023 23:00
3430,442,d695b98ba895d0c874d7d3e37fcddc0abed1218af810673d64c9a4f0,SP reward for iUSD,09 October 2023,40404,10-01-2024 21:45,12-10-2023 23:00
3431,442,1de7b5c57a2c321f4d30e829c98ca17967671555659cd4679963a702,SP reward for iUSD,09 October 2023,309209,10-01-2024 21:45,12-10-2023 23:00
3432,442,ec9bd9c5e9a69a42d50d7c1a91d1f0331c0db89cdaff294efbb6f5d5,SP reward for iUSD,09 October 2023,43847,10-01-2024 21:45,12-10-2023 23:00
3433,442,5ba4f7eb27d46622d4728a365e4e78b349d96c40cb8e6b17b32814ad,SP reward for iUSD,09 October 2023,25605,10-01-2024 21:45,12-10-2023 23:00
3434,442,ee0d3f0402347e81228151903cf5249eb6303bf0e78b4f488263db90,SP reward for iUSD,09 October 2023,137,10-01-2024 21:45,12-10-2023 23:00
3435,442,f77212fba1bdb4ff7f24eca2412cabbc6b1b0a3b8f75645fe8f51b9a,SP reward for iUSD,09 October 2023,253848,10-01-2024 21:45,12-10-2023 23:00
3436,442,343a6e2b66f769abf99ad58bc6425690fd647ea7221a738a55d94bd6,SP reward for iUSD,09 October 2023,97339,10-01-2024 21:45,12-10-2023 23:00
3437,442,092b7b9ae9bfed9f25757ce431f885b079ba820ec102294ec9f18c5b,SP reward for iUSD,09 October 2023,31449,10-01-2024 21:45,12-10-2023 23:00
3438,442,7922b7b982018c9fb7dc9eba6ff0130ef2785f3b69febda1b3ebd513,SP reward for iUSD,09 October 2023,30472,10-01-2024 21:45,12-10-2023 23:00
3439,442,8873329f3abcaeb2b1164af90d4709146106c2e5922217d7ae5c82fd,SP reward for iUSD,09 October 2023,709631,10-01-2024 21:45,12-10-2023 23:00
3440,442,0dffd2d5af73d5577a3976d171582cf71c0b9c7ad342c2b148f7a369,SP reward for iUSD,09 October 2023,41331,10-01-2024 21:45,12-10-2023 23:00
3441,442,69db3ddacd4bd728026a19f9e8be6d41771d6cfb8cc1706798b3ad1b,SP reward for iUSD,09 October 2023,9759,10-01-2024 21:45,12-10-2023 23:00
3442,442,fd8b12e5733ab14abac15c45c5640e9b8a8dd42c7da181e367d5a210,SP reward for iUSD,09 October 2023,192236,10-01-2024 21:45,12-10-2023 23:00
3443,442,eb0382a090804495fc3003fde29059573bdb73ec2568ea91dc8c3984,SP reward for iUSD,09 October 2023,1359233,10-01-2024 21:45,12-10-2023 23:00
3444,442,803167cc20ac7658f5d139632317419c5ff0d4eeba12d1c7a7d9cf05,SP reward for iUSD,09 October 2023,231029,10-01-2024 21:45,12-10-2023 23:00
3445,442,9f376f894c2b994121f92765e48368c979e9c029a3f4e4ecea793e16,SP reward for iUSD,09 October 2023,14881318,10-01-2024 21:45,12-10-2023 23:00
3446,442,85bcc68578fe0326ae00e8aac5e6c5e734dfc3fc04d8e9a31d27c1ef,SP reward for iUSD,09 October 2023,12271284,10-01-2024 21:45,12-10-2023 23:00
3447,442,c873c75697322b5db843e9c249e669cc125c0e629ad3700729e101e6,SP reward for iUSD,09 October 2023,202413,10-01-2024 21:45,12-10-2023 23:00
3448,442,e6fdaba56d087a16a9d4cd4a298d537bb25843159bbe8c9dfcfa3530,SP reward for iUSD,09 October 2023,156006,10-01-2024 21:45,12-10-2023 23:00
3449,442,05f18a042f7922dc33589f39660bde4f8db1993b472e142d726ec32e,SP reward for iUSD,09 October 2023,109275,10-01-2024 21:45,12-10-2023 23:00
3450,442,5e13abe277486840e30f1659db877d7419046746b4e263c961e69b28,SP reward for iUSD,09 October 2023,8729766,10-01-2024 21:45,12-10-2023 23:00
3451,442,32f0c1cb0c852e6ae372fe350093a8125db1c779e6b1a3d531b1157a,SP reward for iUSD,09 October 2023,1804243,10-01-2024 21:45,12-10-2023 23:00
3452,442,17d29d0c794995d71da6ea5934500e087a6a17455de61b289c09386b,SP reward for iUSD,09 October 2023,33636,10-01-2024 21:45,12-10-2023 23:00
3453,442,98834a3e6ba9bfb2b67115492791bb63d58c51040303830f0a9143e2,SP reward for iUSD,09 October 2023,39986,10-01-2024 21:45,12-10-2023 23:00
3454,442,9057a63eaa2afa9e1f67bdb5d29fd62c59c91d0c79a30e225f079aca,SP reward for iUSD,09 October 2023,2941607,10-01-2024 21:45,12-10-2023 23:00
3455,442,f9ebcc2a02bd2984112729a5cc52f5fc0bfc126efaa2b38d4bef4637,SP reward for iUSD,09 October 2023,88777,10-01-2024 21:45,12-10-2023 23:00
3456,442,2f01482df3484b64b0427ed10c3827a1d5219fa6a27a7c178620d97d,SP reward for iUSD,09 October 2023,509159,10-01-2024 21:45,12-10-2023 23:00
3457,442,05b8794c06e90623641bbc36252326edc2040d3f75ee94b9effbbda7,SP reward for iUSD,09 October 2023,25260,10-01-2024 21:45,12-10-2023 23:00
3458,442,18f797c7f4e5f911f82a3d0740bdfe2ee44513cd6cafb0ac425ce961,SP reward for iUSD,09 October 2023,142421,10-01-2024 21:45,12-10-2023 23:00
3459,442,d054a3e88aa7d909469f67c6bbaeab11aa87316f08c1eed2b6c2aed3,SP reward for iUSD,09 October 2023,510483,10-01-2024 21:45,12-10-2023 23:00
3460,442,982897eebb4516bb2e68c969145ed6b60afd9581c5395fd8d5f41671,SP reward for iUSD,09 October 2023,807194,10-01-2024 21:45,12-10-2023 23:00
3461,442,d84e831d588461cb5ee6885956aeebf1e280a9830bbe4a166a8f3ece,SP reward for iUSD,09 October 2023,762610,10-01-2024 21:45,12-10-2023 23:00
3462,442,a90c9789e1cc4e2b2b3f0623af62cf6c143918214776980f29b12d12,SP reward for iUSD,09 October 2023,115098,10-01-2024 21:45,12-10-2023 23:00
3463,442,697ed4b4d37e6505d79692e149459fdae0ccd24d11201f9034b6c006,SP reward for iUSD,09 October 2023,10221,10-01-2024 21:45,12-10-2023 23:00
3464,442,5f14eece267f4274f229339fbe54f9f6c207f3e565d81f17360f7314,SP reward for iUSD,09 October 2023,1382914,10-01-2024 21:45,12-10-2023 23:00
3465,442,50b834c5a9617a6a7d88fc1087764dc7df7d8929a68412245e3ddef9,SP reward for iUSD,09 October 2023,123929,10-01-2024 21:45,12-10-2023 23:00
3466,442,4bc42a51d5b86d192f74c6f89fff93b8b4bd983b5afa88f1f30fc307,SP reward for iUSD,09 October 2023,1829202,10-01-2024 21:45,12-10-2023 23:00
3467,442,a10a23ec8c8bc86c8b39bb8d034a7ea407acf952bab967bbd8797d7f,SP reward for iUSD,09 October 2023,74264,10-01-2024 21:45,12-10-2023 23:00
3468,442,dc463d66e78fedc35745fc23dd9073df8049027d973305017e40c328,SP reward for iUSD,09 October 2023,37662,10-01-2024 21:45,12-10-2023 23:00
3469,442,1c348c0ee2a2c36691e877a0058da0def13243399ab568db8db5825c,SP reward for iUSD,09 October 2023,36211,10-01-2024 21:45,12-10-2023 23:00
3470,442,ce736383a9b512a93405b76edf6c6dacdcbe28d75891ac1de0aa339e,SP reward for iUSD,09 October 2023,2474927,10-01-2024 21:45,12-10-2023 23:00
3471,442,fbffa3ca1aa8b1911628181e1757f2976c4981da8ce4a1cd62cde4f0,SP reward for iUSD,09 October 2023,140256,10-01-2024 21:45,12-10-2023 23:00
3472,442,775ef1ace4264239a1f7713dfcf2509b35664a69ff58631d9ca7b43d,SP reward for iUSD,09 October 2023,122070,10-01-2024 21:45,12-10-2023 23:00
3473,442,0cb386bce313c0fb289c915ac51a6b364064c49a910efe10b25f1131,SP reward for iUSD,09 October 2023,9698,10-01-2024 21:45,12-10-2023 23:00
3474,442,d9c8b98111cec63a1f7e9f91c94c8fb21ead1f9057aee130e360af4c,SP reward for iUSD,09 October 2023,688895,10-01-2024 21:45,12-10-2023 23:00
3475,442,f28382adfa047a0f4258f6ebe2dc27f1b31852ad0afa692e553d75e0,SP reward for iUSD,09 October 2023,102008,10-01-2024 21:45,12-10-2023 23:00
3476,442,85dccd823a8eda33c9f680bb5dd7c09479fae10c95732a968f39ddad,SP reward for iUSD,09 October 2023,211351,10-01-2024 21:45,12-10-2023 23:00
3477,442,2e4fa47bb79e7a949afe7120907ed104d82118f209433130746e7c87,SP reward for iUSD,09 October 2023,704670,10-01-2024 21:45,12-10-2023 23:00
3478,442,694a11f7561643073c68202510f71c96127f1dfae84eeeeee2ae7a97,SP reward for iUSD,09 October 2023,258407,10-01-2024 21:45,12-10-2023 23:00
3479,442,0cc8211b4e1b8ad56ffa00ba5b8a54b14c58f48d692bb0957c1364d1,SP reward for iUSD,09 October 2023,37839,10-01-2024 21:45,12-10-2023 23:00
3480,442,edb0c1b08e873184c25ab99e045c1331c2a8009d5d6abafef20429d7,SP reward for iUSD,09 October 2023,1100728,10-01-2024 21:45,12-10-2023 23:00
3481,442,058a5ab0c66647dcce82d7244f80bfea41ba76c7c9ccaf86a41b00fe,SP reward for iUSD,09 October 2023,384911,10-01-2024 21:45,12-10-2023 23:00
3482,442,268b50ad94f59bf74b844db64a206111490bce164673364de01ade99,SP reward for iUSD,09 October 2023,31648,10-01-2024 21:45,12-10-2023 23:00
3483,442,c835248f41cb65303bec60d767f0299ea458a19c8c04beb125513487,SP reward for iUSD,09 October 2023,395752,10-01-2024 21:45,12-10-2023 23:00
3484,442,ab0a64f658b137b30ef606a422077d26ffa7cb161c883140ea9a1222,SP reward for iUSD,09 October 2023,91078,10-01-2024 21:45,12-10-2023 23:00
3485,442,cb7e89fcaadfed571c5ed0b22579cce20b89e0407cfc051d8d97fc89,SP reward for iUSD,09 October 2023,5442967,10-01-2024 21:45,12-10-2023 23:00
3486,442,0be100b577b01fb14cd3163192a4b4ef9862a633c140ae6f2c8bf6c2,SP reward for iUSD,09 October 2023,19443,10-01-2024 21:45,12-10-2023 23:00
3487,442,f04e3a2f427f303624958a861d18f657e307e65da73922e8d823d573,SP reward for iUSD,09 October 2023,131894,10-01-2024 21:45,12-10-2023 23:00
3488,442,140d18779ffbab27272c7a23388f7c11ab68643663b3403c81dba558,SP reward for iUSD,09 October 2023,36558,10-01-2024 21:45,12-10-2023 23:00
3489,442,5d0278f262cee5584be34cb2ae2396dd2ce4f77be03268e418460e39,SP reward for iUSD,09 October 2023,428112,10-01-2024 21:45,12-10-2023 23:00
3490,442,d901310b443168e1fc2d91faeb7f64e19312a8f9ffa2280ad775c1fe,SP reward for iUSD,09 October 2023,1767884,10-01-2024 21:45,12-10-2023 23:00
3491,442,c6aef9c4dd86f4d87ee64da60a47365ddefcce6afe4f81ab201dcd59,SP reward for iUSD,09 October 2023,67271,10-01-2024 21:45,12-10-2023 23:00
3492,442,dede5b62baacdf9db0cc4d64e270375f1178959e709025adf86da9ac,SP reward for iUSD,09 October 2023,158362,10-01-2024 21:45,12-10-2023 23:00
3493,442,23a833160c3d6a9c09c95cae9035dacdb5be88b00fd1c34ca6399bd7,SP reward for iUSD,09 October 2023,1326965,10-01-2024 21:45,12-10-2023 23:00
3494,442,a05f633f38a2e39630741c08136382bf304be65bf5173b8de6ea8233,SP reward for iUSD,09 October 2023,96763,10-01-2024 21:45,12-10-2023 23:00
3495,442,5187bd9ddecc2fdfae36f4e67526cc8368478db4478c08bff6a708dc,SP reward for iUSD,09 October 2023,2813,10-01-2024 21:45,12-10-2023 23:00
3496,442,cb57b003edf212f5f09920822915fc2e42c6623428df6c2f9a4aadcd,SP reward for iUSD,09 October 2023,17557665,10-01-2024 21:45,12-10-2023 23:00
3497,442,464d259be57b9500cb956a40b3ac62bf2b6ec3b1d707d77a94e9df70,SP reward for iUSD,09 October 2023,660207,10-01-2024 21:45,12-10-2023 23:00
3498,442,553c24788c7e3923749226ba754c1230965e5a6881e269b89c108012,SP reward for iUSD,09 October 2023,52721,10-01-2024 21:45,12-10-2023 23:00
3499,442,fba609340b44a18a5167d83f7d91d290ee0a6402f9e91518774806fb,SP reward for iUSD,09 October 2023,24391,10-01-2024 21:45,12-10-2023 23:00
3500,442,698ceb483c24a183e0a9efbb33b25789c41494082421f4df6c75803e,SP reward for iUSD,09 October 2023,1598775,10-01-2024 21:45,12-10-2023 23:00
3501,442,c11f654d8903679a66bb77686c7c6f49d09af62f797185f8c7c0e49f,SP reward for iUSD,09 October 2023,423402,10-01-2024 21:45,12-10-2023 23:00
3502,442,282d71e3b5d2f953fda5e9e1060d58339fd99d5addcdad9c83b70e6a,SP reward for iUSD,09 October 2023,388828,10-01-2024 21:45,12-10-2023 23:00
3503,442,e334c9ac9cc8a7f379b6bbd5228bcc12af9b3677a88608f176f592cd,SP reward for iUSD,09 October 2023,320965,10-01-2024 21:45,12-10-2023 23:00
3504,442,d8873d99d8bac628cb99a6bfc97e0c7c1553286d4a62aedde875354b,SP reward for iUSD,09 October 2023,696279,10-01-2024 21:45,12-10-2023 23:00
3505,442,23a4132fbbc480b22e541ce9d36fb2dcf3e97d334f5f1f9cdda8579f,SP reward for iUSD,09 October 2023,4919,10-01-2024 21:45,12-10-2023 23:00
3506,442,94383c0e1505b2041179e4c62e9de5178cd95e9c4884a5a369e4bfdd,SP reward for iUSD,09 October 2023,5911635,10-01-2024 21:45,12-10-2023 23:00
3507,442,9f32afb76121b1f7b8f95eeb67e2e8c13346bd110e2f99ee02647139,SP reward for iUSD,09 October 2023,169240,10-01-2024 21:45,12-10-2023 23:00
3508,442,8fbf2dba947a3e4bcc194190c1bd62b068c0421e7e322c5f63a913f6,SP reward for iUSD,09 October 2023,31725,10-01-2024 21:45,12-10-2023 23:00
3509,442,d74a6efc13c28b96e80fa23036353ec62897443d0ee58a7cae63cb0b,SP reward for iUSD,09 October 2023,204586,10-01-2024 21:45,12-10-2023 23:00
3510,442,d82937c09e5b5a6194fe4f369106beb8d9013941e0546bfe3d674d8d,SP reward for iUSD,09 October 2023,139955,10-01-2024 21:45,12-10-2023 23:00
3511,442,e388024f70a31b9841cda41c8ae43867bce9bae07d348f222edc6081,SP reward for iUSD,09 October 2023,1294791,10-01-2024 21:45,12-10-2023 23:00
3512,442,d20a972f5bddebc47975b4d78f5a5ea7113b8311a84623fe58891b45,SP reward for iUSD,09 October 2023,28118,10-01-2024 21:45,12-10-2023 23:00
3513,442,9ef82b39ec0521ee2054f18b3811007af895c6a3248eb9bf458ebedd,SP reward for iUSD,09 October 2023,1160281,10-01-2024 21:45,12-10-2023 23:00
3514,442,c7433f16ccc68259a53af788ab3d7178af7b97152636957fb2c62dc1,SP reward for iUSD,09 October 2023,264301,10-01-2024 21:45,12-10-2023 23:00
3515,442,dff8318caad3ee7fd9dac41d3f99acbc861fdff4cc0cd8f915416054,SP reward for iUSD,09 October 2023,37314,10-01-2024 21:45,12-10-2023 23:00
3516,442,84a3845f1764ec4c31ea9d3a5d355b0d7ed82567fb46fc65a18685ad,SP reward for iUSD,09 October 2023,929890,10-01-2024 21:45,12-10-2023 23:00
3517,442,47893efd2d27dd035f8005af5b18cb452af194e3f61b19c57fee1c51,SP reward for iUSD,09 October 2023,5871108,10-01-2024 21:45,12-10-2023 23:00
3518,442,59e2aba1fb0abc61bee1f5f9a772d1681b69dc9b39c50831fd2fa80e,SP reward for iUSD,09 October 2023,14,10-01-2024 21:45,12-10-2023 23:00
3519,442,a98843c2533d5681e29cc5257c9cfa172b4eac792a04c4601962c0f8,SP reward for iUSD,09 October 2023,1742243,10-01-2024 21:45,12-10-2023 23:00
3520,442,57b3dadb9e3e83508002cfb84caf121224704722b831e82aeb9705a2,SP reward for iUSD,09 October 2023,54263,10-01-2024 21:45,12-10-2023 23:00
3521,442,079a22b7bbec3302d9294545f49453f016b7ff5d22a728431ba05ded,SP reward for iUSD,09 October 2023,5416258,10-01-2024 21:45,12-10-2023 23:00
3522,442,5704ede877045beaaf499cf2a9a7f73b1aec49880230fdbd61512f0e,SP reward for iUSD,09 October 2023,462,10-01-2024 21:45,12-10-2023 23:00
3523,442,2650b27630522d003c9542d54127d356f73714d289f491e8daff64f4,SP reward for iUSD,09 October 2023,318362,10-01-2024 21:45,12-10-2023 23:00
3524,442,74abc195569ef29da8d1cf2842d2a34b8e0f7a8b23722ba46606e998,SP reward for iUSD,09 October 2023,1500904,10-01-2024 21:45,12-10-2023 23:00
3525,442,8f72847f16ec95a2ea2a9c6a914ac2d2e45524e7f7665e17c664c32c,SP reward for iUSD,09 October 2023,19889729,10-01-2024 21:45,12-10-2023 23:00
3526,442,09cf80f8ab5cd027f911c64df907e63006e22a1f56f20ba093fe317c,SP reward for iUSD,09 October 2023,2298491,10-01-2024 21:45,12-10-2023 23:00
3527,442,88a1b78ff061c18bf631fed05ffd64139ec46bcfabdb8fd79c99f646,SP reward for iUSD,09 October 2023,8588732,10-01-2024 21:45,12-10-2023 23:00
3528,442,c1cd747fe18cf8260a8115694c82c458f6facfafd5a382447a2a3e03,SP reward for iUSD,09 October 2023,306200,10-01-2024 21:45,12-10-2023 23:00
3529,442,e435792ece3754f9a940629ec319e62c108f06fedc90da30504b776f,SP reward for iUSD,09 October 2023,568165,10-01-2024 21:45,12-10-2023 23:00
3530,442,1227be2193b0f03f9ced11395f01fec9baab09491e545787377e5787,SP reward for iUSD,09 October 2023,1719824,10-01-2024 21:45,12-10-2023 23:00
3531,442,d00c92d92560223d54d47e2332b1937f37e48f8faf44d2735e119b40,SP reward for iUSD,09 October 2023,204557,10-01-2024 21:45,12-10-2023 23:00
3532,442,36f8e2d7f56a884613705fdc41d538014cccd5b812e2628a5ddb0dd7,SP reward for iUSD,09 October 2023,565460,10-01-2024 21:45,12-10-2023 23:00
3533,442,d45412bd659b743dc194f012b7d5fb89e23cb3752460ce286879e9c8,SP reward for iUSD,09 October 2023,578218,10-01-2024 21:45,12-10-2023 23:00
3534,442,7423ab90ed86ee42a4e78d597414b265ae53e202ce56a3b1dfabbef1,SP reward for iUSD,09 October 2023,2534270,10-01-2024 21:45,12-10-2023 23:00
3535,442,2a186360f52023fb2e72d8f9db51d37c9cb73f2a0c9baa970d96b9da,SP reward for iUSD,09 October 2023,4574,10-01-2024 21:45,12-10-2023 23:00
3536,442,155786e476bb13cc43fa713f6f0ce67fd9978b8937adbea7fb9b897e,SP reward for iUSD,09 October 2023,0,10-01-2024 21:45,12-10-2023 23:00
3537,442,b56fdbb66dec9c967d89b574589a540521feb3e33cf3153e02d443e8,SP reward for iUSD,09 October 2023,40167,10-01-2024 21:45,12-10-2023 23:00
3538,442,cb54cfadf73e05aff09561a2fb16e0799fbe9f03b0c4d83b61fa9b4f,SP reward for iUSD,09 October 2023,1983918,10-01-2024 21:45,12-10-2023 23:00
3539,442,cc49c427436479201845dee1a19f6148e015b178c5cace194f9628ef,SP reward for iUSD,09 October 2023,136180,10-01-2024 21:45,12-10-2023 23:00
3540,442,87f24e4fc4a1328618c93c8f4453858062ef19fad9a0da6a58897c3c,SP reward for iUSD,09 October 2023,255509,10-01-2024 21:45,12-10-2023 23:00
3541,442,c8af7ec346eb1242adaeebd3ad327b140d37d084dc75a3e026ce4b39,SP reward for iUSD,09 October 2023,136925,10-01-2024 21:45,12-10-2023 23:00
3542,442,d13077d5b036f1895fba9b1ecd9c5fae30d8cd30022c6481c175eed0,SP reward for iUSD,09 October 2023,2899387,10-01-2024 21:45,12-10-2023 23:00
3543,442,c2174735c17d772c59d5d19d925f29092b36344e24964b3d115637b7,SP reward for iUSD,09 October 2023,111583,10-01-2024 21:45,12-10-2023 23:00
3544,442,8ae7c1900973787d73c17eb1ee974babede3d21b69489f0413815b9b,SP reward for iUSD,09 October 2023,28274,10-01-2024 21:45,12-10-2023 23:00
3545,442,fac447a7a795f2b08ce132a2daa6b394adbe5a6b5a378b705c20dd86,SP reward for iUSD,09 October 2023,8081,10-01-2024 21:45,12-10-2023 23:00
3546,442,a39922fbb194ad7cbb312e63adc84aec33bd4e385ff14dfda64e9eb5,SP reward for iUSD,09 October 2023,1490174,10-01-2024 21:45,12-10-2023 23:00
3547,442,c3fa4890e46c7b8ea2fe782727a74534b4340aced4e80ced7b0b5089,SP reward for iUSD,09 October 2023,122928,10-01-2024 21:45,12-10-2023 23:00
3548,442,6584bcf113af500d0a3da31cf71613891b5ec591bf920e03518cd20a,SP reward for iUSD,09 October 2023,1579909,10-01-2024 21:45,12-10-2023 23:00
3549,442,338f6ad73e0886541751486f71ceb084279c1ef0babe1ca9a2d58687,SP reward for iUSD,09 October 2023,3107178,10-01-2024 21:45,12-10-2023 23:00
3550,442,337cc0ebe91c677d32b45378aa718afb46e731d20dedca7e71fab356,SP reward for iUSD,09 October 2023,602438,10-01-2024 21:45,12-10-2023 23:00
3551,442,6e905d1b63238bc14a154abf1caf7d960df681fe54b912080253f388,SP reward for iUSD,09 October 2023,226561,10-01-2024 21:45,12-10-2023 23:00
3552,442,a74340a486e8463d7574049adacae6920b126c6776c41ff1fb0ed2ce,SP reward for iUSD,09 October 2023,41076,10-01-2024 21:45,12-10-2023 23:00
3553,442,da206c89b87c2a2e2d5230fa43b194e02a947da30dbf996d01e28a50,SP reward for iUSD,09 October 2023,60078,10-01-2024 21:45,12-10-2023 23:00
3554,442,991cdf984dad30fa2dcd54085e6d4b8689be3edbad0b8d4186c69e7f,SP reward for iUSD,09 October 2023,407643,10-01-2024 21:45,12-10-2023 23:00
3555,442,6cfbc28fa54b2920b6cad9531f7071724ecaf253e52c0c7686613e98,SP reward for iUSD,09 October 2023,64187,10-01-2024 21:45,12-10-2023 23:00
3556,442,c19c3361c08376eaf1baaf5c4663dd51eea289a28b4e864a4bdfdd78,SP reward for iUSD,09 October 2023,59156816,10-01-2024 21:45,12-10-2023 23:00
3557,442,02b80d9935da7f00d97323735ff2641d938b14f3ecd24b01a990afe5,SP reward for iUSD,09 October 2023,353156,10-01-2024 21:45,12-10-2023 23:00
3558,442,5cdd7f4959486306226ebcf1e43d45d7bfe2c4acd7ebafaf2c647248,SP reward for iUSD,09 October 2023,859405,10-01-2024 21:45,12-10-2023 23:00
3559,442,161478c8f8376606bcc5ae29a3d3c4efe4a06ae5009285f447daa51f,SP reward for iUSD,09 October 2023,557443,10-01-2024 21:45,12-10-2023 23:00
3560,442,fd79020d34bdd47dbdfbc9bd9b330d43a0ab87be0e6f96a7328591d0,SP reward for iUSD,09 October 2023,1019581,10-01-2024 21:45,12-10-2023 23:00
3561,442,ba9cdccfb43c0bb8236d5819a7086f1093d0c0a4d6b631ea5eed67bc,SP reward for iUSD,09 October 2023,2149583,10-01-2024 21:45,12-10-2023 23:00
3562,442,fcc20a843a102f03b5a67e2d9567fc74c70c2c2c294b85fa83086611,SP reward for iUSD,09 October 2023,62305360,10-01-2024 21:45,12-10-2023 23:00
3563,442,a4ae6b7d6fde02966811a441c04d72af1ad8a1bafd8684192c5c99f7,SP reward for iUSD,09 October 2023,96475,10-01-2024 21:45,12-10-2023 23:00
3564,442,d293f90ea2fd8c346edc313e42d1d8e3e739282dca078926377f6e1d,SP reward for iUSD,09 October 2023,1050573,10-01-2024 21:45,12-10-2023 23:00
3565,442,7b265e114f73e3211208c90e4ad81cc9c33949b1b14cf64f7bb83b90,SP reward for iUSD,09 October 2023,4571569,10-01-2024 21:45,12-10-2023 23:00
3566,442,3ad5dd18668f5b377db54b25779327cc864e6dfc639209a302c79c9a,SP reward for iUSD,09 October 2023,201691,10-01-2024 21:45,12-10-2023 23:00
3567,442,0b6d4094acb71999783c5f632377b48f9df9fc9e2d90e0fda2fdbdec,SP reward for iUSD,09 October 2023,742925,10-01-2024 21:45,12-10-2023 23:00
3568,442,e0ea68c3e09114bb8b746e67a3e44b5e4c0cdce33c07391dc1f61be2,SP reward for iUSD,09 October 2023,3113878,10-01-2024 21:45,12-10-2023 23:00
3569,442,f7315c71937b8ee2b38ba0cabbb3d24b34186c415cb1a75e1f383666,SP reward for iUSD,09 October 2023,18850,10-01-2024 21:45,12-10-2023 23:00
3570,442,9f95cb7929fd219396797e5ed4c48b69cd18f58370858927236619cf,SP reward for iUSD,09 October 2023,937088,10-01-2024 21:45,12-10-2023 23:00
3571,442,10b776dcc1840a0606e0cad33d6641d643d7e13ace69c9646edf99dd,SP reward for iUSD,09 October 2023,3547918,10-01-2024 21:45,12-10-2023 23:00
3572,442,98c9ede2d55f7f080a56fae1fdaf13fba514696d0ca759c8994b7967,SP reward for iUSD,09 October 2023,1633174,10-01-2024 21:45,12-10-2023 23:00
3573,442,3d4d56f02ddccf47cbebceccd1d5fdf9e2f8020e8fd929e08318922b,SP reward for iUSD,09 October 2023,10411509,10-01-2024 21:45,12-10-2023 23:00
3574,442,fa9c7e0beaad372083bafd39c7cef554824a1e9eb21556676864ab7e,SP reward for iUSD,09 October 2023,10747568,10-01-2024 21:45,12-10-2023 23:00
3575,442,b895c57b4e6630d050de5e09138efc20f7e640d2bc8ffe1c0d14cfba,SP reward for iUSD,09 October 2023,1724643,10-01-2024 21:45,12-10-2023 23:00
3576,442,064bdec62473f25d5eb0cb4e051a3bfb6fd889f02e86c496539846b0,SP reward for iUSD,09 October 2023,46926,10-01-2024 21:45,12-10-2023 23:00
3577,442,35fc0d9a0b03f48768465620b16a3d5902a30dab99d4a7d2c08add5c,SP reward for iUSD,09 October 2023,3923102,10-01-2024 21:45,12-10-2023 23:00
3578,442,c5854b3494829859718d554f59b8fdef5ccec8fdccc9751344e24b3e,SP reward for iUSD,09 October 2023,6395,10-01-2024 21:45,12-10-2023 23:00
3579,442,6ab1e8f492b0ade359dcc23754a37711b11e09f3c300db387a7df62a,SP reward for iUSD,09 October 2023,898735,10-01-2024 21:45,12-10-2023 23:00
3580,442,d6e3d66efb7fa4952880722480e66467a350a17d78a96cdadf979d53,SP reward for iUSD,09 October 2023,1620255,10-01-2024 21:45,12-10-2023 23:00
3581,442,2b895e4b71b00c1b791f9f19402cd8a08898720bf4e990cc4eef77b9,SP reward for iUSD,09 October 2023,78064,10-01-2024 21:45,12-10-2023 23:00
3582,442,2a2acc24ba402b8086208c7018a49ae417d95461d2979b9d994f9035,SP reward for iUSD,09 October 2023,2708891,10-01-2024 21:45,12-10-2023 23:00
3583,442,0cc3fd8d76cf6637dd2bcf040015bb20a7845bee40ac164df50254b6,SP reward for iUSD,09 October 2023,3906626,10-01-2024 21:45,12-10-2023 23:00
3584,442,e6eea7abac12ee5189c640fc562f48ea59a2f121c8403ca97e34cb69,SP reward for iUSD,09 October 2023,51633,10-01-2024 21:45,12-10-2023 23:00
3585,442,df9ea106bd220f6e95c0d6f5a718f8815bafdb5e0421399feff70205,SP reward for iUSD,09 October 2023,145507,10-01-2024 21:45,12-10-2023 23:00
3586,442,9730f04ab71ff759ededcbc4f7b4c8b2353af6885f2741194c98ed61,SP reward for iUSD,09 October 2023,173826,10-01-2024 21:45,12-10-2023 23:00
3587,442,a181fb98e93e123144d85fee0993bd560ed91d82ccb4b9681bdecc95,SP reward for iUSD,09 October 2023,524452,10-01-2024 21:45,12-10-2023 23:00
3588,442,3faabb3508ee0fb5a909dd6e5b73d101c7e0d69fe91f75593c8033e0,SP reward for iUSD,09 October 2023,307685,10-01-2024 21:45,12-10-2023 23:00
3589,442,946c74a18ccd97a6cdb64318cb3374ab72e83c616d30d604e1cb8d20,SP reward for iUSD,09 October 2023,57440592,10-01-2024 21:45,12-10-2023 23:00
3590,442,149c6cbb53238fec80d8e323309c8d81a1ee81ff15cf45af7a16516b,SP reward for iUSD,09 October 2023,0,10-01-2024 21:45,12-10-2023 23:00
3591,442,6c543f866d7e82c724ab7bf7b8ca2568f3a72061fef7a192e8f34616,SP reward for iUSD,09 October 2023,3914096,10-01-2024 21:45,12-10-2023 23:00
3592,442,979f9f2d799f4b0fdc0c6503d435fd4d79d21411095c222a2226d19c,SP reward for iUSD,09 October 2023,3063954,10-01-2024 21:45,12-10-2023 23:00
3593,442,01da9d4fea55755b1bd3017417aeae4b69e15fda2bbdb49d739351ff,SP reward for iUSD,09 October 2023,8150,10-01-2024 21:45,12-10-2023 23:00
3594,442,8aa76b18d1a22584264b2e660df4cca898199cc0cdbb41af9f12fd0f,SP reward for iUSD,09 October 2023,1231399,10-01-2024 21:45,12-10-2023 23:00
3595,442,f1fd5fd7154759c785737edd86ea83fcedaa305ca780e20d69cf294a,SP reward for iUSD,09 October 2023,1429873,10-01-2024 21:45,12-10-2023 23:00
3596,442,8732d6ae48c07b2694e9918fcdfff84e0995b165d4615c32fc76a978,SP reward for iUSD,09 October 2023,1742375,10-01-2024 21:45,12-10-2023 23:00
3597,442,00d5a046be21b4c6c5c6c90c6f831f2b6413cf7c22bd0e0affddf169,SP reward for iUSD,09 October 2023,374607,10-01-2024 21:45,12-10-2023 23:00
3598,442,66245022306cc7bc7c408845ef8eff4b6f3e43b47de7941c95889e62,SP reward for iUSD,09 October 2023,1564737,10-01-2024 21:45,12-10-2023 23:00
3599,442,e09afca138bcdc4bf4da58eb17b98db2572818ba7ac17328f9db9118,SP reward for iUSD,09 October 2023,9733224,10-01-2024 21:45,12-10-2023 23:00
3600,442,e135f30c9c5c572d9dfa6bdc3d20f58403d163e6fb11aeae583a78f0,SP reward for iUSD,09 October 2023,30991,10-01-2024 21:45,12-10-2023 23:00
3601,442,a79e3310327ff57aec9921c729d9a81389fe10aaa398fda3e5ae0fb3,SP reward for iUSD,09 October 2023,893768,10-01-2024 21:45,12-10-2023 23:00
3602,442,2795b7b51bdf9be9e61f92f50bf27bf425f80dcb1044d6bc240c1ed0,SP reward for iUSD,09 October 2023,337569,10-01-2024 21:45,12-10-2023 23:00
3603,442,b85dff549239e4a2cb2ee05686b291f7e251c661364e610fd913475e,SP reward for iUSD,09 October 2023,199465,10-01-2024 21:45,12-10-2023 23:00
3604,442,b7f7ae08769181fd6287c83f74fe18cce31b5bad2e39eeb4ae982f68,SP reward for iUSD,09 October 2023,1873249,10-01-2024 21:45,12-10-2023 23:00
3605,442,072569588caa5cdfcfc07a1bc6e8731d835f6a6f5c077d1d6dee0756,SP reward for iUSD,09 October 2023,417679,10-01-2024 21:45,12-10-2023 23:00
3606,442,690b0a92962d8e5940212f11e4e414db2a6a773f06923adaa063bf7a,SP reward for iUSD,09 October 2023,35359119,10-01-2024 21:45,12-10-2023 23:00
3607,442,04b2d0d78cb7211ad2f3f155d56973076eb41dbe51040db046525ecf,SP reward for iUSD,09 October 2023,18375587,10-01-2024 21:45,12-10-2023 23:00
3608,442,5f75978f9c34609c4720a15d2cb51b1384ef0711a8e4afa7de0d060a,SP reward for iUSD,09 October 2023,479817,10-01-2024 21:45,12-10-2023 23:00
3609,442,8d936446136ef1c56b2be4d5a4f98e6fa1012788406a466f9b713fd0,SP reward for iUSD,09 October 2023,1825006,10-01-2024 21:45,12-10-2023 23:00
3610,442,51ba77a69f4bd280866f41ca99f33f4d0d82db2d7bd7d854b915fc06,SP reward for iUSD,09 October 2023,535035,10-01-2024 21:45,12-10-2023 23:00
3611,442,f5fc2163bd928f1bd4be6463323d1341eb5709ad2fc7780f3a0110bf,SP reward for iUSD,09 October 2023,3648314,10-01-2024 21:45,12-10-2023 23:00
3612,442,930a5a40fb419b4ca1a3d0a2f8cba25c0baeb5949e794034a7fbd1b4,SP reward for iUSD,09 October 2023,105429,10-01-2024 21:45,12-10-2023 23:00
3613,442,ca79ad389e53d6d78f64b08613237df256252d328a6adf8cd3fddaad,SP reward for iUSD,09 October 2023,1254458,10-01-2024 21:45,12-10-2023 23:00
3614,442,426dc9a8ffd26f37ef26cc1e2619df3223ecc9718d8d57801efc5ddc,SP reward for iUSD,09 October 2023,39866,10-01-2024 21:45,12-10-2023 23:00
3615,442,dddc26bc5c16b1fdccc13e72abfc5bbab373d7ceb98132fe51b39e33,SP reward for iUSD,09 October 2023,7604960,10-01-2024 21:45,12-10-2023 23:00
3616,442,9e424dfa5b06d4e6acfe6749af8d6a19bab26f56b09b4c321661e890,SP reward for iUSD,09 October 2023,126527,10-01-2024 21:45,12-10-2023 23:00
3617,442,e30a204b11986043cac4fca3022600e309ad1bd06963affb22fcf3a5,SP reward for iUSD,09 October 2023,4059165,10-01-2024 21:45,12-10-2023 23:00
3618,442,a13cf52d79177a8df19463e96c2d0629cb8affd4c658c60f7c618597,SP reward for iUSD,09 October 2023,9708469,10-01-2024 21:45,12-10-2023 23:00
3619,442,8c861a9b2a144a55f0c8ca8314bc57c3a580324b51fdc6ff2dd4a9d6,SP reward for iUSD,09 October 2023,3257366,10-01-2024 21:45,12-10-2023 23:00
3620,442,0696bd335a574f62f105d7e9eee0f7a2c84c21b9779fa4885654d8e2,SP reward for iUSD,09 October 2023,122194,10-01-2024 21:45,12-10-2023 23:00
3621,442,771cfa350bd4fdc1e17319971cc30b1f224eb81d8afd8ab7866deeb6,SP reward for iUSD,09 October 2023,4051452,10-01-2024 21:45,12-10-2023 23:00
3622,442,d683ff7b8b7ec25d210d61d015c0aa66c0befccaa031851d067af87b,SP reward for iUSD,09 October 2023,222730,10-01-2024 21:45,12-10-2023 23:00
3623,442,a8fe5934b7f4cb3a24db0ae235b002f777c72614d127bb3649809961,SP reward for iUSD,09 October 2023,46880,10-01-2024 21:45,12-10-2023 23:00
3624,442,c1199d9f8fec89635975b43432249e58999e9e1d85e8cff60ad5b329,SP reward for iUSD,09 October 2023,482689,10-01-2024 21:45,12-10-2023 23:00
3625,442,3b51d0cc84f801364b28475d2d494f4f3fb23fe7ab720ebb6bb75437,SP reward for iUSD,09 October 2023,93862,10-01-2024 21:45,12-10-2023 23:00
3626,442,548fece8d2f6e55efda4a70452343bc1f92cac3c1cf8ef250535c048,SP reward for iUSD,09 October 2023,1098110,10-01-2024 21:45,12-10-2023 23:00
3627,442,972bbf37a804f90fae9fee48576beb8611cf3da5cf4834df0cf7160c,SP reward for iUSD,09 October 2023,25477,10-01-2024 21:45,12-10-2023 23:00
3628,442,e2db0579454041b6d16ddc4745cf7f3ad3e0535ee838258f7af685f3,SP reward for iUSD,09 October 2023,121486,10-01-2024 21:45,12-10-2023 23:00
3629,442,0f87c9e4a0a8103f4c6ada1bffe2b608dbcfed9f22ead6d6541ea7f7,SP reward for iUSD,09 October 2023,14370,10-01-2024 21:45,12-10-2023 23:00
3630,442,520656bf9131c244f7925816da91de7e7b8f96b868d358641128120b,SP reward for iUSD,09 October 2023,479887,10-01-2024 21:45,12-10-2023 23:00
3631,442,4161da6570a522b9de574b45ae1ade7338a5dd8e69a40138fa57ac67,SP reward for iUSD,09 October 2023,1739952,10-01-2024 21:45,12-10-2023 23:00
3632,442,3e253558970a2b5956a66d2b5d7ef2a57edb8aaefe9c3ed9f96a4019,SP reward for iUSD,09 October 2023,1364497,10-01-2024 21:45,12-10-2023 23:00
3633,442,c59dfaaf43c38d28e4bf38064a298f6adff6f0ac28a81ca2ba81efd4,SP reward for iUSD,09 October 2023,41523,10-01-2024 21:45,12-10-2023 23:00
3634,442,058f356380a71f1d3d1e14c7f1abba5f716847dfe200f36c3a5aa949,SP reward for iUSD,09 October 2023,809017,10-01-2024 21:45,12-10-2023 23:00
3635,442,d1660b25e17cb23c44f9161fd71df2a4e847f5b1e0b23a4bae71423a,SP reward for iUSD,09 October 2023,129101949,10-01-2024 21:45,12-10-2023 23:00
3636,442,ebb3c77c9d613815a380172a1ccc3f14b656b3a637c068209100501e,SP reward for iUSD,09 October 2023,320786,10-01-2024 21:45,12-10-2023 23:00
3637,442,1be221caa2e043e3f2ac88126788bbab75a92f69f96c4ebd85e5d3da,SP reward for iUSD,09 October 2023,3563912,10-01-2024 21:45,12-10-2023 23:00
3638,442,597619e9233ddb715df243a0d183d89891f3204dcac08dcd692732ef,SP reward for iUSD,09 October 2023,1099307,10-01-2024 21:45,12-10-2023 23:00
3639,442,a0ff3365ef9cd002c84b6d003102a2c1004a3cc675b81d72e1afbf9d,SP reward for iUSD,09 October 2023,809022,10-01-2024 21:45,12-10-2023 23:00
3640,442,d5ffa4e09c6eaa4c882e10d3cc94b6c604e5982bf3715d40d4ec5351,SP reward for iUSD,09 October 2023,103320,10-01-2024 21:45,12-10-2023 23:00
3641,442,9442130f8971114afb57ca22fc0c8bbf9cdd009faba8c714a571d88a,SP reward for iUSD,09 October 2023,60810,10-01-2024 21:45,12-10-2023 23:00
3642,442,e0a01d855bcf78a32e506af2e884320d922b7e884afa2356776dada9,SP reward for iUSD,09 October 2023,1397784,10-01-2024 21:45,12-10-2023 23:00
3643,442,759b2ad795fb741546cb47086bf90dcbfc4e8144e62a824c815c1ffb,SP reward for iUSD,09 October 2023,1308508,10-01-2024 21:45,12-10-2023 23:00
3644,442,c05d3ab97abdcac7e81855b92b59afe40f18b059e9d8cceedc5ef511,SP reward for iUSD,09 October 2023,116508,10-01-2024 21:45,12-10-2023 23:00
3645,442,7ff4364ce33d555ba76e0f7fe601a9a8d5a4c33aadf2caa3c1277225,SP reward for iUSD,09 October 2023,35179,10-01-2024 21:45,12-10-2023 23:00
3646,442,6537c4f74f158a9511a2540c52d32fc302f74acb820acb7e938138dd,SP reward for iUSD,09 October 2023,71598,10-01-2024 21:45,12-10-2023 23:00
3647,442,15606a30af237ef3bfca6b3b7f22d22fe320630f02c84787d533896d,SP reward for iUSD,09 October 2023,1324744,10-01-2024 21:45,12-10-2023 23:00
3648,442,5b06d393e8dfcfc2b19ca8ecc91c242dd437ed72d917391264183f36,SP reward for iUSD,09 October 2023,224546,10-01-2024 21:45,12-10-2023 23:00
3649,442,0aaca0ecc770cb15636d6835e7d1800a38b28741c2eb0e51cddac52f,SP reward for iUSD,09 October 2023,504785,10-01-2024 21:45,12-10-2023 23:00
3650,442,867d0bbc161fa9b4c7fb242b55ac34e39a4c5cb3945ecee645ad2061,SP reward for iUSD,09 October 2023,808752,10-01-2024 21:45,12-10-2023 23:00
3651,442,38912a457ed1811244cdbc1c358671491a7b2844953774a86fa765dc,SP reward for iUSD,09 October 2023,573735,10-01-2024 21:45,12-10-2023 23:00
3652,442,ce654cc45f56f912cea1031b56bf9fdbbd49f77c0717e017805850a5,SP reward for iUSD,09 October 2023,374562,10-01-2024 21:45,12-10-2023 23:00
3653,442,ea29ab4f2420255302bd2c56e8fe74a36f0fcc96a30cf5fad9994b4a,SP reward for iUSD,09 October 2023,6308588,10-01-2024 21:45,12-10-2023 23:00
3654,442,adf9274c6b2a09d1f352088cee4c939f9c8b95f75f761e6927bded63,SP reward for iUSD,09 October 2023,65954,10-01-2024 21:45,12-10-2023 23:00
3655,442,616ae6f4803b2d581ebd1d5cf6b74c35cd5ab3a1b9bd992a9cbee44b,SP reward for iUSD,09 October 2023,144011,10-01-2024 21:45,12-10-2023 23:00
3656,442,fc1c84e08e8e47cda82dfe5d2778002da43570516efe2517c7878226,SP reward for iUSD,09 October 2023,1240,10-01-2024 21:45,12-10-2023 23:00
3657,442,9adca998ba0dd97e2f2720c2ae640088796272ec3f41a6cdf8819fe4,SP reward for iUSD,09 October 2023,51039,10-01-2024 21:45,12-10-2023 23:00
3658,442,9d2414ab252cdd877f2b5aafa6eb7dd60cbf1bb4871ed9e184ed1078,SP reward for iUSD,09 October 2023,1401732,10-01-2024 21:45,12-10-2023 23:00
3659,442,ec189db91bbc7706bf3725f0d2ef8cef34d22b069510395f09fe78c6,SP reward for iUSD,09 October 2023,334367,10-01-2024 21:45,12-10-2023 23:00
3660,442,67b7442696af08df16dc9ca0202f8103f63c679a45df9719c7640e70,SP reward for iUSD,09 October 2023,1615983,10-01-2024 21:45,12-10-2023 23:00
3661,442,dd6b9922e6ee77ff126984d10a13695ac05b46949d0ab4751a9d0e1d,SP reward for iUSD,09 October 2023,1287860,10-01-2024 21:45,12-10-2023 23:00
3662,442,c05a3bb916f898f5a4bb6886e7eca889c8f0e337ca7d0ac8a23aadf3,SP reward for iUSD,09 October 2023,1327478,10-01-2024 21:45,12-10-2023 23:00
3663,442,8c1879394f01e671306b6e8f2d2f67383a3ce75a387ecf3c18e3d87d,SP reward for iUSD,09 October 2023,452669,10-01-2024 21:45,12-10-2023 23:00
3664,442,31161a3f479812bb1b676672d89d870a9eb53209c5ac33bec960388e,SP reward for iUSD,09 October 2023,1572589,10-01-2024 21:45,12-10-2023 23:00
3665,442,48d0e3a17973c514a8e6d4f8bb3642a6873ce9b2240ccce4ef953e09,SP reward for iUSD,09 October 2023,13712423,10-01-2024 21:45,12-10-2023 23:00
3666,442,3caee35d0a5e9a6cf25a30b78787b18bef083a4b6342b9717af1bd73,SP reward for iUSD,09 October 2023,1028,10-01-2024 21:45,12-10-2023 23:00
3667,442,5f431f57ad76f9c3feaf03809fb3ba95da61f53fda601021a73f8040,SP reward for iUSD,09 October 2023,2639322,10-01-2024 21:45,12-10-2023 23:00
3668,442,3fd2e25d97a94982155facf50aa12a8b8d12b594d4056660e4a3b86e,SP reward for iUSD,09 October 2023,545450,10-01-2024 21:45,12-10-2023 23:00
3669,442,8c52a614e258853f5194998ddc2ea49943152e67b55e2dddb08f031d,SP reward for iUSD,09 October 2023,3960554,10-01-2024 21:45,12-10-2023 23:00
3670,442,019f3d35ef1c1067784c46f9b165150919cdefda177dd301af373051,SP reward for iUSD,09 October 2023,65251,10-01-2024 21:45,12-10-2023 23:00
3671,442,df027e77e46f186b37c7dd5ef8df0aa6e03402fc383f90bcb28eec6c,SP reward for iUSD,09 October 2023,472849,10-01-2024 21:45,12-10-2023 23:00
3672,442,a37fab79f14d68ea324942d0acb658d887671d6c09f3a5c9284f2348,SP reward for iUSD,09 October 2023,438212,10-01-2024 21:45,12-10-2023 23:00
3673,442,d94f9bc0ffe11ad1005b22a6e5c2b471b29c53510aa81514fc24d95a,SP reward for iUSD,09 October 2023,27546,10-01-2024 21:45,12-10-2023 23:00
3674,442,58c7f9acba6b471706387121c33623fa2d810fe5df6b4b11b72710d6,SP reward for iUSD,09 October 2023,1111363,10-01-2024 21:45,12-10-2023 23:00
3675,442,9bd3f69b4c63d599fdad5b151e8ea20bb61a05995cba211562730ec5,SP reward for iUSD,09 October 2023,412062,10-01-2024 21:45,12-10-2023 23:00
3676,442,f772160fc113955ca1abcd75d7ad581be0665505aabdd70106d59cde,SP reward for iUSD,09 October 2023,98558,10-01-2024 21:45,12-10-2023 23:00
3677,442,9c2b04c3d361d4d72878e7c0c067ce6cdf9f29561bfab5c59728c4e2,SP reward for iUSD,09 October 2023,1528761,10-01-2024 21:45,12-10-2023 23:00
3678,442,85c66ed26b27050fbc7bebe3c85f283ea848da45f15dd05469477684,SP reward for iUSD,09 October 2023,41296,10-01-2024 21:45,12-10-2023 23:00
3679,442,07be0c021a1d4a26ad6e2761767b186961d184259a365cda60002925,SP reward for iUSD,09 October 2023,2697749,10-01-2024 21:45,12-10-2023 23:00
3680,442,c7844a7008ebbd1b2d88d0897769094aca05b7146c3e54cb92182efd,SP reward for iUSD,09 October 2023,3894749,10-01-2024 21:45,12-10-2023 23:00
3681,442,69cc71ae506283df9ddbc57cdbf9a22e090ac05fcb9ba3d1c88445b6,SP reward for iUSD,09 October 2023,150255,10-01-2024 21:45,12-10-2023 23:00
3682,442,32ccbda6329e7a4eeb9c07b53d1b65e9b2c0816c637638070e4b8e22,SP reward for iUSD,09 October 2023,20790,10-01-2024 21:45,12-10-2023 23:00
3683,442,97bf01e140f1cd68d8f3e3fa882f1f10784d33847cbdd3562934fca0,SP reward for iUSD,09 October 2023,6866661,10-01-2024 21:45,12-10-2023 23:00
3684,442,2fa90762885118cf0d7de7ae738a15b63e6faef020101de74c581ffb,SP reward for iUSD,09 October 2023,1090629,10-01-2024 21:45,12-10-2023 23:00
3685,442,ed67c1814130e1843ff71ecceb55817834bc41071a996d3c3683ff07,SP reward for iUSD,09 October 2023,125429,10-01-2024 21:45,12-10-2023 23:00
3686,442,65486825d3effecd2864af2faf9252aca837c7a765deb51ed27ce39c,SP reward for iUSD,09 October 2023,47316,10-01-2024 21:45,12-10-2023 23:00
3687,442,a485b6436c9f49a331655fa1574405c3e9bb1ead65e84b91f28fe826,SP reward for iUSD,09 October 2023,23990440,10-01-2024 21:45,12-10-2023 23:00
3688,442,134772ad86746619dd39c1bcfd82c5cbec2872f3fbbae1c289e2c7c4,SP reward for iUSD,09 October 2023,18258,10-01-2024 21:45,12-10-2023 23:00
3689,442,28e6f2f013c597fb1c39699e5bb4c81671f48d77facd478638908785,SP reward for iUSD,09 October 2023,520833,10-01-2024 21:45,12-10-2023 23:00
3690,442,1afac53a4d1a00fdc5c19991c9ab585d92ed50cb9c71ba9c61a36106,SP reward for iUSD,09 October 2023,32883,10-01-2024 21:45,12-10-2023 23:00
3691,442,3da346f70a54cbb8b92754bca59a712f0fbdee9ec98a719610fc516d,SP reward for iUSD,09 October 2023,92247,10-01-2024 21:45,12-10-2023 23:00
3692,442,15f8cfb4da9cb42c4d6e84279d1b38591c14757ffdc34c84d1bcf18d,SP reward for iUSD,09 October 2023,462767,10-01-2024 21:45,12-10-2023 23:00
3693,442,a7793000be35ab0dd64570208d714684e292588d3067948d9cab4b62,SP reward for iUSD,09 October 2023,2256399,10-01-2024 21:45,12-10-2023 23:00
3694,442,dceb6f76062e47c7f0824460a7cead1eeb4f9d450f5af0d6fb9b4b07,SP reward for iUSD,09 October 2023,385071,10-01-2024 21:45,12-10-2023 23:00
3695,442,f94f3a43cb63e533445462c97e7234f2ea625b1927446f5b9ae7687e,SP reward for iUSD,09 October 2023,2280211,10-01-2024 21:45,12-10-2023 23:00
3696,442,f523a5f3501a8277b92972279f52a33a739695801150b40b93894095,SP reward for iUSD,09 October 2023,231324,10-01-2024 21:45,12-10-2023 23:00
3697,442,e464f30caf386f8e7e5c26271a2ec64ac5fe6225d60ba008143b26f8,SP reward for iUSD,09 October 2023,210572,10-01-2024 21:45,12-10-2023 23:00
3698,442,49c2c4f76f238563c5990a35705da21a365ec249e73a1f9bac2893a7,SP reward for iUSD,09 October 2023,2023121,10-01-2024 21:45,12-10-2023 23:00
3699,442,20e6fbd5dc1f0edd267fd7d81a4ee11caa622a2d9f0bf88f98bdec4f,SP reward for iUSD,09 October 2023,5155698,10-01-2024 21:45,12-10-2023 23:00
3700,442,566ee768618e6939c13d38bd4a6b23e2693713d7b7c32ee6f5ec327e,SP reward for iUSD,09 October 2023,259536,10-01-2024 21:45,12-10-2023 23:00
3701,442,463a5cf576b278f5b6ab89f7c531d77640d68b6984c5243b76eeafc7,SP reward for iUSD,09 October 2023,43235923,10-01-2024 21:45,12-10-2023 23:00
3702,442,1d78675c4c641307a6ee67c1632f84df8df0a86997fd07f1c2722d5b,SP reward for iUSD,09 October 2023,24271994,10-01-2024 21:45,12-10-2023 23:00
3703,442,31eec5d71937555a28119e20dadcbe20b67b367b2f31f21957466444,SP reward for iUSD,09 October 2023,1991368,10-01-2024 21:45,12-10-2023 23:00
3704,442,3068b11c69d8a302fc06eeafbf4925a5f538082cb460ee4fe572affb,SP reward for iUSD,09 October 2023,1152852,10-01-2024 21:45,12-10-2023 23:00
3705,442,9c27d064a05530a230fd70489e45395ffe983454d84321fe4e75f3f9,SP reward for iUSD,09 October 2023,200819,10-01-2024 21:45,12-10-2023 23:00
3706,442,790f75f1646bc1e3b0011ba02ba4aafdc814e628089b279c26496bfa,SP reward for iUSD,09 October 2023,77995,10-01-2024 21:45,12-10-2023 23:00
3707,442,e33786fcf09ced1747bbd86e3e123a529483cc477932d9f25c4b0d56,SP reward for iUSD,09 October 2023,20225,10-01-2024 21:45,12-10-2023 23:00
3708,442,ee5592e3bff712a914258c52f57873c0cfc73a7b2c25008fedbcdf9d,SP reward for iUSD,09 October 2023,657663,10-01-2024 21:45,12-10-2023 23:00
3709,442,58acdc666be0607f37ef7af4e459bff0d7e376987c21ef77e8e31f6d,SP reward for iUSD,09 October 2023,396654,10-01-2024 21:45,12-10-2023 23:00
3710,442,3106f6e4a4134df3c3b01a609be2569822f8d662843ad0c6b129ef57,SP reward for iUSD,09 October 2023,169019,10-01-2024 21:45,12-10-2023 23:00
3711,442,bd1facdfaebaaa1e6ad72fe8875efa4365dec911f322dd62e5cc1108,SP reward for iUSD,09 October 2023,1716277,10-01-2024 21:45,12-10-2023 23:00
3712,442,c480783df5b96cc1a051c2bbe8c96d842a2743c747f303c656613e19,SP reward for iUSD,09 October 2023,286946,10-01-2024 21:45,12-10-2023 23:00
3713,442,c89afc2da9175089b41172171fccd8eab4fab0a4c4576d3240e0e2a0,SP reward for iUSD,09 October 2023,382050,10-01-2024 21:45,12-10-2023 23:00
3714,442,b6756686f4eb2913773cd154afd06f721a1eeeb6dd84d37b099acb14,SP reward for iUSD,09 October 2023,253165,10-01-2024 21:45,12-10-2023 23:00
3715,442,7726c3a8c946ad37f87999b66a310d03022322dc54f1a1483b65caf7,SP reward for iUSD,09 October 2023,617646,10-01-2024 21:45,12-10-2023 23:00
3716,442,0a7bc8293ae50dd74ae399b261446abff238ea7c564ad52a52168e0b,SP reward for iUSD,09 October 2023,29618863,10-01-2024 21:45,12-10-2023 23:00
3717,442,356ab0d504a33050409178365d8033dfafdcb47f3c68c96db35ed1dc,SP reward for iUSD,09 October 2023,1451816,10-01-2024 21:45,12-10-2023 23:00
3718,442,34b9eb31c69076b836788f32cc4f00a21725cbccace3077105c00801,SP reward for iUSD,09 October 2023,153105,10-01-2024 21:45,12-10-2023 23:00
3719,442,38a6b071d8b300a0a8219cb49ae293024f466985a89f62d6188d0388,SP reward for iUSD,09 October 2023,343,10-01-2024 21:45,12-10-2023 23:00
3720,442,c3945d89b9f99ee385a09971bc4d7bdeedf5e6f809f8f72816ddd692,SP reward for iUSD,09 October 2023,301583,10-01-2024 21:45,12-10-2023 23:00
3721,442,bbd31c139830bdb621bc7f6eb3a95a2f1a9e338466cc28e67e0e9176,SP reward for iUSD,09 October 2023,202673,10-01-2024 21:45,12-10-2023 23:00
3722,442,f8eb5d7378d4d251f3bceece697da34c1d0948481df35d21627dc12e,SP reward for iUSD,09 October 2023,7658130,10-01-2024 21:45,12-10-2023 23:00
3723,442,2e36826d65aabaeb8de141a240ba66e04b5b95764abb00acbe9462f6,SP reward for iUSD,09 October 2023,1442391,10-01-2024 21:45,12-10-2023 23:00
3724,442,602b1ace1b71e19ed66c18aea5034eba1835fcd1f1af03ccdafccd8a,SP reward for iUSD,09 October 2023,2345711,10-01-2024 21:45,12-10-2023 23:00
3725,442,03957962e6d6b35f0c6198ab2869a543a2b940ced3c2ef5c1b067297,SP reward for iUSD,09 October 2023,2696929,10-01-2024 21:45,12-10-2023 23:00
3726,442,d8dc639f4acfae62f5542765643c3dbed62ff861834dbe3ffe374e2f,SP reward for iUSD,09 October 2023,191541,10-01-2024 21:45,12-10-2023 23:00
3727,442,477246487885da2080ac3ba82751d27a45e14f90175f8f358547939e,SP reward for iUSD,09 October 2023,5339895,10-01-2024 21:45,12-10-2023 23:00
3728,442,6362594e81cc4bf5946e14a30cf676df0db656ba14dadf367ab90167,SP reward for iUSD,09 October 2023,2291355,10-01-2024 21:45,12-10-2023 23:00
3729,442,b0d6004a93f5ebcbca3d9df0d90dd40d56118c2d092bf4073450c7cf,SP reward for iUSD,09 October 2023,55904,10-01-2024 21:45,12-10-2023 23:00
3730,442,675b807ea9db6ba3e0c36d27e7372ed6fbe458369582f43cc40d204b,SP reward for iUSD,09 October 2023,2312344,10-01-2024 21:45,12-10-2023 23:00
3731,442,c97315e414c9b15a013f216d0345e1669cfbdd86681ed6891e1eb33f,SP reward for iUSD,09 October 2023,1615964,10-01-2024 21:45,12-10-2023 23:00
3732,442,db54bcae18acd1d59a371bd68630025ea86c34496cd7a50f66941c8c,SP reward for iUSD,09 October 2023,357716,10-01-2024 21:45,12-10-2023 23:00
3733,442,57e92d3e09431522de9fc2d1a499f59e997484bb93eb418d77ca727d,SP reward for iUSD,09 October 2023,2629128,10-01-2024 21:45,12-10-2023 23:00
3734,442,8a116fd370e6f96a9c008b885423555af7b57a39644593768bd24ec9,SP reward for iUSD,09 October 2023,202017,10-01-2024 21:45,12-10-2023 23:00
3735,442,e3c282ec2d0472122cdab3e4c64988c7ea90154a2c3b0b3842b13812,SP reward for iUSD,09 October 2023,1289969,10-01-2024 21:45,12-10-2023 23:00
3736,442,15899010c8fcdb8ed1062e163dd8b6398c62e39192d0f1a3e28dd52e,SP reward for iUSD,09 October 2023,21834,10-01-2024 21:45,12-10-2023 23:00
3737,442,b9a88f9937812d62270598b7d72d15364271ece5276dac5636f3612a,SP reward for iUSD,09 October 2023,412547,10-01-2024 21:45,12-10-2023 23:00
3738,442,e60036e669f3f5eeb7b9eaa7634b5f6559b63f452c1c07b561dabdd6,SP reward for iUSD,09 October 2023,1213528,10-01-2024 21:45,12-10-2023 23:00
3739,442,06126a123250e0920b44678709da9d6d06d9edca5ecc7c532ac49aad,SP reward for iUSD,09 October 2023,6308546,10-01-2024 21:45,12-10-2023 23:00
3740,442,b1cf6e2d6f48b04ca81b5240c6863c43be3dde6202a121800a79efad,SP reward for iUSD,09 October 2023,112088,10-01-2024 21:45,12-10-2023 23:00
3741,442,84c9a45c5123c84cb6186adf1f103d3cb4793808002903cca2cbf9d3,SP reward for iUSD,09 October 2023,182564,10-01-2024 21:45,12-10-2023 23:00
3742,442,24f988ff2d6c698e40546682235b29ce08d28d58610087a8b51d4f7b,SP reward for iUSD,09 October 2023,105174,10-01-2024 21:45,12-10-2023 23:00
3743,442,37659fd936489ba08c0f7122f30d034594d20804392ba14cd2a6d362,SP reward for iUSD,09 October 2023,6020,10-01-2024 21:45,12-10-2023 23:00
3744,442,d815c1f4f8e6ea1b4dc012b9d6d48d8ca315c7cddc030c3c7bf780bf,SP reward for iUSD,09 October 2023,3022935,10-01-2024 21:45,12-10-2023 23:00
3745,442,3763f45c7d35bfe90ca08bf7715f3bb84347e80cb3ed92ee67367b1e,SP reward for iUSD,09 October 2023,708327,10-01-2024 21:45,12-10-2023 23:00
3746,442,1df63cc335e2a445f6966f645c3bf1150e8bea0bf025a17431df1b19,SP reward for iUSD,09 October 2023,1921644,10-01-2024 21:45,12-10-2023 23:00
3747,442,568b65fadfb32178198768d1bff91956f5dba957701ce300719237b4,SP reward for iUSD,09 October 2023,2715982,10-01-2024 21:45,12-10-2023 23:00
3748,442,9b5ca3c44c5b45ec37beb7dba0a3376e091d5d78dd13e3f5d6900701,SP reward for iUSD,09 October 2023,154999,10-01-2024 21:45,12-10-2023 23:00
3749,442,83f774ceadbc91b2bf50c6f36088196389100ad4145260fa555011b2,SP reward for iUSD,09 October 2023,32492125,10-01-2024 21:45,12-10-2023 23:00
3750,442,f9923c442169c78c8497d522bc88de59231aa0f68a45a7d70432fcf7,SP reward for iUSD,09 October 2023,204288,10-01-2024 21:45,12-10-2023 23:00
3751,442,fbef6731c54624c0a119298ccf1f1d4a764c8c8ca250c1a855e4cb98,SP reward for iUSD,09 October 2023,101487,10-01-2024 21:45,12-10-2023 23:00
3752,442,b6c8fe09bf3e01359bb5e52c84ff99fc767338874c39af9ae0a6ff61,SP reward for iUSD,09 October 2023,523028,10-01-2024 21:45,12-10-2023 23:00
3753,442,ff459cbd1daf01031d056e85b0495b66ae7167dca9cbfa0f6a77b73c,SP reward for iUSD,09 October 2023,7457,10-01-2024 21:45,12-10-2023 23:00
3754,442,d1e84ced90cffff9442cc47648e7e407a8fc75dbd8eda0c7940d0ba7,SP reward for iUSD,09 October 2023,8487800,10-01-2024 21:45,12-10-2023 23:00
3755,442,f90286cdbcbcace1a08c240643031a82a7e443d38affc318b3203340,SP reward for iUSD,09 October 2023,74773,10-01-2024 21:45,12-10-2023 23:00
3756,442,bac21d6e640bca31e1e2192d788000937e1aeebc73ffebf36f8e3f61,SP reward for iUSD,09 October 2023,2728479,10-01-2024 21:45,12-10-2023 23:00
3757,442,19b46b0b16bbbc3a6f7b67ddd2a5e21dbe1b3b232a9e02109c20350f,SP reward for iUSD,09 October 2023,4986306,10-01-2024 21:45,12-10-2023 23:00
3758,442,39877111400f9a79d24abcc719b82f76dfe94cdb01f2cc8108f6bc87,SP reward for iUSD,09 October 2023,165878,10-01-2024 21:45,12-10-2023 23:00
3759,442,793e0684fd2dfa7d12295503072537909790139c8f47c8d84a54a58a,SP reward for iUSD,09 October 2023,923222,10-01-2024 21:45,12-10-2023 23:00
3760,442,6a2c3a7d1e485d49c7efe91575984b72c9fdaf47da535a79cf8c455e,SP reward for iUSD,09 October 2023,881351,10-01-2024 21:45,12-10-2023 23:00
3761,442,62669c7b2fa3a398a172523e076ee963f74cf17345505391d2cbbe81,SP reward for iUSD,09 October 2023,5056523,10-01-2024 21:45,12-10-2023 23:00
3762,442,b11f12e256590d6f349702a08a9def66cbc7b490cba621d3a6b51f81,SP reward for iUSD,09 October 2023,35133609,10-01-2024 21:45,12-10-2023 23:00
3763,442,e1a8082c47e07a5033dac58e317d904b814c3a3d26d9abe1647274b7,SP reward for iUSD,09 October 2023,708101,10-01-2024 21:45,12-10-2023 23:00
3764,442,c3830b9a5c243a77b2326f19f0edcbdaf25b24d271c10effc510dd1e,SP reward for iUSD,09 October 2023,346625,10-01-2024 21:45,12-10-2023 23:00
3765,442,f0759375e806e0212efd939c5734c9894fd1f309d3da6471e068bdde,SP reward for iUSD,09 October 2023,3418996,10-01-2024 21:45,12-10-2023 23:00
3766,442,fc20e842413e9a330b9af6cfc94c587341c3d17171a0745bd7760c7b,SP reward for iUSD,09 October 2023,273669,10-01-2024 21:45,12-10-2023 23:00
3767,442,7d5b6a4c6a729bcc64f2d0fda08165edee4cbe08d27c3469d6310ab5,SP reward for iUSD,09 October 2023,2420724,10-01-2024 21:45,12-10-2023 23:00
3768,442,0f602b5d99125a213ff9978c6dfca3147a2daf71d7baa9807b6d395b,SP reward for iUSD,09 October 2023,59661,10-01-2024 21:45,12-10-2023 23:00
3769,442,2cecd0fd37e5687e134176c75bd4ce60bbe35b5d44f9f35831a6fc6b,SP reward for iUSD,09 October 2023,609492,10-01-2024 21:45,12-10-2023 23:00
3770,442,dc02a9a676d69f4e922c09f33317f719240fbb8b2e53993055b5bfa8,SP reward for iUSD,09 October 2023,46177,10-01-2024 21:45,12-10-2023 23:00
3771,442,50b984ca982d833e08f2bd2124164aef4193d86503cb484ecbeb1abc,SP reward for iUSD,09 October 2023,401922,10-01-2024 21:45,12-10-2023 23:00
3772,442,3440301225c582d0a5a6a0a5beec84e9589d670ed742b1cf94d7200c,SP reward for iUSD,09 October 2023,246255,10-01-2024 21:45,12-10-2023 23:00
3773,442,6529526c142d3ad732905661d94ccde0cb84f9c32b804a94c6f0d496,SP reward for iUSD,09 October 2023,21693,10-01-2024 21:45,12-10-2023 23:00
3774,442,16af0db2d287df23f43f80b06b04415537fd9b6408c1cb5894da1329,SP reward for iUSD,09 October 2023,3009068,10-01-2024 21:45,12-10-2023 23:00
3775,442,7502c5c924fda27047c2cdff8e5a3ebf823c8427387b674b12b0203d,SP reward for iUSD,09 October 2023,64211,10-01-2024 21:45,12-10-2023 23:00
3776,442,ebb991fd7a308e0c5801dea21c6f29c56a0a7f0718eaab26f17cfd71,SP reward for iUSD,09 October 2023,17346,10-01-2024 21:45,12-10-2023 23:00
3777,442,4fef1de46ca4dffc70cafbce94918dc9e28000d395411532f418a73d,SP reward for iUSD,09 October 2023,1239701,10-01-2024 21:45,12-10-2023 23:00
3778,442,18e4a3d3fcc5dee4b932b901795dd9f7e6ac57c448fca07e2f564029,SP reward for iUSD,09 October 2023,274830,10-01-2024 21:45,12-10-2023 23:00
3779,442,01f8201d8a816667a60991c48558305e0b2bafa074ff269a195b000b,SP reward for iUSD,09 October 2023,148068,10-01-2024 21:45,12-10-2023 23:00
3780,442,f28c3220c1ae8fc4846b5a19a3f967b01d23baf00eceb0a1d20798a4,SP reward for iUSD,09 October 2023,1408404,10-01-2024 21:45,12-10-2023 23:00
3781,442,f3130be9403c8d8e8ceb4803c8ebd09bca4bc858cc1a2f3d5df7df44,SP reward for iUSD,09 October 2023,1033498,10-01-2024 21:45,12-10-2023 23:00
3782,442,acbe358480fadcc61b45f05bb1a0ce24fac05c7ceb808b6426f19a32,SP reward for iUSD,09 October 2023,884143,10-01-2024 21:45,12-10-2023 23:00
3783,442,adbbc6153ee01f33a02b4e5d803dc50fb0c1085c9641ac1c69967038,SP reward for iUSD,09 October 2023,160404,10-01-2024 21:45,12-10-2023 23:00
3784,442,a753860cbfd3884ffd93ee7ae4762a618855a982c2bcff3da2623281,SP reward for iUSD,09 October 2023,40451,10-01-2024 21:45,12-10-2023 23:00
3785,442,eff15a8eee7dbe991d1c3779f3bd9c07e99324872ae6cc7dadd673c4,SP reward for iUSD,09 October 2023,615638,10-01-2024 21:45,12-10-2023 23:00
3786,442,ac2046ccb667a00d612e1d217598538ff8534c61a606aa5cea610b0e,SP reward for iUSD,09 October 2023,532080,10-01-2024 21:45,12-10-2023 23:00
3787,442,fd604bfce2089228bb84742efa2a90ad7f678753149f4949b376143f,SP reward for iUSD,09 October 2023,6847359,10-01-2024 21:45,12-10-2023 23:00
3788,442,5d6cf27ed5bb7540f7d6c438ca36abddf5d14e80c1296c53e8528428,SP reward for iUSD,09 October 2023,810748,10-01-2024 21:45,12-10-2023 23:00
3789,442,b13f6eedf1c86039db072fa86c1dcfdc43e2521cdd829816c4eeebfa,SP reward for iUSD,09 October 2023,651260,10-01-2024 21:45,12-10-2023 23:00
3790,442,4666d47f11e1b5bb0466790bd92e1ffc477a94229862fe75e2bac853,SP reward for iUSD,09 October 2023,1626539,10-01-2024 21:45,12-10-2023 23:00
3791,442,3e608b808ac2b73e56d957e5fd8cf54a8e3aba6cd767ea493d43c857,SP reward for iUSD,09 October 2023,330902,10-01-2024 21:45,12-10-2023 23:00
3792,442,0de7c3f3373ee0b1fa6291fddb92a9f4c95e4d641aa2a3d95ed3427f,SP reward for iUSD,09 October 2023,357529,10-01-2024 21:45,12-10-2023 23:00
3793,442,55ef464ca22cf92698284b40810e51777b3bbaece5007d513dd80d3d,SP reward for iUSD,09 October 2023,184113,10-01-2024 21:45,12-10-2023 23:00
3794,442,3c214daef68d919ae91cc5eb7447fc6d795b6019a6df4e3191028999,SP reward for iUSD,09 October 2023,1349842,10-01-2024 21:45,12-10-2023 23:00
3795,442,ac50c97a84362198cd8fde5a960e06f04f3599bc381042bdef7504c4,SP reward for iUSD,09 October 2023,5274246,10-01-2024 21:45,12-10-2023 23:00
3796,442,e045f130feb7516719cd65015be7c19c14472d8eb4ad366646b710b4,SP reward for iUSD,09 October 2023,121526,10-01-2024 21:45,12-10-2023 23:00
3797,442,bd7adeef28fe4dac020bd73ea7c095c9f634682f730d7ef6cd8d3a93,SP reward for iUSD,09 October 2023,81609,10-01-2024 21:45,12-10-2023 23:00
3798,442,c0a18966da2223d1debc23c3d6e0c6da5a98f8dd524afebad47606a8,SP reward for iUSD,09 October 2023,4719024,10-01-2024 21:45,12-10-2023 23:00
3799,442,d23af189dfd9dca942127a0859d3f9067f14a39da809165eea25ceea,SP reward for iUSD,09 October 2023,2172783,10-01-2024 21:45,12-10-2023 23:00
3800,442,80cd4da4e55a97f5c7f7e66de2162101e9725b2aa44aff4e6a4e1e33,SP reward for iUSD,09 October 2023,15181881,10-01-2024 21:45,12-10-2023 23:00
3801,442,512f425cedae5c11513155242686e5039b766c7ae798515b68a364e7,SP reward for iUSD,09 October 2023,3975199,10-01-2024 21:45,12-10-2023 23:00
3802,442,004bf5f83e7a21b3955d26b5d1c5b0384fdb1b04c4f86ab83bd380e0,SP reward for iUSD,09 October 2023,659885,10-01-2024 21:45,12-10-2023 23:00
3803,442,96623e8c15842d11060747474564901af30f1cc64ecceafcd118ae8f,SP reward for iUSD,09 October 2023,2497484,10-01-2024 21:45,12-10-2023 23:00
3804,442,b5fa924a6516810a8829c4a262f2a000b3d0e6650da99da8283ff7f2,SP reward for iUSD,09 October 2023,2160118,10-01-2024 21:45,12-10-2023 23:00
3805,442,a39926586271cd40910a9efa7a9bb2d6a53d7852b444ec240a99f0f9,SP reward for iUSD,09 October 2023,556988,10-01-2024 21:45,12-10-2023 23:00
3806,442,00f552d264a6ea476b3110914a7d22ae1b9dc63642bf28b8ab868370,SP reward for iUSD,09 October 2023,810082,10-01-2024 21:45,12-10-2023 23:00
3807,442,289a3c0892e0aeed1136e982f9c81ce4e7f4cddb43c271b8ed06022e,SP reward for iUSD,09 October 2023,3932144,10-01-2024 21:45,12-10-2023 23:00
3808,442,c791b0468b1d96791a8bfa48e1bf1b8896bed00f4b019fd2c74e3d45,SP reward for iUSD,09 October 2023,349720,10-01-2024 21:45,12-10-2023 23:00
3809,442,320e55778975e8adfa8f6c4f7122ce55e42352035ab0ce806652566c,SP reward for iUSD,09 October 2023,82425,10-01-2024 21:45,12-10-2023 23:00
3810,442,5446c91da475b225e7ce82798f89ec461f909b2d79d1abda178b5578,SP reward for iUSD,09 October 2023,2029900,10-01-2024 21:45,12-10-2023 23:00
3811,442,b8c95d9c879fe985c2a59cd6de2baeda050c5010e8eee6bb84c65be5,SP reward for iUSD,09 October 2023,24071,10-01-2024 21:45,12-10-2023 23:00
3812,442,093d90f3179c6ef978ad029694d305ec504508859a0370f81ff4b8e6,SP reward for iUSD,09 October 2023,4773716,10-01-2024 21:45,12-10-2023 23:00
3813,442,725fca12f5495b2d9c9be40376355bb56f673261a0c0fefcc0e83128,SP reward for iUSD,09 October 2023,1948994,10-01-2024 21:45,12-10-2023 23:00
3814,442,b08acb2a5e023f462f8bb88f048af578c5309cf48fcc4060fba31d67,SP reward for iUSD,09 October 2023,385213,10-01-2024 21:45,12-10-2023 23:00
3815,442,bed90820701ec88d79cb4536bc0f0d5d9eadea4038f704ea26aebd7b,SP reward for iUSD,09 October 2023,261619,10-01-2024 21:45,12-10-2023 23:00
3816,442,cb078d63d583cfe46b0b9a49c3987707adacd6e8b850fc1b5c299330,SP reward for iUSD,09 October 2023,183248,10-01-2024 21:45,12-10-2023 23:00
3817,442,3e73960a6b141b9fae4ce09bfd1edcb6c94e4f397cec014d5ba78d5a,SP reward for iUSD,09 October 2023,99168,10-01-2024 21:45,12-10-2023 23:00
3818,442,bf97ad99b5269c15e3726290f95f0fc0ec8dbada31183778548d9da0,SP reward for iUSD,09 October 2023,119,10-01-2024 21:45,12-10-2023 23:00
3819,442,a599571d436d6d4796f955247b1e358fa4275e063273d81dc5845a47,SP reward for iUSD,09 October 2023,321926,10-01-2024 21:45,12-10-2023 23:00
3820,442,c72d1e782124b7a5b2ddd16fcce4fb1909d968ae6540dc87e6dd63ae,SP reward for iUSD,09 October 2023,81326,10-01-2024 21:45,12-10-2023 23:00
3821,442,a2b3fc71aa466e489bef35c30ca8b4a9388f701ab0cd73c9c81a5409,SP reward for iUSD,09 October 2023,4965181,10-01-2024 21:45,12-10-2023 23:00
3822,442,29512c5afb810967ddccd68d0b66bdcd884b0a6d84cfb0c0fb5a1c89,SP reward for iUSD,09 October 2023,585403,10-01-2024 21:45,12-10-2023 23:00
3823,442,e57655e6fd41f82f6fd30e24ff080f774abe81f53acd6c9e7b2ed26f,SP reward for iUSD,09 October 2023,4316,10-01-2024 21:45,12-10-2023 23:00
3824,442,6a454ac65fe62709fb8b2f46b6ed76a6497997c2eb9cfd9b4de35940,SP reward for iUSD,09 October 2023,5762414,10-01-2024 21:45,12-10-2023 23:00
3825,442,344b062d324fb1d5c2604c5381acd0e0dc8eac7fe94613a1dd1c9ee5,SP reward for iUSD,09 October 2023,5341538,10-01-2024 21:45,12-10-2023 23:00
3826,442,6e4656048dfe8b0c4f754c0d409f5e186e2f4589f7ac9924fb6022b2,SP reward for iUSD,09 October 2023,28741272,10-01-2024 21:45,12-10-2023 23:00
3827,442,f2787e5a6b51190244f3acb36a6b9a248466f12f27ab702d9f197299,SP reward for iUSD,09 October 2023,13829363,10-01-2024 21:45,12-10-2023 23:00
3828,442,c26c7ab05aad4fc7c613886e5d59553b1289b6b349991bf7ae3a2771,SP reward for iUSD,09 October 2023,1037355,10-01-2024 21:45,12-10-2023 23:00
3829,442,5f72d303494a69c373f7274fdda564ac7701ce6a2aead2bbcf5922c7,SP reward for iUSD,09 October 2023,282566,10-01-2024 21:45,12-10-2023 23:00
3830,442,b853f02fc861b655e981baba6d5966f508073101756edc0a8acf015f,SP reward for iUSD,09 October 2023,4182605,10-01-2024 21:45,12-10-2023 23:00
3831,442,20f8b4934963ae0ba07830e3d41e2ed682f8b2a40d6a1d3934e00358,SP reward for iUSD,09 October 2023,531367,10-01-2024 21:45,12-10-2023 23:00
3832,442,356aa4fa03e001aafa876b3eff7ed8f2abd9bc2cb3533de1432ebd07,SP reward for iUSD,09 October 2023,3943999,10-01-2024 21:45,12-10-2023 23:00
3833,442,06c41cc6030933d2dc73d3a4c7c929b7e1c75c7d5b1429ff7e16c950,SP reward for iUSD,09 October 2023,154069,10-01-2024 21:45,12-10-2023 23:00
3834,442,e73f8221818a9210e967ecb08660f46173cbf8e00e4abc582d751bcd,SP reward for iUSD,09 October 2023,131972,10-01-2024 21:45,12-10-2023 23:00
3835,442,0c879d816213df21eea5927738fb62a99c6c3d83b0ddf741a6cbffd5,SP reward for iUSD,09 October 2023,61183,10-01-2024 21:45,12-10-2023 23:00
3836,442,9cd08cc76ae69ff518811af8d0a51a88d43a4c657a0c04e9224cc8cb,SP reward for iUSD,09 October 2023,229090,10-01-2024 21:45,12-10-2023 23:00
3837,442,e2bb2644330629dff10fd78d7117ced090e0dd84edcab0dba9428825,SP reward for iUSD,09 October 2023,341310,10-01-2024 21:45,12-10-2023 23:00
3838,442,16715d026650c3515527dd5417e77b80705d6fe5bd257aab4281ee88,SP reward for iUSD,09 October 2023,243588,10-01-2024 21:45,12-10-2023 23:00
3839,442,e30fca4c9c548c925fe71b35bd611143d6c305a5ce0ab3d4dc89e483,SP reward for iUSD,09 October 2023,145666,10-01-2024 21:45,12-10-2023 23:00
3840,442,1c17a2b47f85fbfb39d92c74636c3febf1c4171c923fcb69f1d9cc15,SP reward for iUSD,09 October 2023,13519816,10-01-2024 21:45,12-10-2023 23:00
3841,442,be552efef0ae24a7f47968faea2c71fe28a7b64a31469cfde8731017,SP reward for iUSD,09 October 2023,370880,10-01-2024 21:45,12-10-2023 23:00
3842,442,f4d029318884e0eceb39b4c16f3f98392e50e51b7321a090a3281a63,SP reward for iUSD,09 October 2023,920511,10-01-2024 21:45,12-10-2023 23:00
3843,442,a75b85adb72818fe321fa0338f5a48f5e52b2d8dfe28ac947e692fca,SP reward for iUSD,09 October 2023,2050768,10-01-2024 21:45,12-10-2023 23:00
3844,442,ff935aa9517ed6dbb666d91a00c0172972ac4f6de32420c025a23e37,SP reward for iUSD,09 October 2023,318281606,10-01-2024 21:45,12-10-2023 23:00
3845,442,cb1f173c0e4e3624f51a0b1c2706174478d1cda344a04a9fb9224b1c,SP reward for iUSD,09 October 2023,6706533,10-01-2024 21:45,12-10-2023 23:00
3846,442,e59513fe36ef7f5a94ef7c7dde91d74f3d7a1e30d34fbdf00fb1ff51,SP reward for iUSD,09 October 2023,9526475,10-01-2024 21:45,12-10-2023 23:00
3847,442,8d727e5efe8b4f92eec8dc33c48f000e3c6a310b8c7931468eef5695,SP reward for iUSD,09 October 2023,8139,10-01-2024 21:45,12-10-2023 23:00
3848,442,5834339402f6bd810d57a87203feb467b602289e6cdce6d204216ce2,SP reward for iUSD,09 October 2023,320869,10-01-2024 21:45,12-10-2023 23:00
3849,442,e67cc70986bb4859cda7576c229bb9ae82e41ff0f203f5bb52741364,SP reward for iUSD,09 October 2023,3762184,10-01-2024 21:45,12-10-2023 23:00
3850,442,ac7c9aa9dcf6170c1c1bbd03ca3d73d28aae0faa179aed78b2f57e0c,SP reward for iUSD,09 October 2023,4771396,10-01-2024 21:45,12-10-2023 23:00
3851,442,c03296235e1dc8ce38f8081530a426f6c14e0a1d50beef76c99c5b7e,SP reward for iUSD,09 October 2023,6067816,10-01-2024 21:45,12-10-2023 23:00
3852,442,54f8269df233658b118fa1e8733a1a87d080a4fa52f9fcdfb6f792c5,SP reward for iUSD,09 October 2023,4958335,10-01-2024 21:45,12-10-2023 23:00
3853,442,15b1c955c67f473e448f7a4cd7bc5ffeff8d8bf29a3ab67677b28166,SP reward for iUSD,09 October 2023,4684613,10-01-2024 21:45,12-10-2023 23:00
3854,442,c83c13c91af421b95b9187ac7dd6aef77250ba8717f172cc1225835d,SP reward for iUSD,09 October 2023,11830718,10-01-2024 21:45,12-10-2023 23:00
3855,442,78774ad9d2f51203d1174cd8aba30079bfdf9167a1cef196cb3f1591,SP reward for iUSD,09 October 2023,11434090,10-01-2024 21:45,12-10-2023 23:00
3856,442,bd0e265030bc20473b5439118a11afdfcd1f68b726312d2f0878a695,SP reward for iUSD,09 October 2023,1690622,10-01-2024 21:45,12-10-2023 23:00
3857,442,4cdab7ea3cade7fb97f1439fe55d27d1a460b4e62b8a092cf72fd94f,SP reward for iUSD,09 October 2023,2551805,10-01-2024 21:45,12-10-2023 23:00
3858,442,1481f185759f8a258cfa7eff8c2dbf98e999cd0f989b6277d3128f7e,SP reward for iUSD,09 October 2023,279935,10-01-2024 21:45,12-10-2023 23:00
3859,442,6dd90c50b0f1fd4ae1572055e46891b05022b475a29d0d78802ddecb,SP reward for iUSD,09 October 2023,17876685,10-01-2024 21:45,12-10-2023 23:00
3860,442,8792ebecb003fca8841e4209dea309bb7e13dbec3ea086585bfe7a8f,SP reward for iUSD,09 October 2023,1507971,10-01-2024 21:45,12-10-2023 23:00
3861,442,7bdd0506ab1adc6beaadc78e64b18d9c9773d0a67a79e788f83c7d7c,SP reward for iUSD,09 October 2023,186092,10-01-2024 21:45,12-10-2023 23:00
3862,442,eb399c4149c7004a187d460e10d8e524215b9b39e600560ce8f42806,SP reward for iUSD,09 October 2023,409744,10-01-2024 21:45,12-10-2023 23:00
3863,442,788c8c4c496ee4e6f0c1afcf6f69e70ca54eac58e5bec216100c3c2c,SP reward for iUSD,09 October 2023,10509652,10-01-2024 21:45,12-10-2023 23:00
3864,442,72a5906a5f5265ec69132dccdf9ca9575c707ae00afa2c04edff9420,SP reward for iUSD,09 October 2023,350608,10-01-2024 21:45,12-10-2023 23:00
3865,442,534fb6cb7e3918799eb0d5eb8e8b46cf921a8b7f53349808c14a7c45,SP reward for iUSD,09 October 2023,1045186,10-01-2024 21:45,12-10-2023 23:00
3866,442,c590affd526db47b19bcb411793bba5d639c1f5885fafc47838cd22e,SP reward for iUSD,09 October 2023,61150,10-01-2024 21:45,12-10-2023 23:00
3867,442,22778de05c70977723ea69a0ba94506ab39b2cc9e76b8f47e69c260a,SP reward for iUSD,09 October 2023,2901594,10-01-2024 21:45,12-10-2023 23:00
3868,442,3491b29d4e106d7ab7f964cdc2dcb1702ad1167958c7627d08e538b7,SP reward for iUSD,09 October 2023,11360,10-01-2024 21:45,12-10-2023 23:00
3869,442,0937ceb93300c18f55c5fa769aca62b3351eff447ce774ce48917074,SP reward for iUSD,09 October 2023,86984,10-01-2024 21:45,12-10-2023 23:00
3870,442,ba09c8e4dbf16e2a30135173b2d4cff506adcc55110cb5279f7f606f,SP reward for iUSD,09 October 2023,111336,10-01-2024 21:45,12-10-2023 23:00
3871,442,18bb77afff9a31c784156be903ecc9e454ca741847a5970b1fbb848a,SP reward for iUSD,09 October 2023,606764,10-01-2024 21:45,12-10-2023 23:00
3872,442,38f0144422fa44ab4880fe15fbf9056968ea7abe89c7e5a07b347f61,SP reward for iUSD,09 October 2023,258806,10-01-2024 21:45,12-10-2023 23:00
3873,442,07c59e348504d75a47aa875c80c5f7c537f4153637fb942f8f21f7e4,SP reward for iUSD,09 October 2023,105719,10-01-2024 21:45,12-10-2023 23:00
3874,442,2b651b38935e59a8d891f5201514253c9763e2da2a246462dc25cc98,SP reward for iUSD,09 October 2023,530189,10-01-2024 21:45,12-10-2023 23:00
3875,442,09ade3dcf55b892702acbac162b2e04fe41a747b70c505fd141ad07e,SP reward for iUSD,09 October 2023,432913,10-01-2024 21:45,12-10-2023 23:00
3876,442,b5e29b13b00ba8a4b4e60c434ac0b462f3dabfbc3be5ab7bfb81450d,SP reward for iUSD,09 October 2023,204251,10-01-2024 21:45,12-10-2023 23:00
3877,442,7d5258011fecab08aae5aebab8b28abbe2d0667777ba836007a62f80,SP reward for iUSD,09 October 2023,9925300,10-01-2024 21:45,12-10-2023 23:00
3878,442,804812f6f6bfe1c64c605f45d33cf18ddd77baca1a269796b4e318fa,SP reward for iUSD,09 October 2023,0,10-01-2024 21:45,12-10-2023 23:00
3879,442,97abddf0ccc26df60a24679fe7080de9ead18fa0d973a115ce072ca8,SP reward for iUSD,09 October 2023,1263375,10-01-2024 21:45,12-10-2023 23:00
3880,442,ca0f77040a2b74ee79cb3a2c8046083e364c853648d64885a75ae35e,SP reward for iUSD,09 October 2023,11725,10-01-2024 21:45,12-10-2023 23:00
3881,442,4ffd983ef901bb1e55290fc75d3fc487fa5b5dce965ec6ecc9380d8e,SP reward for iUSD,09 October 2023,520105,10-01-2024 21:45,12-10-2023 23:00
3882,442,b7cb900c5e8740430eb0b9aca279498d523fb6da96c2bf3ac424ea2f,SP reward for iUSD,09 October 2023,224658,10-01-2024 21:45,12-10-2023 23:00
3883,442,731f87d5ee7275023a1a2e34e209e32844edf304e4f34ad54ace3ec9,SP reward for iUSD,09 October 2023,8565441,10-01-2024 21:45,12-10-2023 23:00
3884,442,8d9f07138fbec27a505c2800f79653639a09487e702622bc52bc7ac4,SP reward for iUSD,09 October 2023,83178,10-01-2024 21:45,12-10-2023 23:00
3885,442,3fa947e323dbb04a99340158948804eab323afdc3bd5cf37e28f90f2,SP reward for iUSD,09 October 2023,267077229,10-01-2024 21:45,12-10-2023 23:00
3886,442,3afa612c1bef384caa2dfa6c02a2b90515ea5daaaaafbf63421a4288,SP reward for iUSD,09 October 2023,1107627,10-01-2024 21:45,12-10-2023 23:00
3887,442,ddef66ce8b077adb0fba93f624cc313017ce71831268f1b77c56d4bb,SP reward for iUSD,09 October 2023,4850868,10-01-2024 21:45,12-10-2023 23:00
3888,442,7d2f89e8109a3d667ec7c3434e33d59cab1f194e93cec686e132154a,SP reward for iUSD,09 October 2023,50686680,10-01-2024 21:45,12-10-2023 23:00
3889,442,0211d6442d3174f57a65754564de7e85bba87230a5be71f4918dd0de,SP reward for iUSD,09 October 2023,323325,10-01-2024 21:45,12-10-2023 23:00
3890,442,284839fc9946e6331dada95c3f7c14e995b738b0e580d8079c50bac1,SP reward for iUSD,09 October 2023,2190,10-01-2024 21:45,12-10-2023 23:00
3891,442,72c9e78affd169b3c516b8c8c4c453135ce82c3d931655e39466e5f4,SP reward for iUSD,09 October 2023,116651,10-01-2024 21:45,12-10-2023 23:00
3892,442,eec262031b5b78bd61e1f5aaeb37110ab6599407ab82682ad1798d21,SP reward for iUSD,09 October 2023,612696,10-01-2024 21:45,12-10-2023 23:00
3893,442,cf59324e35572473a1c164ace3b16a04c1893f82aae9557abe429d89,SP reward for iUSD,09 October 2023,435169,10-01-2024 21:45,12-10-2023 23:00
3894,442,a199d2ec461153020ee18bbdfe5e4e3a2c9778bc4d265ef7dc64a6b8,SP reward for iUSD,09 October 2023,501143,10-01-2024 21:45,12-10-2023 23:00
3895,442,9b314b76487603dec62a43cfeea584dae73cd42e7f83871495974fdb,SP reward for iUSD,09 October 2023,166594,10-01-2024 21:45,12-10-2023 23:00
3896,442,6f51c66d3a29c2d5f030cfb8e21376e24c1cf22150ac86f5bc9c9ba2,SP reward for iUSD,09 October 2023,1682774,10-01-2024 21:45,12-10-2023 23:00
3897,442,b17f5c642012ab04e7a5be4be1874ac440a47a833a9f7b51068725a8,SP reward for iUSD,09 October 2023,66654,10-01-2024 21:45,12-10-2023 23:00
3898,442,742e13aeb9130597e75cb1e4201368884b223a027760b1614ddcd514,SP reward for iUSD,09 October 2023,165945,10-01-2024 21:45,12-10-2023 23:00
3899,442,7346e0ad8dce5c04702ca60dd0d4526e2df5d483f1761718ee53aad5,SP reward for iUSD,09 October 2023,165979,10-01-2024 21:45,12-10-2023 23:00
3900,442,abd768ffa460e4578bd7a72296552532e2e463ac8727396b752aeef9,SP reward for iUSD,09 October 2023,435685,10-01-2024 21:45,12-10-2023 23:00
3901,442,fc55c89d46d1d91ae22800425a8b9a02b75ab9ec6a1b5eec94da8643,SP reward for iUSD,09 October 2023,27577,10-01-2024 21:45,12-10-2023 23:00
3902,442,cadfdb0549c45784f9a15dc15dc655dd67e6e256a544835945d36116,SP reward for iUSD,09 October 2023,99598,10-01-2024 21:45,12-10-2023 23:00
3903,442,6c2969be3ba190cae7a10d817dbdc74a6c2a1a897607151d4f1d41b6,SP reward for iUSD,09 October 2023,26456,10-01-2024 21:45,12-10-2023 23:00
3904,442,213a6315a3adfd1ec92b7975944a66e033cafbc8af03c734093cdaec,SP reward for iUSD,09 October 2023,13505995,10-01-2024 21:45,12-10-2023 23:00
3905,442,d0ec8085d919d5923b24bc9f6ec992581a58fcca9e552c5a65ba6699,SP reward for iUSD,09 October 2023,2759560,10-01-2024 21:45,12-10-2023 23:00
3906,442,bee0a1dd013242217879e8ef07ef28d22dad8ef7022d14f2353109d2,SP reward for iUSD,09 October 2023,57807,10-01-2024 21:45,12-10-2023 23:00
3907,442,b01f0c44e67df1b4b6554d0e86a6b3d2529cdabb099bb8cba9af32f9,SP reward for iUSD,09 October 2023,4842203,10-01-2024 21:45,12-10-2023 23:00
3908,442,4cb2eb343a9f29be1c2550732c532cf3d2a846cce4b12691379bdc70,SP reward for iUSD,09 October 2023,19441,10-01-2024 21:45,12-10-2023 23:00
3909,442,c327beebd731f0bb58b05726c2730c899b4153536cf1d329abf24400,SP reward for iUSD,09 October 2023,1223112,10-01-2024 21:45,12-10-2023 23:00
3910,442,f7ed694b5400755f16abd854b61b1229087d37ebc1560ca5237290e9,SP reward for iUSD,09 October 2023,136074,10-01-2024 21:45,12-10-2023 23:00
3911,442,ba37698916d66971b377b10f0c6a0f267b7d7b0db565d3a27267c2b8,SP reward for iUSD,09 October 2023,704541,10-01-2024 21:45,12-10-2023 23:00
3912,442,00023775abacb7c31af161e5d0faebd84067299748396171df0a4143,SP reward for iUSD,09 October 2023,592331,10-01-2024 21:45,12-10-2023 23:00
3913,442,dbd9c61554e7f039b6d4eeaa12977fd06872e65ee8b7069c967c8ead,SP reward for iUSD,09 October 2023,76944,10-01-2024 21:45,12-10-2023 23:00
3914,442,ac0aef286f1f60dd4f08fe7ca834192eb1eeeb7995b77c8d37f16cc0,SP reward for iUSD,09 October 2023,89873,10-01-2024 21:45,12-10-2023 23:00
3915,442,d60e724de921571ec9a732fad7ec0673fb9665e2b41040cfc8193289,SP reward for iUSD,09 October 2023,715632,10-01-2024 21:45,12-10-2023 23:00
3916,442,d28984c713366768ef92d78cdf6375539bc637d329226151e915c315,SP reward for iUSD,09 October 2023,5369,10-01-2024 21:45,12-10-2023 23:00
3917,442,39c9cbc0d355ef4b7d5338c0279c3c8cb299f08ba70a62222116b638,SP reward for iUSD,09 October 2023,982,10-01-2024 21:45,12-10-2023 23:00
3918,442,35f31e0e99aa11179513402c64432bf50299e9a87276e8acd9fe765a,SP reward for iUSD,09 October 2023,2023626,10-01-2024 21:45,12-10-2023 23:00
3919,442,63aade055d90301cd816870ee5a3c9fc67d769274b8633e7a7893f05,SP reward for iUSD,09 October 2023,3939852,10-01-2024 21:45,12-10-2023 23:00
3920,442,9cffd98682b61f22ad13b19130b79edf9efba37b87b1bb216786bb22,SP reward for iUSD,09 October 2023,342007,10-01-2024 21:45,12-10-2023 23:00
3921,442,939599008b9c90675392a3352031aa45ab10e13d3d3ee551560cb222,SP reward for iUSD,09 October 2023,104145,10-01-2024 21:45,12-10-2023 23:00
3922,442,a21b4bac0ec5723e223e741f675761f2c57c67be59ad3ce0e04ea732,SP reward for iUSD,09 October 2023,14158203,10-01-2024 21:45,12-10-2023 23:00
3923,442,0bb67baf3148157625daeb00d942466bc473a3ff85dd49afa7658f89,SP reward for iUSD,09 October 2023,4045093,10-01-2024 21:45,12-10-2023 23:00
3924,442,0b1db916e7560c61e187d688e00f936a0730a88d1049e89f4ece9e9a,SP reward for iUSD,09 October 2023,1812428,10-01-2024 21:45,12-10-2023 23:00
3925,442,45abdcb44b0185fd8070fddfb5bcfdde6dacb8c0a51a77aa9a00bff1,SP reward for iUSD,09 October 2023,287855,10-01-2024 21:45,12-10-2023 23:00
3926,442,9fc0aa81aa9df42604e00ff8d2d2f9de39a47b2a3f82a4bde0e9a18f,SP reward for iUSD,09 October 2023,1518257,10-01-2024 21:45,12-10-2023 23:00
3927,442,4c80764f5b682045f12a83303d017d4dbe90f09f76b2108a5c44ae54,SP reward for iUSD,09 October 2023,227347,10-01-2024 21:45,12-10-2023 23:00
3928,442,7328ab6d917830c7db07347e34d628bd76421d260b9064231a34955e,SP reward for iUSD,09 October 2023,40579,10-01-2024 21:45,12-10-2023 23:00
3929,442,15463608644619930e85359a450203791e94e59274cdd04115529ca1,SP reward for iUSD,09 October 2023,415126,10-01-2024 21:45,12-10-2023 23:00
3930,442,741934bd37c4397abd4a082de2246e631b9e217eda5e0fc2d49f962e,SP reward for iUSD,09 October 2023,5721893,10-01-2024 21:45,12-10-2023 23:00
3931,442,718607c6f9f1e8594a276ef720e9700b9a3c8ef74994c63ea81a8a48,SP reward for iUSD,09 October 2023,12216763,10-01-2024 21:45,12-10-2023 23:00
3932,442,78286944b6758ecbd9179c981466d8a007296b1e09fc3cf53add1fd8,SP reward for iUSD,09 October 2023,57,10-01-2024 21:45,12-10-2023 23:00
3933,442,add22687547b52ee682e6d576776af097ef9374ecce09681b9b43715,SP reward for iUSD,09 October 2023,1670172,10-01-2024 21:45,12-10-2023 23:00
3934,442,f900131a6e5bcf3de88bfa2d0399806c5f3b11d7f5318bb0c8caa560,SP reward for iUSD,09 October 2023,6067640,10-01-2024 21:45,12-10-2023 23:00
3935,442,d50c73e053e8b346e743d4fed861c4d41ef1fbef7be51b945c07626d,SP reward for iUSD,09 October 2023,12944,10-01-2024 21:45,12-10-2023 23:00
3936,442,ec3543779054d04588489cf33d9ec5889566af60493f4cbc45a06b20,SP reward for iUSD,09 October 2023,212802,10-01-2024 21:45,12-10-2023 23:00
3937,442,824f1b5399d6885e6330925fcba1472da21731a3d9f33802dd308f7f,SP reward for iUSD,09 October 2023,1537151,10-01-2024 21:45,12-10-2023 23:00
3938,442,1c5c66accafe1e7b1d68e2a98c71a638f0b11c1b453cfae08bcc9d44,SP reward for iUSD,09 October 2023,1971123,10-01-2024 21:45,12-10-2023 23:00
3939,442,b373312847450184a46f876faa486f624c049338c180197e1f582109,SP reward for iUSD,09 October 2023,798706,10-01-2024 21:45,12-10-2023 23:00
3940,442,3fbdca8a85a77bb7448f2aed7fc255737afce334c27beb34abea0f98,SP reward for iUSD,09 October 2023,8748683,10-01-2024 21:45,12-10-2023 23:00
3941,442,da5777317d38da5dd141983fcca79dabf42358f94571a700f362b2e3,SP reward for iUSD,09 October 2023,52121,10-01-2024 21:45,12-10-2023 23:00
3942,442,34681117b76a59dfe3be7ee5477d224c819cf365c3f533eb2b1f9518,SP reward for iUSD,09 October 2023,32350,10-01-2024 21:45,12-10-2023 23:00
3943,442,1fb1c72ebf96a6768fae696c153566f58d9e115accc56b2fb34d1e8a,SP reward for iUSD,09 October 2023,196182,10-01-2024 21:45,12-10-2023 23:00
3944,442,311581cc43e3438d6a4ab9010493ac484e2c6fbc602bc9a974b28905,SP reward for iUSD,09 October 2023,25331331,10-01-2024 21:45,12-10-2023 23:00
3945,442,ecdd6a81ee434c3d773a0b6b27d426b3d86ee4f8edbb4016e5a6883d,SP reward for iUSD,09 October 2023,44938,10-01-2024 21:45,12-10-2023 23:00
3946,442,112a2e39403b4c465eba58266531b82db8c7950ebae17b0aed8a6d88,SP reward for iUSD,09 October 2023,1313123,10-01-2024 21:45,12-10-2023 23:00
3947,442,36f4acc790ade8685561ee452d290cddfaae730872d02a25fd4d65cc,SP reward for iUSD,09 October 2023,27441,10-01-2024 21:45,12-10-2023 23:00
3948,442,4a327222227863b7a44a7d9ef1e8148060bf75334ea1015e18617e17,SP reward for iUSD,09 October 2023,163146,10-01-2024 21:45,12-10-2023 23:00
3949,442,ad397033e75060b31ecb2d07be8b315c9c27ec739aa7779703d70a6f,SP reward for iUSD,09 October 2023,233591,10-01-2024 21:45,12-10-2023 23:00
3950,442,b1f361d9b52c1685ae487c85a5e85581681b7955a1690aaf8f8f859e,SP reward for iUSD,09 October 2023,8777088,10-01-2024 21:45,12-10-2023 23:00
3951,442,6c8ecb2a0a26b86449201ea03fe11aeefc109c8e5e1d650779c01b7c,SP reward for iUSD,09 October 2023,199448,10-01-2024 21:45,12-10-2023 23:00
3952,442,2c1ef015c1c1f7ebd56316e4f1e06504b9c2fe0542b70c2651235b5f,SP reward for iUSD,09 October 2023,5460883,10-01-2024 21:45,12-10-2023 23:00
3953,442,d9c22f53b65de245d53960e0ebc869bcce325869e0474dbac405ce2a,SP reward for iUSD,09 October 2023,5460976,10-01-2024 21:45,12-10-2023 23:00
3954,442,c1ca0e406c026b2c5bea93a87adcdb47d35ff84fa11aad36bf508bdb,SP reward for iUSD,09 October 2023,5460936,10-01-2024 21:45,12-10-2023 23:00
3955,442,f704a30ed24b42848a7f70f6deac1c07abb2ea48d7945f9a42e0ad57,SP reward for iUSD,09 October 2023,5460998,10-01-2024 21:45,12-10-2023 23:00
3956,442,6a533d3d8b24b11eb758e2ffc8fc95fed6a5bde46e2f504d72526c21,SP reward for iUSD,09 October 2023,167487868,10-01-2024 21:45,12-10-2023 23:00
3957,442,9cdf11e9f7832510865cf609be23fce37c331324a087d334801d435d,SP reward for iUSD,09 October 2023,120159,10-01-2024 21:45,12-10-2023 23:00
3958,442,3d1a58cebecdb0438ecfca3282dae61aa698c1e04023c0901802aa07,SP reward for iUSD,09 October 2023,9569210,10-01-2024 21:45,12-10-2023 23:00
3959,442,25f72ed81edb52dae35faab76d1b7c204e8c6d6883595945ba813405,SP reward for iUSD,09 October 2023,995381,10-01-2024 21:45,12-10-2023 23:00
3960,442,56f9881cc7b8f0499c7484239db1487686d0a50a99966e0cc207b4b9,SP reward for iUSD,09 October 2023,246907,10-01-2024 21:45,12-10-2023 23:00
3961,442,d399a98b14f6eee4454a0b840974ac6a305258a268bef3241822b2a1,SP reward for iUSD,09 October 2023,103723,10-01-2024 21:45,12-10-2023 23:00
3962,442,0e6cdb5fa7bf493d9ed69f78d665fce1444b9ab01581708f065883a8,SP reward for iUSD,09 October 2023,4855913,10-01-2024 21:45,12-10-2023 23:00
3963,442,13b074156634e2289f02e34616d97b9aad91069a43173660645f4f04,SP reward for iUSD,09 October 2023,7853,10-01-2024 21:45,12-10-2023 23:00
3964,442,5bdd4037f2764926f4dd31d36b409f8e8bcaa81bf28557e1ff770a77,SP reward for iUSD,09 October 2023,324920,10-01-2024 21:45,12-10-2023 23:00
3965,442,cdfe95c99540a11b593c69e1426a76245c3d76ed3b905a09aa8d011a,SP reward for iUSD,09 October 2023,3047011,10-01-2024 21:45,12-10-2023 23:00
3966,442,b52cb42a74956b4f7e0ab073697063b5747dee86d66492ab392aa4bf,SP reward for iUSD,09 October 2023,119198,10-01-2024 21:45,12-10-2023 23:00
3967,442,1344c6719d8058b88f756f2ee293581dab8214b388113a46e95cb2e8,SP reward for iUSD,09 October 2023,40455,10-01-2024 21:45,12-10-2023 23:00
3968,442,d38b26fb9b460883ad49b8be8efae6a39413a4cf65ca3a84b6a14f65,SP reward for iUSD,09 October 2023,2638478,10-01-2024 21:45,12-10-2023 23:00
3969,442,92f06e24bbb228d53258680895e44237dfe20aaea32e957011ee14f7,SP reward for iUSD,09 October 2023,180944,10-01-2024 21:45,12-10-2023 23:00
3970,442,0fcd5515a7c42ff375fbe24915bf94140f3ae6559957291e2fc8cb98,SP reward for iUSD,09 October 2023,643171,10-01-2024 21:45,12-10-2023 23:00
3971,442,e105290df587390be33d256392f378bfd7709dca5c16de6ff1958de1,SP reward for iUSD,09 October 2023,273,10-01-2024 21:45,12-10-2023 23:00
3972,442,418be7cbf9d37e1ed38d316e3f1f21a33cd6733ebd7457145447a830,SP reward for iUSD,09 October 2023,3574072,10-01-2024 21:45,12-10-2023 23:00
3973,442,bd96fe20f8f49764a9bf949244b85abf65f8e99cd523619b535e4b96,SP reward for iUSD,09 October 2023,1572363,10-01-2024 21:45,12-10-2023 23:00
3974,442,2663f0e32ebd95e4ec3ed063b659ade8a2a963b9a1aa7baa3307f9f6,SP reward for iUSD,09 October 2023,4987771,10-01-2024 21:45,12-10-2023 23:00
3975,442,d171c764b68e3006a17366dbbd2b5b1d1641e584991c8524ac72458f,SP reward for iUSD,09 October 2023,830514,10-01-2024 21:45,12-10-2023 23:00
3976,442,3c3d75ff35d353865c8f20c885325cf161c155252484fa9e87c330aa,SP reward for iUSD,09 October 2023,40639,10-01-2024 21:45,12-10-2023 23:00
3977,442,8351381f3d57006ab1ad26a61f27eb351978dfb81900f26c6c09ae9c,SP reward for iUSD,09 October 2023,21459048,10-01-2024 21:45,12-10-2023 23:00
3978,442,a843952052121af4fbe1030d1f04efc1e600e34c01c56f48ac6c7dda,SP reward for iUSD,09 October 2023,117556,10-01-2024 21:45,12-10-2023 23:00
3979,442,e292dc90457553865ecf16f586d72185fe4ef1afb2dc708f7099e4dd,SP reward for iUSD,09 October 2023,550546,10-01-2024 21:45,12-10-2023 23:00
3980,442,72b2ee7e7da3d21829fc9e4ef5cb12279c153c3698c60c1d756e3802,SP reward for iUSD,09 October 2023,108555,10-01-2024 21:45,12-10-2023 23:00
3981,442,2b4aa51896041c905eac490447f886afe8eb67f3b05b1000ce976cb8,SP reward for iUSD,09 October 2023,8734720,10-01-2024 21:45,12-10-2023 23:00
3982,442,384e4f4c87a5bd3dd8d09c1a1c6338326c83a6a2269c1c184402d6f2,SP reward for iUSD,09 October 2023,14619843,10-01-2024 21:45,12-10-2023 23:00
3983,442,9a2468984f0481f9e23b7537207c3f5ebee0803e8cd93be6e89b18da,SP reward for iUSD,09 October 2023,2063232,10-01-2024 21:45,12-10-2023 23:00
3984,442,df4963de19f6c6e078c717c629a8f6c2f76288212972bd31a8506cf1,SP reward for iUSD,09 October 2023,121445527,10-01-2024 21:45,12-10-2023 23:00
3985,442,8e253a76b29eb45b7574793772261b6bcfb20df13aa0a71708db9025,SP reward for iUSD,09 October 2023,3236407,10-01-2024 21:45,12-10-2023 23:00
3986,442,b5da9e118db3222b3e37d8a6efff50f8ea09c66841a73d89a4e800d8,SP reward for iUSD,09 October 2023,27206045,10-01-2024 21:45,12-10-2023 23:00
3987,442,4d5da618c7b48388366354c11d5e897d2449b087b523fd083fa0970f,SP reward for iUSD,09 October 2023,1849460,10-01-2024 21:45,12-10-2023 23:00
3988,442,d2ea9a7da4080401add22f56da15e04c0782243c196215658ee9da65,SP reward for iUSD,09 October 2023,1534335,10-01-2024 21:45,12-10-2023 23:00
3989,442,a21ad32e6fdf1ed6d0ffdec01e71a481dc2b0c8ec0290f2ed9f227c1,SP reward for iUSD,09 October 2023,491841,10-01-2024 21:45,12-10-2023 23:00
3990,442,342b901edef65bf1a7dc2e6cf40a410d0e2b94104e6995e0de3ced6c,SP reward for iUSD,09 October 2023,4858656,10-01-2024 21:45,12-10-2023 23:00
3991,442,9a4ba27a659af4a3e6fda495dc7720eb94ff861f40139bf935f37053,SP reward for iUSD,09 October 2023,58397,10-01-2024 21:45,12-10-2023 23:00
3992,442,b8068204d500dc3f05682f175a6ef0d68e8b9d9744f928156c1bd9ed,SP reward for iUSD,09 October 2023,796060,10-01-2024 21:45,12-10-2023 23:00
3993,442,a7be8a752e7a0674fd8a0ca46842080d422d7e2beb34eeb64ab71d50,SP reward for iUSD,09 October 2023,157515,10-01-2024 21:45,12-10-2023 23:00
3994,442,138e6f1324b88fc7e3c520e1ce26fb28d0fd99871c45b0e83c80f900,SP reward for iUSD,09 October 2023,850540,10-01-2024 21:45,12-10-2023 23:00
3995,442,a40e609ccc120bb815930cd6ce47826e6c41aa94ec92c9f5e93ec9dd,SP reward for iUSD,09 October 2023,0,10-01-2024 21:45,12-10-2023 23:00
3996,442,78b355ef81f783f5efe26565142565159adb6d0fe2ff17631c37540c,SP reward for iUSD,09 October 2023,180242,10-01-2024 21:45,12-10-2023 23:00
3997,442,eeb30b031f8ddd6c5766289a4faebc9fb55ea39eaff3dbaf28d106dd,SP reward for iUSD,09 October 2023,199702,10-01-2024 21:45,12-10-2023 23:00
3998,442,450549a64ff2191f5f8ec657f941a3e5c18e855f05ca3d60aec82ef6,SP reward for iUSD,09 October 2023,86978,10-01-2024 21:45,12-10-2023 23:00
3999,442,fd84357990c85741e74703ffc003798059eecfc6cd9ee37c98e93fd8,SP reward for iUSD,09 October 2023,248525,10-01-2024 21:45,12-10-2023 23:00
4000,442,5375703a1815206253bce83d4c52cc18b6571def1bedf6c257575293,SP reward for iUSD,09 October 2023,19759760,10-01-2024 21:45,12-10-2023 23:00
4001,442,5e9e787d528af67785b3b595843acc232258ada6191b40ffa80cd0d2,SP reward for iUSD,09 October 2023,80910359,10-01-2024 21:45,12-10-2023 23:00
4002,442,b10c7dd14700813748087d6fbfd03a8c3b83f6cb191743f5e35f7d84,SP reward for iUSD,09 October 2023,13757194,10-01-2024 21:45,12-10-2023 23:00
4003,442,7efb273865feb908d7ddba513de17352e1554b62e62f9f417113749b,SP reward for iUSD,09 October 2023,3569,10-01-2024 21:45,12-10-2023 23:00
4004,442,687653ac9ebf1ad73d6b6fe9dff1cfea8a863ea63ceea35d614da592,SP reward for iUSD,09 October 2023,3393566,10-01-2024 21:45,12-10-2023 23:00
4005,442,fb3ff81c860fdb7fe4ac1c77e05c94d7a2a68b070e6ed6c32139287d,SP reward for iUSD,09 October 2023,200700,10-01-2024 21:45,12-10-2023 23:00
4006,442,f5cbf0a3e518fc57aec9d6ff992e084610aedbbc53695c4d200c0c3e,SP reward for iUSD,09 October 2023,281014,10-01-2024 21:45,12-10-2023 23:00
4007,442,bd30ea6190963a733df8cbcd7c4685011e47309ea6ac059adc61897b,SP reward for iUSD,09 October 2023,8201227,10-01-2024 21:45,12-10-2023 23:00
4008,442,3b8deaefd44267932f302932ae4e7bf60479ab503133a93330c58929,SP reward for iUSD,09 October 2023,12355736,10-01-2024 21:45,12-10-2023 23:00
4009,442,1d51ddeeed19f4b9ea5580dadec3f4d2b3faffaf9733c0ea48e7e51b,SP reward for iUSD,09 October 2023,40574293,10-01-2024 21:45,12-10-2023 23:00
4010,442,5549e47cc751bd3ea39c302038ed15de03593797992f85d62ec3588b,SP reward for iUSD,09 October 2023,42167948,10-01-2024 21:45,12-10-2023 23:00
4011,442,fa9b92b3f0c4a0a756c6d39c8e7015bdb593ca4c4e3f051b10d5eaa5,SP reward for iUSD,09 October 2023,2067608,10-01-2024 21:45,12-10-2023 23:00
4012,442,b9979b3a9ceee50179595a54a5e1224aee35f9d541d2bb807636c085,SP reward for iUSD,09 October 2023,114912,10-01-2024 21:45,12-10-2023 23:00
4013,442,fba8d8b4540834cf4a429dd21d96df1b9aa9232c87cb7c22e5a91ec4,SP reward for iUSD,09 October 2023,1554988,10-01-2024 21:45,12-10-2023 23:00
4014,442,f345ef8a03058d65c9e5f976341e69412829c42e452322faa7f5fcdc,SP reward for iUSD,09 October 2023,3286903,10-01-2024 21:45,12-10-2023 23:00
4015,442,fdc9272f3ac1db456c05ea777081d86566f69baf4bc13fb50ff98f6e,SP reward for iUSD,09 October 2023,5449011,10-01-2024 21:45,12-10-2023 23:00
4016,442,ac3c50ea2d28002aa9ec67009a7e17deb2aa49e77864a4c3f9b70682,SP reward for iUSD,09 October 2023,1100998,10-01-2024 21:45,12-10-2023 23:00
4017,442,8aae701fce6c665a60987e720af72af63c4dc2c4ed1e5c11d3f15f2e,SP reward for iUSD,09 October 2023,68824463,10-01-2024 21:45,12-10-2023 23:00
4018,442,619db89e32d3347ca98cb4718f91695154e3a3f7d383af693a4dabc8,SP reward for iUSD,09 October 2023,417911,10-01-2024 21:45,12-10-2023 23:00
4019,442,152a6505f54a619ab12dd37022a00aae01bd5c8348c84cf0f16463b5,SP reward for iUSD,09 October 2023,25142003,10-01-2024 21:45,12-10-2023 23:00
4020,442,299eca15c1fa5d35980dc122ac3799ee69dfb47b6e92dbb4106487b6,SP reward for iUSD,09 October 2023,6008388,10-01-2024 21:45,12-10-2023 23:00
4021,442,6a265f49673f07dfe98986652005699b530568459255901f1d4dcfce,SP reward for iUSD,09 October 2023,1584637,10-01-2024 21:45,12-10-2023 23:00
4022,442,6aa8471da93aeb4bea5c68f4fc59a449537af1485b0ec34e1e3e3239,SP reward for iUSD,09 October 2023,11001561,10-01-2024 21:45,12-10-2023 23:00
4023,442,94e8a4d1c409af5498095aafa61edb23fdbd9714f45d104cbe148425,SP reward for iBTC,09 October 2023,33471,10-01-2024 21:45,12-10-2023 23:00
4024,442,4652c04766dfb925145dd332a511ae47fc2404afe0bebeee3627a71a,SP reward for iBTC,09 October 2023,1258,10-01-2024 21:45,12-10-2023 23:00
4025,442,b116a13787a0e3908128fb3d218193ebbe31f14bb1564e3b17e56474,SP reward for iBTC,09 October 2023,940,10-01-2024 21:45,12-10-2023 23:00
4026,442,f8dc2687e7efb9814a0258337bbead8dbcf6dac7a0237e3b600f404d,SP reward for iBTC,09 October 2023,7710,10-01-2024 21:45,12-10-2023 23:00
4027,442,2774b527cc66118eeb772ca5553089dc2f9d0a675d5d4bb0615afa56,SP reward for iBTC,09 October 2023,24,10-01-2024 21:45,12-10-2023 23:00
4028,442,2ce68896a2812bcceaeea3837e33e4d24b1c88151c1a0b6cd02b182d,SP reward for iBTC,09 October 2023,15690,10-01-2024 21:45,12-10-2023 23:00
4029,442,559d23a5db8f1b809ba9b48e7504582c96af34f68495f3ed51b2cce5,SP reward for iBTC,09 October 2023,33894,10-01-2024 21:45,12-10-2023 23:00
4030,442,625a80682693f31e617ecbd92d269d226fd5ebd2f8584ef00577a658,SP reward for iBTC,09 October 2023,6076,10-01-2024 21:45,12-10-2023 23:00
4031,442,baeeed00be50eeef2fc6f4089780abd4fc3cc461052fe8f271fd93b4,SP reward for iBTC,09 October 2023,9484,10-01-2024 21:45,12-10-2023 23:00
4032,442,f1edb36c4546c43d547ef1568ab271ca79841977d8816f6f85cffd09,SP reward for iBTC,09 October 2023,12,10-01-2024 21:45,12-10-2023 23:00
4033,442,2797b6e8e72817175772048734122bdfb686c41776318690f1cc5f79,SP reward for iBTC,09 October 2023,12,10-01-2024 21:45,12-10-2023 23:00
4034,442,d522cfaab057a5a8aed4e83723ae0fa5150f007e009aab2e77659701,SP reward for iBTC,09 October 2023,176,10-01-2024 21:45,12-10-2023 23:00
4035,442,903d332a30ff8a7beb13268a99e2fdd35e8a7f20368edda4416158e3,SP reward for iBTC,09 October 2023,137187,10-01-2024 21:45,12-10-2023 23:00
4036,442,ed3122194af84dbc350676f420b1927209b40cf0d239ec26a5cc8623,SP reward for iBTC,09 October 2023,151855,10-01-2024 21:45,12-10-2023 23:00
4037,442,2e1573f020d7dc42fb1befd459287f0e620fb799cee111e43c50d676,SP reward for iBTC,09 October 2023,16219,10-01-2024 21:45,12-10-2023 23:00
4038,442,bffe2a2f3dde97b96f94f5cdde3957828c61db930faba0e4b2afbb46,SP reward for iBTC,09 October 2023,18910,10-01-2024 21:45,12-10-2023 23:00
4039,442,12f5110ed7d627702788e4e38eaee59c8a22b5df19ed9ec664a82738,SP reward for iBTC,09 October 2023,7768,10-01-2024 21:45,12-10-2023 23:00
4040,442,fd604bfce2089228bb84742efa2a90ad7f678753149f4949b376143f,SP reward for iBTC,09 October 2023,118,10-01-2024 21:45,12-10-2023 23:00
4041,442,435ac6984516a80bf6a9e7d16ba8431add7b4f44083131ab8dce0097,SP reward for iBTC,09 October 2023,57787,10-01-2024 21:45,12-10-2023 23:00
4042,442,df3ed3c34530edc62131484128ad73c4a256a8974d6a52ec845b64ed,SP reward for iBTC,09 October 2023,10377,10-01-2024 21:45,12-10-2023 23:00
4043,442,847fe7a38c4292370b7254e6da0d9684769b31a10040e8f8ecf9686b,SP reward for iBTC,09 October 2023,15032,10-01-2024 21:45,12-10-2023 23:00
4044,442,ce6885bef0ae899503bec94142f5c2d8f8d25973ddb50e1c5dca5c1e,SP reward for iBTC,09 October 2023,6981,10-01-2024 21:45,12-10-2023 23:00
4045,442,41c36d3ddc84ef66b56f1a8ad1bd87779262caeab0b0ec2ba129dbbc,SP reward for iBTC,09 October 2023,266383,10-01-2024 21:45,12-10-2023 23:00
4046,442,89d095d531c5d92be599e65bfe27c44652b2cf99b72a332427e9d8a2,SP reward for iBTC,09 October 2023,17323,10-01-2024 21:45,12-10-2023 23:00
4047,442,f18f251f8eddc1825371c53d9fdd05d62aad37584a7b0f9e72cb0d5a,SP reward for iBTC,09 October 2023,23846,10-01-2024 21:45,12-10-2023 23:00
4048,442,270a564190936d5e6199cd157798a1d802e05b5c4d69a756d02a4024,SP reward for iBTC,09 October 2023,2915,10-01-2024 21:45,12-10-2023 23:00
4049,442,1bf3be13ff8e559f0aa594266d0cd164be15cd0fd1252943d97e1edb,SP reward for iBTC,09 October 2023,317,10-01-2024 21:45,12-10-2023 23:00
4050,442,c7a34f1bdd69aee0196ba58d21999dd00a349820247b24041201649c,SP reward for iBTC,09 October 2023,16230,10-01-2024 21:45,12-10-2023 23:00
4051,442,4e5426811df99e191ae0bc3eca64836e561a07d1623b16f94828240b,SP reward for iBTC,09 October 2023,118,10-01-2024 21:45,12-10-2023 23:00
4052,442,d8432e121bd1d5bc137bcaecbece07f1793c31be59f83b18324c5606,SP reward for iBTC,09 October 2023,12,10-01-2024 21:45,12-10-2023 23:00
4053,442,bd8dc08c011f804f96be2b9d6a085b68cbfb7235b362f821e4bd996f,SP reward for iBTC,09 October 2023,12728,10-01-2024 21:45,12-10-2023 23:00
4054,442,38182d9874dbabb161ffff5e21c81a58b8134ff7f34f2407903dba6c,SP reward for iBTC,09 October 2023,4772,10-01-2024 21:45,12-10-2023 23:00
4055,442,77dbc24ca98002157cc36a53b2f84c3080d85cf1946c83fb47d6d86e,SP reward for iBTC,09 October 2023,517,10-01-2024 21:45,12-10-2023 23:00
4056,442,e292dc90457553865ecf16f586d72185fe4ef1afb2dc708f7099e4dd,SP reward for iBTC,09 October 2023,35,10-01-2024 21:45,12-10-2023 23:00
4057,442,222c33a3ddf56799694bb262eec3e8eea2b543200dc8c19cb05e91af,SP reward for iBTC,09 October 2023,1316,10-01-2024 21:45,12-10-2023 23:00
4058,442,4bc68e944b110d752d552bd07df288e2a21102e7fcb8f66bf0fa6b03,SP reward for iBTC,09 October 2023,18710,10-01-2024 21:45,12-10-2023 23:00
4059,442,3bc2ce369c678c1a5115f7949487434175f01002469df0b3183c1a65,SP reward for iBTC,09 October 2023,35164,10-01-2024 21:45,12-10-2023 23:00
4060,442,d454f318a8c6566f00c68a23802c71ef7a6b675fe95d0db765a1bea9,SP reward for iBTC,09 October 2023,1116,10-01-2024 21:45,12-10-2023 23:00
4061,442,24be347acbb7713ebcd0f5b2b131f5d6ec0b9d48f4f142a0da648760,SP reward for iBTC,09 October 2023,1293,10-01-2024 21:45,12-10-2023 23:00
4062,442,1e55b5dd30127909ce59b07ec00664030565822c232536f659139900,SP reward for iBTC,09 October 2023,26478,10-01-2024 21:45,12-10-2023 23:00
4063,442,85efbfc96dbff3982879b8689ec1c4755ea8e4b64281d1ac19a855f2,SP reward for iBTC,09 October 2023,2468,10-01-2024 21:45,12-10-2023 23:00
4064,442,5c3d04a6fd9ff6f0ec72ef6f5213b307db3910cdec68ed15fab76aa7,SP reward for iBTC,09 October 2023,17582,10-01-2024 21:45,12-10-2023 23:00
4065,442,6b5976099e509e58d6d3d04d10a63bdc511b3de937dd839cfb876076,SP reward for iBTC,09 October 2023,411163,10-01-2024 21:45,12-10-2023 23:00
4066,442,5174ab849efa5337d220c79f849aa39ee378cd42b3ea9a2cc55ff905,SP reward for iBTC,09 October 2023,9531,10-01-2024 21:45,12-10-2023 23:00
4067,442,5e7faea68262c87aec85b67c123673325a4193ab39de773499af83ba,SP reward for iBTC,09 October 2023,595948,10-01-2024 21:45,12-10-2023 23:00
4068,442,16af0db2d287df23f43f80b06b04415537fd9b6408c1cb5894da1329,SP reward for iBTC,09 October 2023,1312853,10-01-2024 21:45,12-10-2023 23:00
4069,442,929695c172f6c2841df1482161ec1a2716ee2f166c27c86b20736e71,SP reward for iBTC,09 October 2023,3020,10-01-2024 21:45,12-10-2023 23:00
4070,442,9db8dbdfc35cd01248d7ef8b323d76a072cc6ccec45aca38ddd3f99c,SP reward for iBTC,09 October 2023,358112,10-01-2024 21:45,12-10-2023 23:00
4071,442,db9b636e1b467ad9fa1c99c5820477f235d024c6079471192b750ce4,SP reward for iBTC,09 October 2023,59,10-01-2024 21:45,12-10-2023 23:00
4072,442,3cdcafabe8d5a88419c7cb447f0467d81cd4086c97b489b49ddd0dca,SP reward for iBTC,09 October 2023,220854,10-01-2024 21:45,12-10-2023 23:00
4073,442,01bb74d6a09834970c7e1cb6883cfaecbd3982e7fcc8d24116deaa84,SP reward for iBTC,09 October 2023,2938,10-01-2024 21:45,12-10-2023 23:00
4074,442,30f71e8f66d9f908f0a47173cccb4127341e557e9f3d9d60e0d60178,SP reward for iBTC,09 October 2023,1757981,10-01-2024 21:45,12-10-2023 23:00
4075,442,c55b4e912c5d71dfaa4f0b7487eecf8ed26a9ae779a9ad422639fd45,SP reward for iBTC,09 October 2023,9367,10-01-2024 21:45,12-10-2023 23:00
4076,442,cef48e82717f374be93b1e5bccad65b68e9403e57dcec8f251b35455,SP reward for iBTC,09 October 2023,33811829,10-01-2024 21:45,12-10-2023 23:00
4077,442,289cee24fb86dd5d5b6f02c8ca80397e03fa83c086d6e698e3ec330b,SP reward for iBTC,09 October 2023,388,10-01-2024 21:45,12-10-2023 23:00
4078,442,61cc93b6feaaf71fb0a4133fc103134b9e0057b17a96b5b8ab064345,SP reward for iBTC,09 October 2023,69422,10-01-2024 21:45,12-10-2023 23:00
4079,442,31352abda9a60e8a89222a049834cdd603dcc4fa2f9f3dbfc0a0b25f,SP reward for iBTC,09 October 2023,4866,10-01-2024 21:45,12-10-2023 23:00
4080,442,73064ed9d446fe559dea6a5c0484f4c4876d91e1d7442109f6815770,SP reward for iBTC,09 October 2023,353,10-01-2024 21:45,12-10-2023 23:00
4081,442,63b3889ebf65aba913b3ca44031d7b2c59b04b0727c3f2e67d52d034,SP reward for iBTC,09 October 2023,59,10-01-2024 21:45,12-10-2023 23:00
4082,442,8b542601309e158b422074b4a53ec9aa0f09a0b50f58bce55a68b4a0,SP reward for iBTC,09 October 2023,2068,10-01-2024 21:45,12-10-2023 23:00
4083,442,7bfcb0b4a3974232c21fe4440a2befb5aff58093e9582c9d447c1e0d,SP reward for iBTC,09 October 2023,24,10-01-2024 21:45,12-10-2023 23:00
4084,442,86072393fd16edefa5aa60ad88220dda3560bfdefa40eb96e3070075,SP reward for iBTC,09 October 2023,5747,10-01-2024 21:45,12-10-2023 23:00
4085,442,998a487e8caad608417916a0378d4886f64d23d4eaa192af56ff886e,SP reward for iBTC,09 October 2023,68905,10-01-2024 21:45,12-10-2023 23:00
4086,442,4385f6e1941b54b06ddfad16a7d19ee7f713d9f4fd7d3d9334b9b566,SP reward for iBTC,09 October 2023,153,10-01-2024 21:45,12-10-2023 23:00
4087,442,11b4ac68cf0d110247dc7d2bc139c92fd7a21af0a798a913e06fecd1,SP reward for iBTC,09 October 2023,61971,10-01-2024 21:45,12-10-2023 23:00
4088,442,ae17e9f63022e30bddc7f2c9189140dfdc434af23e26f37f75394229,SP reward for iBTC,09 October 2023,10436,10-01-2024 21:45,12-10-2023 23:00
4089,442,08abc365d15eb5a450ff8ed2a6207bfa3cb5a0df4ec1ddd0e6636026,SP reward for iBTC,09 October 2023,12,10-01-2024 21:45,12-10-2023 23:00
4090,442,53313be7f4738a1ad1554126858d052f318ccbf66d88b5016e9155d5,SP reward for iBTC,09 October 2023,552,10-01-2024 21:45,12-10-2023 23:00
4091,442,8d995bf956bbf2a69b6549ca3a6830e9292b0d2641e9fa520d0f294d,SP reward for iBTC,09 October 2023,280228,10-01-2024 21:45,12-10-2023 23:00
4092,442,5f9483631a382320cd149d20a120f71c1f8c7030b72408f44fccd795,SP reward for iBTC,09 October 2023,24,10-01-2024 21:45,12-10-2023 23:00
4093,442,243143a1edf725605b078e3660ccf3ef4811e54ce8d70b04ae15a4b0,SP reward for iBTC,09 October 2023,8145,10-01-2024 21:45,12-10-2023 23:00
4094,442,8ced098872686355fd3accc2329d595bf2ac9c6e7e981a8bc89d4540,SP reward for iBTC,09 October 2023,59104,10-01-2024 21:45,12-10-2023 23:00
4095,442,6f860cd15e7d9a0fe71735b338fa4ad81e418ddaae95928bd2994fc1,SP reward for iBTC,09 October 2023,3100426,10-01-2024 21:45,12-10-2023 23:00
4096,442,4647b9163e069f291328c22c76051780a8e8616e00354aa8cbc5cf6e,SP reward for iBTC,09 October 2023,12,10-01-2024 21:45,12-10-2023 23:00
4097,442,b178ffc093995ed4f92326da8cbbae25832bd1c723b4897435ae3ee3,SP reward for iBTC,09 October 2023,30028,10-01-2024 21:45,12-10-2023 23:00
4098,442,222afda7939e082f26e12d2ce9cf584b44538b31a60e2e1f3f333821,SP reward for iBTC,09 October 2023,1058,10-01-2024 21:45,12-10-2023 23:00
4099,442,0a72021d32d5893231aef79b5b87f086fd32119a0f301957705506e4,SP reward for iBTC,09 October 2023,130171,10-01-2024 21:45,12-10-2023 23:00
4100,442,71b03bb1f2db64f230e74c08d8bee62313660b1bf9649fbc28f690bc,SP reward for iBTC,09 October 2023,82503,10-01-2024 21:45,12-10-2023 23:00
4101,442,0dbb67ed102393b0bf27cb9d1c2f8f83ad7a9f1689904879a5191c92,SP reward for iBTC,09 October 2023,676194,10-01-2024 21:45,12-10-2023 23:00
4102,442,96ea86b6481fa765de3718fae818186c426d848761d5e574b5d9078d,SP reward for iBTC,09 October 2023,260777,10-01-2024 21:45,12-10-2023 23:00
4103,442,c05d3ab97abdcac7e81855b92b59afe40f18b059e9d8cceedc5ef511,SP reward for iBTC,09 October 2023,15948,10-01-2024 21:45,12-10-2023 23:00
4104,442,9342a76f7de030e7df3e37249b14ef9ea67bbdde1e95e654aab21fb5,SP reward for iBTC,09 October 2023,35669,10-01-2024 21:45,12-10-2023 23:00
4105,442,bc12846dfe29fb17207d6e11b98fdda7201679227d46d744de5574e8,SP reward for iBTC,09 October 2023,32508,10-01-2024 21:45,12-10-2023 23:00
4106,442,ad4c1b0b50a32c00b7798cc93a249f5702d7e23c91601657d52c56ad,SP reward for iBTC,09 October 2023,122379,10-01-2024 21:45,12-10-2023 23:00
4107,442,b485a4652f1572808586882af82ef45d6219992c2b3dc68412fa6502,SP reward for iBTC,09 October 2023,122426,10-01-2024 21:45,12-10-2023 23:00
4108,442,1989462784de66a8e08b553e196bb609d62853586a741ce3abb34e13,SP reward for iBTC,09 October 2023,119664,10-01-2024 21:45,12-10-2023 23:00
4109,442,f393547fdc57f678fdd9827cb603e9a60d57282bd37416a327094f56,SP reward for iBTC,09 October 2023,80940,10-01-2024 21:45,12-10-2023 23:00
4110,442,945cd17ae5a96a439a8191283c8459e67ab18c7e2d93fa1dfce4671c,SP reward for iBTC,09 October 2023,11811,10-01-2024 21:45,12-10-2023 23:00
4111,442,4484d456440c1956679e21e1d66e924d649c00666227046c3f1c96f7,SP reward for iBTC,09 October 2023,12,10-01-2024 21:45,12-10-2023 23:00
4112,442,53494b753f7670d751b575f6d4559aeb0d1a55e8e1b60a85e73e2df0,SP reward for iBTC,09 October 2023,50313,10-01-2024 21:45,12-10-2023 23:00
4113,442,54305958538cfe7e957863cc9f844dd6eedb9a0e654df4405636a554,SP reward for iBTC,09 October 2023,7898,10-01-2024 21:45,12-10-2023 23:00
4114,442,5f7d1aba60a090039edbb0294ccb27d3617a8827396b292ee49dec9f,SP reward for iBTC,09 October 2023,24563,10-01-2024 21:45,12-10-2023 23:00
4115,442,9ec26f63bfe50214282ef7ab89765bb7d647271ab7952de6815fbc19,SP reward for iBTC,09 October 2023,7287,10-01-2024 21:45,12-10-2023 23:00
4116,442,9430bd1b6d9bf6308dec0be93790ab927ac721606a76b52a7cf26ae6,SP reward for iBTC,09 October 2023,25256,10-01-2024 21:45,12-10-2023 23:00
4117,442,92cc4d0251f53a24f5366fb898c1681fee4d41123eab48bca6293ba1,SP reward for iBTC,09 October 2023,77720,10-01-2024 21:45,12-10-2023 23:00
4118,442,9797a1b44f05c0ef79368313bf12221d6b388d8b7a02cab480df05be,SP reward for iBTC,09 October 2023,11130,10-01-2024 21:45,12-10-2023 23:00
4119,442,529828b5fb8e3347ffc11e615fead9d06250f5457c828595bba6d3ba,SP reward for iBTC,09 October 2023,408977,10-01-2024 21:45,12-10-2023 23:00
4120,442,2381ee57a1f2e2074431f7af73f56c256f683727438021c4a9eb1883,SP reward for iBTC,09 October 2023,147965,10-01-2024 21:45,12-10-2023 23:00
4121,442,afe4f9c05f0b2fe3e561b4367044d774119a0029c6e8e25e92488a40,SP reward for iBTC,09 October 2023,146178,10-01-2024 21:45,12-10-2023 23:00
4122,442,111f4fa65714de665800cdaa883559bc60d994f34ef9f49b372d5c12,SP reward for iBTC,09 October 2023,434339,10-01-2024 21:45,12-10-2023 23:00
4123,442,2c3249ad7a3ec1b7781db91899c6c15a068abafe2117c09aca08d097,SP reward for iBTC,09 October 2023,448536,10-01-2024 21:45,12-10-2023 23:00
4124,442,30f730fb260aed1721ae7ec3d6ba003509bc8d125ddbf93ddf51cfac,SP reward for iBTC,09 October 2023,6993,10-01-2024 21:45,12-10-2023 23:00
4125,442,a2b3fc71aa466e489bef35c30ca8b4a9388f701ab0cd73c9c81a5409,SP reward for iBTC,09 October 2023,23705,10-01-2024 21:45,12-10-2023 23:00
4126,442,8bb9c1842b5df8a44359e65982adb4d2a7d0cb745a2b8488592e3d9f,SP reward for iBTC,09 October 2023,33636,10-01-2024 21:45,12-10-2023 23:00
4127,442,c90dfeb23d605971a7c59e29113aecd883e6390ae59b21748a3ef672,SP reward for iBTC,09 October 2023,26749,10-01-2024 21:45,12-10-2023 23:00
4128,442,06126a123250e0920b44678709da9d6d06d9edca5ecc7c532ac49aad,SP reward for iBTC,09 October 2023,12,10-01-2024 21:45,12-10-2023 23:00
4129,442,12f84d27cceeee594ed1f7928398c1653346becbbc159e80556cc6fd,SP reward for iBTC,09 October 2023,47739,10-01-2024 21:45,12-10-2023 23:00
4130,442,1434b0f9b0d42bdfe065dfbde6089def626c28128e2b25234b8409db,SP reward for iBTC,09 October 2023,7463,10-01-2024 21:45,12-10-2023 23:00
4131,442,a61e01183e93a2bd0cb1ee515fe8c652c33404cb1643c0bb5867cd63,SP reward for iBTC,09 October 2023,5112,10-01-2024 21:45,12-10-2023 23:00
4132,442,3001ab2e1afb570d756ead9ed5c82ae8241ae8cce18a17113c5706af,SP reward for iBTC,09 October 2023,61266,10-01-2024 21:45,12-10-2023 23:00
4133,442,e1a70a14406e84b401683a3b044d3fc7dbec76833c7e7e934585b678,SP reward for iBTC,09 October 2023,431036,10-01-2024 21:45,12-10-2023 23:00
4134,442,2ef4c3d711d1a7adab1a24a04856a191a3a162dc844c039eba9adbe6,SP reward for iBTC,09 October 2023,72607,10-01-2024 21:45,12-10-2023 23:00
4135,442,9bf780683ee09b92d00a465c519ef7febf74a26e6ff45fd9af96e496,SP reward for iBTC,09 October 2023,132627,10-01-2024 21:45,12-10-2023 23:00
4136,442,f3820b9d2e1ff6bc15652ffbc01346225e9d3f5c06adeb77b316f12a,SP reward for iBTC,09 October 2023,53263,10-01-2024 21:45,12-10-2023 23:00
4137,442,f4d2cd5b06c42740805070280540bda96165b3b3c3129319b0cb61d8,SP reward for iBTC,09 October 2023,129772,10-01-2024 21:45,12-10-2023 23:00
4138,442,514ec5e427280c6bca6a0d79dea12bc793673a7241ba8f6f982a542e,SP reward for iBTC,09 October 2023,43061,10-01-2024 21:45,12-10-2023 23:00
4139,442,0459b42e46e5d7a16fc6970f4c863641d5dde5560bd5881a1a8afc8b,SP reward for iBTC,09 October 2023,552687,10-01-2024 21:45,12-10-2023 23:00
4140,442,d5783eeb99454513796d07833a55b33d041157aa2557f641d50b7f13,SP reward for iBTC,09 October 2023,82,10-01-2024 21:45,12-10-2023 23:00
4141,442,97e4d04ae43b647e81b6329013697a1417c167be759ae49780568c76,SP reward for iBTC,09 October 2023,225825,10-01-2024 21:45,12-10-2023 23:00
4142,442,ad122b9fa3ab86495712afd2a6f655430427c2cf21a54fd0c8fe8e63,SP reward for iBTC,09 October 2023,87568,10-01-2024 21:45,12-10-2023 23:00
4143,442,5b57fb20f89e6a300ba3160a8339a32e0ea1751c776d874df2154527,SP reward for iBTC,09 October 2023,2209,10-01-2024 21:45,12-10-2023 23:00
4144,442,637d1f755c749370501adf2605aed6c5ecf198e037a12ed3bfc02f89,SP reward for iBTC,09 October 2023,12387,10-01-2024 21:45,12-10-2023 23:00
4145,442,10a2ea055b227f1d48a0a462ca6048f82693653fdb534eb7cd3ca654,SP reward for iBTC,09 October 2023,77720,10-01-2024 21:45,12-10-2023 23:00
4146,442,8425e1110917c188382ff1e28f3e11c6310ca3c1ee09b4b4bcc41bc1,SP reward for iBTC,09 October 2023,17711,10-01-2024 21:45,12-10-2023 23:00
4147,442,10bc27afabbda7fc02b15506968725e6af86ff6932f30a128d1d2f9e,SP reward for iBTC,09 October 2023,26549,10-01-2024 21:45,12-10-2023 23:00
4148,442,5d4a3c04c9a3115bf18cc6a37a4388050eadb756253bedf452d8efa2,SP reward for iBTC,09 October 2023,167920,10-01-2024 21:45,12-10-2023 23:00
4149,442,89867b8f45893cb14c1de33e0d5d3306dcf249101e203796017243ac,SP reward for iBTC,09 October 2023,5112,10-01-2024 21:45,12-10-2023 23:00
4150,442,e65fafb51e3a0af5b2fc7dbdb246b633fdcccd9459e3e2f2c09f2ccb,SP reward for iBTC,09 October 2023,96195,10-01-2024 21:45,12-10-2023 23:00
4151,442,6c8ecb2a0a26b86449201ea03fe11aeefc109c8e5e1d650779c01b7c,SP reward for iBTC,09 October 2023,48385,10-01-2024 21:45,12-10-2023 23:00
4152,442,856d18a37ff1be2074f1904f3db9d2d45ea8badc88a3ff443836b97e,SP reward for iBTC,09 October 2023,58669,10-01-2024 21:45,12-10-2023 23:00
4153,442,a33c563393379855e9b6f66e6830ceac659fac8982b06d4128b21722,SP reward for iBTC,09 October 2023,4348,10-01-2024 21:45,12-10-2023 23:00
4154,442,c66e4c7f7e62a9e589fbd7261b2510001a269b08530916b8af59f392,SP reward for iBTC,09 October 2023,209818,10-01-2024 21:45,12-10-2023 23:00
4155,442,e4a3572c85228edfa7ee4d015fa55fd6c93d181597f86859aaabca91,SP reward for iBTC,09 October 2023,366715,10-01-2024 21:45,12-10-2023 23:00
4156,442,6a454ac65fe62709fb8b2f46b6ed76a6497997c2eb9cfd9b4de35940,SP reward for iBTC,09 October 2023,912291,10-01-2024 21:45,12-10-2023 23:00
4157,442,5d464f67736cef9286be8854cdd17fdceeca017d2b0bb56c76db64f2,SP reward for iBTC,09 October 2023,187371,10-01-2024 21:45,12-10-2023 23:00
4158,442,3350a1cb0110a5855f289a0738fdbe0c00c07cf748fd5f5cdf1aa63b,SP reward for iBTC,09 October 2023,247603,10-01-2024 21:45,12-10-2023 23:00
4159,442,e1dabf1e8691c018fda047487415acf4ed06b874cc7e2bb639dd1845,SP reward for iBTC,09 October 2023,11682,10-01-2024 21:45,12-10-2023 23:00
4160,442,63d62b85ce675ee25e9e0da4c846d9843afc136a494b52ccdc2e48e2,SP reward for iBTC,09 October 2023,47,10-01-2024 21:45,12-10-2023 23:00
4161,442,e599429457c61531f5ec659442d7e430dc2e1c6152944d6815f4b064,SP reward for iBTC,09 October 2023,746134,10-01-2024 21:45,12-10-2023 23:00
4162,442,d901310b443168e1fc2d91faeb7f64e19312a8f9ffa2280ad775c1fe,SP reward for iBTC,09 October 2023,564287,10-01-2024 21:45,12-10-2023 23:00
4163,442,a7b9ee64702f425ec79d48bec8dc50489e4996c684b3624233bf6e3b,SP reward for iBTC,09 October 2023,77485,10-01-2024 21:45,12-10-2023 23:00
4164,442,f6babe82e81a1d51f5e4368647e69d71363450dec2d259c239658201,SP reward for iBTC,09 October 2023,57858,10-01-2024 21:45,12-10-2023 23:00
4165,442,cc42402b917443957763a94854647b10ceb0ae702a224166ab86b8a9,SP reward for iBTC,09 October 2023,77332,10-01-2024 21:45,12-10-2023 23:00
4166,442,d20a972f5bddebc47975b4d78f5a5ea7113b8311a84623fe58891b45,SP reward for iBTC,09 October 2023,27207,10-01-2024 21:45,12-10-2023 23:00
4167,442,5310a7c00c573d9400459ad061211250ce8c164a1b657d952003f32e,SP reward for iBTC,09 October 2023,164453,10-01-2024 21:45,12-10-2023 23:00
4168,442,04c8f0976496bf3b67a4e70b9cc2a9c3c78de5a04e5713c8b00c7a97,SP reward for iBTC,09 October 2023,40017,10-01-2024 21:45,12-10-2023 23:00
4169,442,bc74633bac550bbadaf788c0d83c68087a119dbdd4f75bbde49f154a,SP reward for iBTC,09 October 2023,50183,10-01-2024 21:45,12-10-2023 23:00
4170,442,3e2a4fefddafa38436d4c55f1c52cbca11c3c2aef0e94f37ff5be620,SP reward for iBTC,09 October 2023,58845,10-01-2024 21:45,12-10-2023 23:00
4171,442,b8a892490fa5784bf2c73603b7cc0f05a3219fc7901db3e698ad7f11,SP reward for iBTC,09 October 2023,6816,10-01-2024 21:45,12-10-2023 23:00
4172,442,72b1e604e866f798b31d76fb363aa3e570b6514117485b2f5c897753,SP reward for iBTC,09 October 2023,34964,10-01-2024 21:45,12-10-2023 23:00
4173,442,ea374c2d569d63853df7d92c816502210495360908aa4df12568e567,SP reward for iBTC,09 October 2023,37115,10-01-2024 21:45,12-10-2023 23:00
4174,442,ba9cdccfb43c0bb8236d5819a7086f1093d0c0a4d6b631ea5eed67bc,SP reward for iBTC,09 October 2023,467046,10-01-2024 21:45,12-10-2023 23:00
4175,442,e2a3bc9f398b6f1efe80bf7a1293dfd4c04ea81867ff0a897cb5eacd,SP reward for iBTC,09 October 2023,101577,10-01-2024 21:45,12-10-2023 23:00
4176,442,144a91af110e1f266e04a5fc28a41d897523570b8c8ca12724be3b64,SP reward for iBTC,09 October 2023,31038,10-01-2024 21:45,12-10-2023 23:00
4177,442,73160153c6fceb9fc89216a5940585b4cb9c1876b5a7d7889089ce12,SP reward for iBTC,09 October 2023,19063,10-01-2024 21:45,12-10-2023 23:00
4178,442,ccf0463efcfc0be16312d889a485c827392edb4bf32af4b43af4aad5,SP reward for iBTC,09 October 2023,29981,10-01-2024 21:45,12-10-2023 23:00
4179,442,782f7991e512e52aa83c538ae74d90283916f770165a85f30e222070,SP reward for iBTC,09 October 2023,7096972,10-01-2024 21:45,12-10-2023 23:00
4180,442,35b5123df5bdeca9a3899f0b9d6581d29ef0b8f1f177a9809a4f5203,SP reward for iBTC,09 October 2023,1610580,10-01-2024 21:45,12-10-2023 23:00
4181,442,8a42473e6bdb66189f724c4da29b6940eae317179fe69bf92e0242cc,SP reward for iBTC,09 October 2023,1623449,10-01-2024 21:45,12-10-2023 23:00
4182,442,edb0c1b08e873184c25ab99e045c1331c2a8009d5d6abafef20429d7,SP reward for iBTC,09 October 2023,172339,10-01-2024 21:45,12-10-2023 23:00
4183,442,a9df654a096a290a5d3e0eb25b16e658df3833f5669bcbb2f809e3c2,SP reward for iBTC,09 October 2023,518005,10-01-2024 21:45,12-10-2023 23:00
4184,442,5d1ae8825555ff8847263b4cad9c1fd8b9b7d6f788dddd71a34f23fe,SP reward for iBTC,09 October 2023,12,10-01-2024 21:45,12-10-2023 23:00
4185,442,ecf6df3e564fb3214117ff1ba3fb4532e6d1f2fb80c0015027b291b8,SP reward for iBTC,09 October 2023,764,10-01-2024 21:45,12-10-2023 23:00
4186,442,6fe35e3afb8041bb4b3e2df8a1ff4fcb433b5061ca04d71a44c925d1,SP reward for iBTC,09 October 2023,105385,10-01-2024 21:45,12-10-2023 23:00
4187,442,374b46ff0fc4f269f31c99a12c82159a58207c3e686c437d57dad408,SP reward for iBTC,09 October 2023,125235,10-01-2024 21:45,12-10-2023 23:00
4188,442,a5113918bdedb5881ff37ed3c4d45141f8cca161573b5e2be5071f75,SP reward for iBTC,09 October 2023,35986,10-01-2024 21:45,12-10-2023 23:00
4189,442,bdf1507fde82b8d0513273600289002f05e0caab85d28a804ec36a73,SP reward for iBTC,09 October 2023,4313,10-01-2024 21:45,12-10-2023 23:00
4190,442,5277d320e4e981971f75599c3c15bc0abebbdb6aea9cbadccb16bff1,SP reward for iBTC,09 October 2023,124918,10-01-2024 21:45,12-10-2023 23:00
4191,442,fc4456a76943fc8ddf1fec0d5b5ea44213e92bb498cf57768c82b872,SP reward for iBTC,09 October 2023,49302,10-01-2024 21:45,12-10-2023 23:00
4192,442,aee02fa77ebc7ddf3c93a8d3afe0d44d94a9d81d4d26684c49f25cf2,SP reward for iBTC,09 October 2023,167932,10-01-2024 21:45,12-10-2023 23:00
4193,442,78286944b6758ecbd9179c981466d8a007296b1e09fc3cf53add1fd8,SP reward for iBTC,09 October 2023,94,10-01-2024 21:45,12-10-2023 23:00
4194,442,ef375afc54458f274bd07dec902e981a581fb46d4ab6d996e40b5bb0,SP reward for iBTC,09 October 2023,174843,10-01-2024 21:45,12-10-2023 23:00
4195,442,a181fb98e93e123144d85fee0993bd560ed91d82ccb4b9681bdecc95,SP reward for iBTC,09 October 2023,1460300,10-01-2024 21:45,12-10-2023 23:00
4196,442,308ee07a2d9f4a8cb93dffdbfd031413b4e8f5e55218c099e6f131ea,SP reward for iBTC,09 October 2023,221723,10-01-2024 21:45,12-10-2023 23:00
4197,442,cbd45719e9d7a6332688ac3ad8bcec87def6bb55174662ee16b5fa61,SP reward for iBTC,09 October 2023,150491,10-01-2024 21:45,12-10-2023 23:00
4198,442,451fe314c4e9a41bb5804455fb4057afc1cbf2b74cde2d3d737b3354,SP reward for iBTC,09 October 2023,12,10-01-2024 21:45,12-10-2023 23:00
4199,442,ee5592e3bff712a914258c52f57873c0cfc73a7b2c25008fedbcdf9d,SP reward for iBTC,09 October 2023,10377,10-01-2024 21:45,12-10-2023 23:00
4200,442,5dbde133f26c4c4d49266229d6414d8496450a0322832c6e4219cb4b,SP reward for iBTC,09 October 2023,64298,10-01-2024 21:45,12-10-2023 23:00
4201,442,117a220650f577db973565412c705745e0cac69c796d137e977267a0,SP reward for iBTC,09 October 2023,106,10-01-2024 21:45,12-10-2023 23:00
4202,442,a6c6b85a1faea3c830ff6410fa94503a0deff927429be8fea8ecfe1c,SP reward for iBTC,09 October 2023,16924,10-01-2024 21:45,12-10-2023 23:00
4203,442,53eb9c7601e433f0659a74479e98400d203af061f135354f43e0dad4,SP reward for iBTC,09 October 2023,34940,10-01-2024 21:45,12-10-2023 23:00
4204,442,d4bed2ddaa7dfa8f582a33dae7d0f0e0dca95bc6a7d9674807386af3,SP reward for iBTC,09 October 2023,74018,10-01-2024 21:45,12-10-2023 23:00
4205,442,a076e24a67c4906b17ede60183d0478e4d95431c5a227f3d35c4e8dc,SP reward for iBTC,09 October 2023,5148,10-01-2024 21:45,12-10-2023 23:00
4206,442,dc2f8d28b7b68eea544d5f052410ca6a34a5e6e811ef13496e156dda,SP reward for iBTC,09 October 2023,41204,10-01-2024 21:45,12-10-2023 23:00
4207,442,7b0d6609ff14368ecd1a39d4d737292d2e348cb35801e0fea067f5ce,SP reward for iBTC,09 October 2023,554979,10-01-2024 21:45,12-10-2023 23:00
4208,442,e9558a5fc36f0f9794e7810b3773d63556795a00e9aba9584532a2fa,SP reward for iBTC,09 October 2023,932447,10-01-2024 21:45,12-10-2023 23:00
4209,442,ea79af332a33e08d0180ace4940a4bba5e9040ea76bf0f8a884279cd,SP reward for iBTC,09 October 2023,16195,10-01-2024 21:45,12-10-2023 23:00
4210,442,42cad31cebab15afa9009d990b34374946246b0ffa50405d811ea6fb,SP reward for iBTC,09 October 2023,56389,10-01-2024 21:45,12-10-2023 23:00
4211,442,07870a95cc8ef51c6813a07f93b76c9e920640902bf176855333a03e,SP reward for iBTC,09 October 2023,107477,10-01-2024 21:45,12-10-2023 23:00
4212,442,37659fd936489ba08c0f7122f30d034594d20804392ba14cd2a6d362,SP reward for iBTC,09 October 2023,3538,10-01-2024 21:45,12-10-2023 23:00
4213,442,026c8ee36589862c813abaf4142583d8631869cc694bfc393ad229ed,SP reward for iBTC,09 October 2023,111085,10-01-2024 21:45,12-10-2023 23:00
4214,442,1d873b8c37d35e5e322736d5194df4efbcec93bd3e87090998185a10,SP reward for iBTC,09 October 2023,452379,10-01-2024 21:45,12-10-2023 23:00
4215,442,8c1879394f01e671306b6e8f2d2f67383a3ce75a387ecf3c18e3d87d,SP reward for iBTC,09 October 2023,44096,10-01-2024 21:45,12-10-2023 23:00
4216,442,95adb311d06d54e4251c9dc4f413de7ae81eb4d19c503d968ae1aad5,SP reward for iBTC,09 October 2023,187876,10-01-2024 21:45,12-10-2023 23:00
4217,442,35c495d0df5f9332169c25a654f44ce8ba0e494f7fccf9037718b5d1,SP reward for iBTC,09 October 2023,325628,10-01-2024 21:45,12-10-2023 23:00
4218,442,9c9cfb0162ad71b2ea61e82aa7676826d3bb5a58eb5f005b68a4c8da,SP reward for iBTC,09 October 2023,1103928,10-01-2024 21:45,12-10-2023 23:00
4219,442,698ceb483c24a183e0a9efbb33b25789c41494082421f4df6c75803e,SP reward for iBTC,09 October 2023,195891,10-01-2024 21:45,12-10-2023 23:00
4220,442,b475be0fdcfcfe84c5c20a5e697f805c4a27f911a8eb47b7177304aa,SP reward for iBTC,09 October 2023,691531,10-01-2024 21:45,12-10-2023 23:00
4221,442,38a6b071d8b300a0a8219cb49ae293024f466985a89f62d6188d0388,SP reward for iBTC,09 October 2023,10977,10-01-2024 21:45,12-10-2023 23:00
4222,442,69af353f2cb9ab695b429cff0e80203bc8e9e47548f28176e9bf99a0,SP reward for iBTC,09 October 2023,86710,10-01-2024 21:45,12-10-2023 23:00
4223,442,694abb439fba197ce0ee7420e98cb6a8f1535069b1bd6e65cf3c3db1,SP reward for iBTC,09 October 2023,73442,10-01-2024 21:45,12-10-2023 23:00
4224,442,e67bcf67de8a7932f1b1e396657a7f3f27463e98327fbb5e8d27b1b3,SP reward for iBTC,09 October 2023,213179,10-01-2024 21:45,12-10-2023 23:00
4225,442,a21ad32e6fdf1ed6d0ffdec01e71a481dc2b0c8ec0290f2ed9f227c1,SP reward for iBTC,09 October 2023,964,10-01-2024 21:45,12-10-2023 23:00
4226,442,476b3ff004d654d9792905df08b6122ce7f0934776fd4cfe14619e1f,SP reward for iBTC,09 October 2023,4219,10-01-2024 21:45,12-10-2023 23:00
4227,442,43b8e3375ecf90169230d91ce92863d0b041ed4c8668cc87d17ea980,SP reward for iBTC,09 October 2023,13950,10-01-2024 21:45,12-10-2023 23:00
4228,442,cf80384d5c45b66114334e9aa2ceb2c5fc762a94301c4c6787c69edc,SP reward for iBTC,09 October 2023,282754,10-01-2024 21:45,12-10-2023 23:00
4229,442,7dc85fe5487b335c2da93f88ece77f627227d835da86e4eb193312d4,SP reward for iBTC,09 October 2023,12,10-01-2024 21:45,12-10-2023 23:00
4230,442,258b0f580832ed26df4c5d92a9b5270c0e3dd4dd5a806bf7b8817ee4,SP reward for iBTC,09 October 2023,40393,10-01-2024 21:45,12-10-2023 23:00
4231,442,01eb20dded4e71bc19c2fe3b5751eae6d10a765dfb16db2e82f6a4ba,SP reward for iBTC,09 October 2023,65591,10-01-2024 21:45,12-10-2023 23:00
4232,442,6c2c506ec04e624743404ae1688a4fc6f668de7ac6990612e26246d0,SP reward for iBTC,09 October 2023,11847,10-01-2024 21:45,12-10-2023 23:00
4233,442,802cb092106fceffa2337814d10a42c330bfd573c0b29819d6a43b4a,SP reward for iBTC,09 October 2023,299760,10-01-2024 21:45,12-10-2023 23:00
4234,442,02dea5a4227b3f3ea4c25cb9efec1c9d21d6c84c094723fc4d0ea263,SP reward for iBTC,09 October 2023,8050,10-01-2024 21:45,12-10-2023 23:00
4235,442,bd2a3bc90f29b243b3034ce2db38942aac3e16c7ebe0016add056d53,SP reward for iBTC,09 October 2023,5159,10-01-2024 21:45,12-10-2023 23:00
4236,442,fa447f916a5a021053692ded933c27349eec25674d8d0cd7470f0125,SP reward for iBTC,09 October 2023,1246,10-01-2024 21:45,12-10-2023 23:00
4237,442,a65059f2283e5ff29d0c818cba02d9f700fc7c3e891c324bdfd5d1ca,SP reward for iBTC,09 October 2023,106255,10-01-2024 21:45,12-10-2023 23:00
4238,442,a6dbba290877e35a99d112108edf8c59364f9d06d0de28484b88d592,SP reward for iBTC,09 October 2023,1763,10-01-2024 21:45,12-10-2023 23:00
4239,442,e367111803d9720ed53b7127da78ed0a9317a8b7188c71fa947fb5cb,SP reward for iBTC,09 October 2023,17840,10-01-2024 21:45,12-10-2023 23:00
4240,442,39b625fa46ceaed9d756e6e663b0ce12da66b96f571a70f81d307000,SP reward for iBTC,09 October 2023,2527854,10-01-2024 21:45,12-10-2023 23:00
4241,442,91b90be38c88534f0e56ac18a8d1f0c6b1502fff72d59930ca2a37de,SP reward for iBTC,09 October 2023,11435,10-01-2024 21:45,12-10-2023 23:00
4242,442,79e3d59ab4a72ee17c3f6ee81f262aada5ba9f9c9293eb3b07363224,SP reward for iBTC,09 October 2023,136447,10-01-2024 21:45,12-10-2023 23:00
4243,442,56460232600f7f83c802cd4d754d1df5909498ba129dd9b921490ba5,SP reward for iBTC,09 October 2023,55061,10-01-2024 21:45,12-10-2023 23:00
4244,442,31ac5363f5d3b6bc5ee0a10aac24f82fb0417a1e53f318833cb34c9b,SP reward for iBTC,09 October 2023,10671,10-01-2024 21:45,12-10-2023 23:00
4245,442,c50059f86353b3a494aa471c2ed2bb644db9a28cb3242e5651f297c3,SP reward for iBTC,09 October 2023,24880,10-01-2024 21:45,12-10-2023 23:00
4246,442,d218cf8074ea70f71c6cb07461ea99c98ea021dce93f8ef31e17a07c,SP reward for iBTC,09 October 2023,4901,10-01-2024 21:45,12-10-2023 23:00
4247,442,9b314b76487603dec62a43cfeea584dae73cd42e7f83871495974fdb,SP reward for iBTC,09 October 2023,28582,10-01-2024 21:45,12-10-2023 23:00
4248,442,89b6e6736d0a6643d4f3a5205c5ebb853a1d8fbbc51b8d73723af1e4,SP reward for iBTC,09 October 2023,12023,10-01-2024 21:45,12-10-2023 23:00
4249,442,dbe4f7a84a446f0945219f3e126c627216733c00f33ac99e0184f0d7,SP reward for iBTC,09 October 2023,96524,10-01-2024 21:45,12-10-2023 23:00
4250,442,7a069e44ff96e9f9c7dd2097650124d542e88638fbcc67de7e168139,SP reward for iBTC,09 October 2023,42192,10-01-2024 21:45,12-10-2023 23:00
4251,442,dbf5237efea8d4014dd9dd124d0c1f8798e92e1e2016cf670eaf1424,SP reward for iBTC,09 October 2023,47892,10-01-2024 21:45,12-10-2023 23:00
4252,442,1b1ba287e7816fd86a470d6e56a89db3741b4781b0946730482f0c8e,SP reward for iBTC,09 October 2023,83032,10-01-2024 21:45,12-10-2023 23:00
4253,442,fd84357990c85741e74703ffc003798059eecfc6cd9ee37c98e93fd8,SP reward for iBTC,09 October 2023,7592,10-01-2024 21:45,12-10-2023 23:00
4254,442,5f03b2d007767d056973fc9afe4b7cad8695a82db73f12b998c64250,SP reward for iBTC,09 October 2023,153735,10-01-2024 21:45,12-10-2023 23:00
4255,442,3addd926e4d74499b821cb53b4e084086d1323a22608c47c43b21f50,SP reward for iBTC,09 October 2023,524492,10-01-2024 21:45,12-10-2023 23:00
4256,442,e544d0152f17bacc61736bea720477a416dbd60ead88c42cf6dda564,SP reward for iBTC,09 October 2023,34094,10-01-2024 21:45,12-10-2023 23:00
4257,442,3349450c00e6bcd2b48a1adba10b32343f045abd172ec4b9b297faad,SP reward for iBTC,09 October 2023,647165,10-01-2024 21:45,12-10-2023 23:00
4258,442,ecf5b1ffca39a9821dc42163dea13dc58d4d9b28767edf02124a271a,SP reward for iBTC,09 October 2023,15878,10-01-2024 21:45,12-10-2023 23:00
4259,442,57e353299dc689c7b021c9252c7d0650f362b3877a2e659340efc70a,SP reward for iBTC,09 October 2023,53991,10-01-2024 21:45,12-10-2023 23:00
4260,442,e1fe8c18060b61725fc639e6ed11f31323da2cc773f048910a4634da,SP reward for iBTC,09 October 2023,208079,10-01-2024 21:45,12-10-2023 23:00
4261,442,226efff56376642abcea869757e787dbe8916c694dc8ea69be81d4d3,SP reward for iBTC,09 October 2023,11447,10-01-2024 21:45,12-10-2023 23:00
4262,442,627af63a775267b8a3f8fbed2a0f823e5e99d679522adec252f2c8ff,SP reward for iBTC,09 October 2023,155980,10-01-2024 21:45,12-10-2023 23:00
4263,442,78278bcb9c677979118fb293f6b2ea731711d27c4c00a6c6477081c8,SP reward for iBTC,09 October 2023,98392,10-01-2024 21:45,12-10-2023 23:00
4264,442,611dd956af4745b49b478a9fec15b7ba57c9ddaa111c15a08fc3b407,SP reward for iBTC,09 October 2023,19944,10-01-2024 21:45,12-10-2023 23:00
4265,442,4d67cf44cabdb0209f5388ca682dca8d148480adcefe63448f413ba3,SP reward for iBTC,09 October 2023,214190,10-01-2024 21:45,12-10-2023 23:00
4266,442,e31737eff954647c3cfb076fc5ec72a889d3d7b27a875fdf2fd1b379,SP reward for iBTC,09 October 2023,12,10-01-2024 21:45,12-10-2023 23:00
4267,442,fc5543c66855df3872fc1c6bedbd95bb592feb158a7656d0964358b1,SP reward for iBTC,09 October 2023,107994,10-01-2024 21:45,12-10-2023 23:00
4268,442,476b50ba222061304df4ef1e7da2a370fc1a452f4100e862d5555269,SP reward for iBTC,09 October 2023,131922,10-01-2024 21:45,12-10-2023 23:00
4269,442,becf6035f52fa35d5d7a8731b2c5dbc11c044c40fe202181aa28cfc1,SP reward for iBTC,09 October 2023,243207,10-01-2024 21:45,12-10-2023 23:00
4270,442,96ffd21941e1c71772b97f5682c7bd2bc30640c68fc1d32c0c70b8d9,SP reward for iBTC,09 October 2023,356866,10-01-2024 21:45,12-10-2023 23:00
4271,442,1045e75d3b45f6170e3cb414db37069282799761865f831fd98eb6a9,SP reward for iBTC,09 October 2023,27066,10-01-2024 21:45,12-10-2023 23:00
4272,442,ff7146ab3d288749871f4cf95b6d586203facd0bbf2cedebd34470e3,SP reward for iBTC,09 October 2023,1461170,10-01-2024 21:45,12-10-2023 23:00
4273,442,7502c5c924fda27047c2cdff8e5a3ebf823c8427387b674b12b0203d,SP reward for iBTC,09 October 2023,12,10-01-2024 21:45,12-10-2023 23:00
4274,442,7c287d80b89068e3f0e5ad9cdcfccd67e264e10c7bac1f1c50b4b4ce,SP reward for iBTC,09 October 2023,106854,10-01-2024 21:45,12-10-2023 23:00
4275,442,4e1b5e33ca40177148b9a59b602070a93d08c6d28769fa954879cc34,SP reward for iBTC,09 October 2023,7028,10-01-2024 21:45,12-10-2023 23:00
4276,442,e0f3e44d96ee509d6ab6e2da8f461254ca01f70093af4449dc4872f7,SP reward for iBTC,09 October 2023,576,10-01-2024 21:45,12-10-2023 23:00
4277,442,17847aaa1e8f5041d5591347a6337e9992eb0f565f725cf43191558a,SP reward for iBTC,09 October 2023,973287,10-01-2024 21:45,12-10-2023 23:00
4278,442,bd0f8a958763197ef563ab8d4d85fc21fee6f7b894d6c7c8d82db00c,SP reward for iBTC,09 October 2023,928,10-01-2024 21:45,12-10-2023 23:00
4279,442,eca93e97120204b13cf0fa6a0f87e37c39503bfaa2872a01944f02b8,SP reward for iBTC,09 October 2023,98381,10-01-2024 21:45,12-10-2023 23:00
4280,442,9d4d413b3f4497d3ccdb07be86f076da7010d81e145b55adcdc2f833,SP reward for iBTC,09 October 2023,10178,10-01-2024 21:45,12-10-2023 23:00
4281,442,efd2562cf81215badd5f6232a30689f8b150bbed13bbca6fea876ddf,SP reward for iBTC,09 October 2023,133438,10-01-2024 21:45,12-10-2023 23:00
4282,442,eec262031b5b78bd61e1f5aaeb37110ab6599407ab82682ad1798d21,SP reward for iBTC,09 October 2023,97111,10-01-2024 21:45,12-10-2023 23:00
4283,442,5841691340afe9da06fa9b6183312767278be1ba7ca99c752ef50fd6,SP reward for iBTC,09 October 2023,192436,10-01-2024 21:45,12-10-2023 23:00
4284,442,a0ffd156054ecb13d0f10dc4df8234d966e8ddac81e4708f2ed0eafc,SP reward for iBTC,09 October 2023,4056131,10-01-2024 21:45,12-10-2023 23:00
4285,442,f7fbc9291c83560868ab7e3ba41ae900800b74940e117d044bf7dae4,SP reward for iBTC,09 October 2023,79741,10-01-2024 21:45,12-10-2023 23:00
4286,442,b4b1870ad7b75cc0e6ec8241474a9f83a053e0135aeca9718bbad2d6,SP reward for iBTC,09 October 2023,553533,10-01-2024 21:45,12-10-2023 23:00
4287,442,dbf62020c6e458cd78ab8e4726fbc766b60c9a473918a5afb8784f4f,SP reward for iBTC,09 October 2023,10342,10-01-2024 21:45,12-10-2023 23:00
4288,442,8ede185c7701ad49c0e4a8e8551d273ff717922d2487f54fac34fa6d,SP reward for iBTC,09 October 2023,339437,10-01-2024 21:45,12-10-2023 23:00
4289,442,623f00f49ed872b8fde76a4d5520f4ff63e50dec00b938701fe2aedd,SP reward for iBTC,09 October 2023,33977,10-01-2024 21:45,12-10-2023 23:00
4290,442,ae410e87b18ac10b7b28dcc401248dfe43d8bddcad2c349f315e9d55,SP reward for iBTC,09 October 2023,14397,10-01-2024 21:45,12-10-2023 23:00
4291,442,742e13aeb9130597e75cb1e4201368884b223a027760b1614ddcd514,SP reward for iBTC,09 October 2023,223016,10-01-2024 21:45,12-10-2023 23:00
4292,442,659c684b55fbaeac93ace9f4568e4815d01e094b823be7a04d3552f5,SP reward for iBTC,09 October 2023,565427,10-01-2024 21:45,12-10-2023 23:00
4293,442,e435792ece3754f9a940629ec319e62c108f06fedc90da30504b776f,SP reward for iBTC,09 October 2023,105467,10-01-2024 21:45,12-10-2023 23:00
4294,442,b75a87ce395a2a35d89a86f52fe433a1fc75ad685a4706b134fdb349,SP reward for iBTC,09 October 2023,82033,10-01-2024 21:45,12-10-2023 23:00
4295,442,862f5ad26068a3da287a54bc2fab1c19a99a48c81939d34870be1b85,SP reward for iBTC,09 October 2023,52828,10-01-2024 21:45,12-10-2023 23:00
4296,442,f7b1e851725cfa1f1f24f6b0efb5c29ca06119a33c64f8b6324f27db,SP reward for iBTC,09 October 2023,34341,10-01-2024 21:45,12-10-2023 23:00
4297,442,cf160c79e4395e9b17de9ff8fa6d78e9ade6fee1e7080e0c00152e3e,SP reward for iBTC,09 October 2023,272718,10-01-2024 21:45,12-10-2023 23:00
4298,442,ea8d6023f782f4802d83c0c803c213be848f2a5aec6bceb40a3a71c2,SP reward for iBTC,09 October 2023,576,10-01-2024 21:45,12-10-2023 23:00
4299,442,70f311783e3166f6d6bc39a700b92a2a2610b7cf7f20b5775244b657,SP reward for iBTC,09 October 2023,1047739,10-01-2024 21:45,12-10-2023 23:00
4300,442,878c6006173f9d113f53ba6169317039743808f62e25f539418ba4af,SP reward for iBTC,09 October 2023,1195539,10-01-2024 21:45,12-10-2023 23:00
4301,442,4e3f32529b38dc2fec4f2e582ead19b227edac321f79b7f4fb26a362,SP reward for iBTC,09 October 2023,17441,10-01-2024 21:45,12-10-2023 23:00
4302,442,7346e0ad8dce5c04702ca60dd0d4526e2df5d483f1761718ee53aad5,SP reward for iBTC,09 October 2023,103963,10-01-2024 21:45,12-10-2023 23:00
4303,442,4b950752c2113c742fcb45f06e31f1773151ec070e34b5361a2e559f,SP reward for iBTC,09 October 2023,2018722,10-01-2024 21:45,12-10-2023 23:00
4304,442,69a97eb8edd3bd6c373b00d162d4463c2b6834e4d66d0e6f29f797e3,SP reward for iBTC,09 October 2023,24131225,10-01-2024 21:45,12-10-2023 23:00
4305,442,2dabdcb42f94e94c8c01515743dd95856cec96a8367fa180dcb71b99,SP reward for iBTC,09 October 2023,76215,10-01-2024 21:45,12-10-2023 23:00
4306,442,8fd1c10f23d010cb70527dfa179041722d39ecbb73a759bc2b88639c,SP reward for iBTC,09 October 2023,528312,10-01-2024 21:45,12-10-2023 23:00
4307,442,33927ace3bccbac0df3ec2a62bbfc5b7637b1d1c48a253c34397f43c,SP reward for iBTC,09 October 2023,5770,10-01-2024 21:45,12-10-2023 23:00
4308,442,d507ae81327a236ebeb68e2eb12a2e91f1dec6864389e429cca299dd,SP reward for iBTC,09 October 2023,874565,10-01-2024 21:45,12-10-2023 23:00
4309,442,d74a6efc13c28b96e80fa23036353ec62897443d0ee58a7cae63cb0b,SP reward for iBTC,09 October 2023,114211,10-01-2024 21:45,12-10-2023 23:00
4310,442,47ee31ae699bd89a025e9501b9f940c22de22a3dfc2a718e2a10eb05,SP reward for iBTC,09 October 2023,8779,10-01-2024 21:45,12-10-2023 23:00
4311,442,5f4cdf9c20fb77b9f42b5e38191e4f5f75b2204e5c86d8a0f7a0dc36,SP reward for iBTC,09 October 2023,115128,10-01-2024 21:45,12-10-2023 23:00
4312,442,172e62f4878895a3168c61eccd4f7effd9e33383a4b89031c2d05053,SP reward for iBTC,09 October 2023,375694,10-01-2024 21:45,12-10-2023 23:00
4313,442,1b0f82f268b7fe033d88c2ac02f6a179e2ea545a13cb01a3a54a599a,SP reward for iBTC,09 October 2023,66414,10-01-2024 21:45,12-10-2023 23:00
4314,442,ed2d886c9096287956f5c505925a4921e587a7fb6b9216a178616076,SP reward for iBTC,09 October 2023,150879,10-01-2024 21:45,12-10-2023 23:00
4315,442,0dcbeed337d833d3642b28c19cdc84b4a6bd454170bc39dd5b8fd27f,SP reward for iBTC,09 October 2023,75334,10-01-2024 21:45,12-10-2023 23:00
4316,442,5dd980e75c38dc7af3dbb6d1d1f023b6b2c47e0fc11d7614b8c6144a,SP reward for iBTC,09 October 2023,52029,10-01-2024 21:45,12-10-2023 23:00
4317,442,b0d6004a93f5ebcbca3d9df0d90dd40d56118c2d092bf4073450c7cf,SP reward for iBTC,09 October 2023,28629,10-01-2024 21:45,12-10-2023 23:00
4318,442,c59dfaaf43c38d28e4bf38064a298f6adff6f0ac28a81ca2ba81efd4,SP reward for iBTC,09 October 2023,6311,10-01-2024 21:45,12-10-2023 23:00
4319,442,1c17a2b47f85fbfb39d92c74636c3febf1c4171c923fcb69f1d9cc15,SP reward for iBTC,09 October 2023,295576,10-01-2024 21:45,12-10-2023 23:00
4320,442,00d5a046be21b4c6c5c6c90c6f831f2b6413cf7c22bd0e0affddf169,SP reward for iBTC,09 October 2023,62923,10-01-2024 21:45,12-10-2023 23:00
4321,442,803aa8053a78aaea3d2fe1c3591703fa63e0617e2153551fd6742ddb,SP reward for iBTC,09 October 2023,28324,10-01-2024 21:45,12-10-2023 23:00
4322,442,d4354d91bc4d7bc7e8a8fc5794f99754740cb0d23b0b96c32b334fed,SP reward for iBTC,09 October 2023,43990,10-01-2024 21:45,12-10-2023 23:00
4323,442,127d26a73f634ffb7d4e6520feddd1f5abc62b4bfb9c5b513a0faf23,SP reward for iBTC,09 October 2023,15396,10-01-2024 21:45,12-10-2023 23:00
4324,442,efe6a1bd03d8dd1a5a22927c2d862e27d6d0dd04bb4ed396d8887056,SP reward for iBTC,09 October 2023,15396,10-01-2024 21:45,12-10-2023 23:00
4325,442,5f8f6ba508ff9881b3c738c4a7c20e0847d02b71d18de8ac1cb80514,SP reward for iBTC,09 October 2023,15419,10-01-2024 21:45,12-10-2023 23:00
4326,442,9e643254f8245ece4648fcdc4a354ea13e344c11271af8c658253032,SP reward for iBTC,09 October 2023,15431,10-01-2024 21:45,12-10-2023 23:00
4327,442,d0a287080a5f1e8c7895310d78734a8b9937f46073b058b098bd4ea4,SP reward for iBTC,09 October 2023,15396,10-01-2024 21:45,12-10-2023 23:00
4328,442,44695b930c7d23346cf113e38f5e5cf7050ada748945ab88aedf6a41,SP reward for iBTC,09 October 2023,15431,10-01-2024 21:45,12-10-2023 23:00
4329,442,5ebf7013444e2e68de82850cdfb3666ca4736e73ddd9086d6466effc,SP reward for iBTC,09 October 2023,15419,10-01-2024 21:45,12-10-2023 23:00
4330,442,9e1c246216b925a3525c8a22acca10e4f20a8bb72eadd794842941d0,SP reward for iBTC,09 October 2023,15419,10-01-2024 21:45,12-10-2023 23:00
4331,442,2abf3c6529aed8e823daf0009e245991f07312b2c3abfa896ae0d621,SP reward for iBTC,09 October 2023,15408,10-01-2024 21:45,12-10-2023 23:00
4332,442,28c0ed86703825c350733056b1b81ddcd366438987fe0c61c8035072,SP reward for iBTC,09 October 2023,15408,10-01-2024 21:45,12-10-2023 23:00
4333,442,6967ac99067fa8918be3effe80acb02d0112916b196c3472bf1ae8d3,SP reward for iBTC,09 October 2023,15466,10-01-2024 21:45,12-10-2023 23:00
4334,442,8e2e68198ad244bf93f8aa743640ef5a97a3e7ec9c2d8bc6faa61123,SP reward for iBTC,09 October 2023,15466,10-01-2024 21:45,12-10-2023 23:00
4335,442,4317b2ad43c9462bd359d9d7cd7ff9c09d753755c061ad5ee15e0165,SP reward for iBTC,09 October 2023,15443,10-01-2024 21:45,12-10-2023 23:00
4336,442,dcd377746b5124b7dc67168f12221da018ddf15b9fbee68ee0735c8a,SP reward for iBTC,09 October 2023,15443,10-01-2024 21:45,12-10-2023 23:00
4337,442,ca80c29f0fab9e47157113fdbf0e5adad90f606ac3c2c0472da31fcc,SP reward for iBTC,09 October 2023,15443,10-01-2024 21:45,12-10-2023 23:00
4338,442,c77f571656d51f09f302b1916071bed21d55dfacbbe2fdbb818b0d4a,SP reward for iBTC,09 October 2023,13856,10-01-2024 21:45,12-10-2023 23:00
4339,442,7a2009799e43e9044fd476ff1f88fbea64babef7a7bc20c6b21c7939,SP reward for iBTC,09 October 2023,15455,10-01-2024 21:45,12-10-2023 23:00
4340,442,84004c5f32b4d374910d336498d403676dc192f86584ae1d9eb1db4a,SP reward for iBTC,09 October 2023,15455,10-01-2024 21:45,12-10-2023 23:00
4341,442,5d836fc0b9042bafc309fe81cad9902a3e5256acea324b4128b4bbe6,SP reward for iBTC,09 October 2023,15455,10-01-2024 21:45,12-10-2023 23:00
4342,442,5465bf73f1a67d5b67ecd4d29515ef9c7e2a31130b3bb036e50b0984,SP reward for iBTC,09 October 2023,15455,10-01-2024 21:45,12-10-2023 23:00
4343,442,b1f7b45205350ea85fcf6b736477f5fadd617ef9ad9c98a48ad61ec9,SP reward for iBTC,09 October 2023,1366021,10-01-2024 21:45,12-10-2023 23:00
4344,442,cd86c7001be335cb5ba746ee9c7b23758eff240e67ae44b4af9f3f85,SP reward for iBTC,09 October 2023,154229,10-01-2024 21:45,12-10-2023 23:00
4345,442,5434b2713c0d0884e45afb46b9f560e0e8be50d63ae949be9fe51423,SP reward for iBTC,09 October 2023,20050,10-01-2024 21:45,12-10-2023 23:00
4346,442,338f6ad73e0886541751486f71ceb084279c1ef0babe1ca9a2d58687,SP reward for iBTC,09 October 2023,1214073,10-01-2024 21:45,12-10-2023 23:00
4347,442,a1e4678a007b4cbfc9aa6e7f9a37a15c2edb29f18ee1727b2a161bb8,SP reward for iBTC,09 October 2023,81563,10-01-2024 21:45,12-10-2023 23:00
4348,442,85c66ed26b27050fbc7bebe3c85f283ea848da45f15dd05469477684,SP reward for iBTC,09 October 2023,39853,10-01-2024 21:45,12-10-2023 23:00
4349,442,2177c9b358e79ac479a2e137ce1326609b8341c32770c2166915cc8a,SP reward for iBTC,09 October 2023,16383,10-01-2024 21:45,12-10-2023 23:00
4350,442,4cb2eb343a9f29be1c2550732c532cf3d2a846cce4b12691379bdc70,SP reward for iBTC,09 October 2023,61090,10-01-2024 21:45,12-10-2023 23:00
4351,442,b1f1b061e51ad6f7a28f63f6f6e8928ae397a229eb37eb968bce611d,SP reward for iBTC,09 October 2023,265443,10-01-2024 21:45,12-10-2023 23:00
4352,442,252028dd01e3acc1c30861a6624f8b90e85f9b9056fde443a3df8533,SP reward for iBTC,09 October 2023,49549,10-01-2024 21:45,12-10-2023 23:00
4353,442,08bee9b93df80b52ef1582cafdc2d00b8ebb1db6f53d42746ba2ee8a,SP reward for iBTC,09 October 2023,306683,10-01-2024 21:45,12-10-2023 23:00
4354,442,0fd054639a3e8f5d478a3a54301863571c602fa127d5240ed03b9396,SP reward for iBTC,09 October 2023,85617,10-01-2024 21:45,12-10-2023 23:00
4355,442,d0bada51ac1cbd906f6d2310bab8e20f8dbb9f90c9719969a5ae8f66,SP reward for iBTC,09 October 2023,118842,10-01-2024 21:45,12-10-2023 23:00
4356,442,927e55798611f7bc06bb509fc2a6ec54a42d0284b52478f38053c635,SP reward for iBTC,09 October 2023,127021,10-01-2024 21:45,12-10-2023 23:00
4357,442,9874f0db003e781647db8f953002a3db4844641352332ff7c6fe6c1d,SP reward for iBTC,09 October 2023,416475,10-01-2024 21:45,12-10-2023 23:00
4358,442,c92acee29814228a44be41f4a07ca4beaac0585a93f5a5f36e0a625a,SP reward for iBTC,09 October 2023,431459,10-01-2024 21:45,12-10-2023 23:00
4359,442,f08a2242c6a6353ea38c9316dc478cad0d5e53eef6c1833e763eb33d,SP reward for iBTC,09 October 2023,12199,10-01-2024 21:45,12-10-2023 23:00
4360,442,34c3340d91bf6565f8b26b14e5dc37c6f89d62bc748b78de164115da,SP reward for iBTC,09 October 2023,27266,10-01-2024 21:45,12-10-2023 23:00
4361,442,9f95cb7929fd219396797e5ed4c48b69cd18f58370858927236619cf,SP reward for iBTC,09 October 2023,564,10-01-2024 21:45,12-10-2023 23:00
4362,442,8aaa28ab9441608df81e08d2b228a7349d76bf3019504a8615bfcf08,SP reward for iBTC,09 October 2023,60819,10-01-2024 21:45,12-10-2023 23:00
4363,442,9c8cc3ac2810e440ae1d0d41c4d7cbf79b860b5f315f8d4ed8350d81,SP reward for iBTC,09 October 2023,60573,10-01-2024 21:45,12-10-2023 23:00
4364,442,851e58aaf8a0c9f3c9abbaf773b05533b5aac52afc6f9dab8d656c91,SP reward for iBTC,09 October 2023,70515,10-01-2024 21:45,12-10-2023 23:00
4365,442,6f55a9d74db68134d952107df81bfffdec92fed808885f29e3ab39b1,SP reward for iBTC,09 October 2023,28923,10-01-2024 21:45,12-10-2023 23:00
4366,442,611d8b0630ae6010daa86863dbebda9d75d83c77a3f9799153c03091,SP reward for iBTC,09 October 2023,842822,10-01-2024 21:45,12-10-2023 23:00
4367,442,5a4fad55fdeabf0d0dfb5d4b75464bf5ee33a8f1edd2015dc0b39c24,SP reward for iBTC,09 October 2023,77214,10-01-2024 21:45,12-10-2023 23:00
4368,442,421eb2f69996e14e0249d6008d6db12997e9feb75ffe5ae8a18450dc,SP reward for iBTC,09 October 2023,1118924,10-01-2024 21:45,12-10-2023 23:00
4369,442,07b67ac56d6c56a757ac53b2c37f47ac6904d27a64aa6b1bc7d7c906,SP reward for iBTC,09 October 2023,808645,10-01-2024 21:45,12-10-2023 23:00
4370,442,e78c4eb4ec3e852b78f8540a7ff65767451cbf7601c4e6a9c4c97d52,SP reward for iBTC,09 October 2023,690626,10-01-2024 21:45,12-10-2023 23:00
4371,442,244ef5c19b4209da7df61d1f9a41ca599cf12610aed0f9457dbc7353,SP reward for iBTC,09 October 2023,220666,10-01-2024 21:45,12-10-2023 23:00
4372,442,68fb726d104e615aa74b865aa28f0e8460ef489721ee26413f190a2b,SP reward for iBTC,09 October 2023,56577,10-01-2024 21:45,12-10-2023 23:00
4373,442,e892875d741eeddc536eb15bb8df712f375ee8b043312119ae1b3742,SP reward for iBTC,09 October 2023,464037,10-01-2024 21:45,12-10-2023 23:00
4374,442,0f602b5d99125a213ff9978c6dfca3147a2daf71d7baa9807b6d395b,SP reward for iBTC,09 October 2023,12540,10-01-2024 21:45,12-10-2023 23:00
4375,442,4482822ba84d47736ecfc0a9647e3d1f6114b32f6bc944ceb6c67b13,SP reward for iBTC,09 October 2023,100531,10-01-2024 21:45,12-10-2023 23:00
4376,442,759d6df20a7f19005a274354accf23be17d066149740f11b76115565,SP reward for iBTC,09 October 2023,215741,10-01-2024 21:45,12-10-2023 23:00
4377,442,3ff27f47760d508cbc7e9db201e9fa0a985717f9cbfd307d429ba670,SP reward for iBTC,09 October 2023,1042709,10-01-2024 21:45,12-10-2023 23:00
4378,442,a7c4ad49f24faecad3a91f5e5a4109cfa822faade50e6840a3db3d67,SP reward for iBTC,09 October 2023,1499660,10-01-2024 21:45,12-10-2023 23:00
4379,442,759eb4f2ca5d96083badd166880b65128fa3d8da340bce3b4198a2f3,SP reward for iBTC,09 October 2023,889256,10-01-2024 21:45,12-10-2023 23:00
4380,442,360009fae135652bcbf7b5dcb75bbacada4c10dd5bc9626fa229569a,SP reward for iBTC,09 October 2023,43437,10-01-2024 21:45,12-10-2023 23:00
4381,442,d98785b47f3e7e0d0f16ba3186a7349b9e95fc1c8ea5b60b06c7c214,SP reward for iBTC,09 October 2023,263304,10-01-2024 21:45,12-10-2023 23:00
4382,442,36335a09015ff3e7941cc3bc4095f41ec80aedf5086c1ffedf7bc7a9,SP reward for iBTC,09 October 2023,1155616,10-01-2024 21:45,12-10-2023 23:00
4383,442,c2caa3f52fdfe4424d8aab68f691aa1617988acdb86a37b2850795ac,SP reward for iBTC,09 October 2023,289101,10-01-2024 21:45,12-10-2023 23:00
4384,442,0a36d2059eac53b46045092125f8419d455cf63ba48a7f2285a1a691,SP reward for iBTC,09 October 2023,685397,10-01-2024 21:45,12-10-2023 23:00
4385,442,343a6e2b66f769abf99ad58bc6425690fd647ea7221a738a55d94bd6,SP reward for iBTC,09 October 2023,165887,10-01-2024 21:45,12-10-2023 23:00
4386,442,69378090fe30db71103e3e1733833fdfd7caca0ce295aaecc4c87b73,SP reward for iBTC,09 October 2023,146014,10-01-2024 21:45,12-10-2023 23:00
4387,442,dbd9c61554e7f039b6d4eeaa12977fd06872e65ee8b7069c967c8ead,SP reward for iBTC,09 October 2023,68376,10-01-2024 21:45,12-10-2023 23:00
4388,442,01f6dc5b1fa257c30119d02f9ec10db6cec471c96fde0ea8a06f1f52,SP reward for iBTC,09 October 2023,1103376,10-01-2024 21:45,12-10-2023 23:00
4389,442,481c685b45d23206458864c3cee0ec7258f8b28d15000fae7c9ee246,SP reward for iBTC,09 October 2023,11224,10-01-2024 21:45,12-10-2023 23:00
4390,442,31eec5d71937555a28119e20dadcbe20b67b367b2f31f21957466444,SP reward for iBTC,09 October 2023,518934,10-01-2024 21:45,12-10-2023 23:00
4391,442,9527209d33e31613f6543e4c5447305c05f8afc334d0f8aa90f6e256,SP reward for iBTC,09 October 2023,10530,10-01-2024 21:45,12-10-2023 23:00
4392,442,8d9f07138fbec27a505c2800f79653639a09487e702622bc52bc7ac4,SP reward for iBTC,09 October 2023,190673,10-01-2024 21:45,12-10-2023 23:00
4393,442,1c874dcb1cc790d45772509bed0e7d7bd8396ca0f72ed76025296496,SP reward for iBTC,09 October 2023,22541,10-01-2024 21:45,12-10-2023 23:00
4394,442,c5ad47122828f917f08da9b1919bf801fb63a1b00950888c4e1d553f,SP reward for iBTC,09 October 2023,103704,10-01-2024 21:45,12-10-2023 23:00
4395,442,23a833160c3d6a9c09c95cae9035dacdb5be88b00fd1c34ca6399bd7,SP reward for iBTC,09 October 2023,140760,10-01-2024 21:45,12-10-2023 23:00
4396,442,c4c6e2c645f453f6f7ca990b7ade2b2b2de868c0aeb5c7511e481fe9,SP reward for iBTC,09 October 2023,1621428,10-01-2024 21:45,12-10-2023 23:00
4397,442,5ba4f7eb27d46622d4728a365e4e78b349d96c40cb8e6b17b32814ad,SP reward for iBTC,09 October 2023,24892,10-01-2024 21:45,12-10-2023 23:00
4398,442,85dccd823a8eda33c9f680bb5dd7c09479fae10c95732a968f39ddad,SP reward for iBTC,09 October 2023,161374,10-01-2024 21:45,12-10-2023 23:00
4399,442,86a99dbae5591a3ea7274bb23bc1b80d3c1ab2f2741434ff30984d90,SP reward for iBTC,09 October 2023,42779,10-01-2024 21:45,12-10-2023 23:00
4400,442,8d589e8e00fdadd913c2f769b43d341a03fc6ce5823456e7a3deaa01,SP reward for iBTC,09 October 2023,113295,10-01-2024 21:45,12-10-2023 23:00
4401,442,6c84ff02fbb588bbfc2cf7edd4c93ccb0582bc5563a4034ae39a1db6,SP reward for iBTC,09 October 2023,253056,10-01-2024 21:45,12-10-2023 23:00
4402,442,bf97ad99b5269c15e3726290f95f0fc0ec8dbada31183778548d9da0,SP reward for iBTC,09 October 2023,10865449,10-01-2024 21:45,12-10-2023 23:00
4403,442,9119d1928ddf92d6dc740edccad925e6ec9a7bacafb0a4d1963064a2,SP reward for iBTC,09 October 2023,190062,10-01-2024 21:45,12-10-2023 23:00
4404,442,c36eec545b3d4967a6761fcdb2595a7e87863e334942e60ecfdc5ca8,SP reward for iBTC,09 October 2023,463990,10-01-2024 21:45,12-10-2023 23:00
4405,442,69db3ddacd4bd728026a19f9e8be6d41771d6cfb8cc1706798b3ad1b,SP reward for iBTC,09 October 2023,153218,10-01-2024 21:45,12-10-2023 23:00
4406,442,405966152e910c43c45f1d21d8420d7ce66c604b9750824741970780,SP reward for iBTC,09 October 2023,29076,10-01-2024 21:45,12-10-2023 23:00
4407,442,2a9e1ec8640d0b29f2942fb8e7edf6b10a46df1002b64f3c7fa91723,SP reward for iBTC,09 October 2023,78037,10-01-2024 21:45,12-10-2023 23:00
4408,442,e6fdaba56d087a16a9d4cd4a298d537bb25843159bbe8c9dfcfa3530,SP reward for iBTC,09 October 2023,105115,10-01-2024 21:45,12-10-2023 23:00
4409,442,1385472fec065e645adad4da5662368191ca8f5f6fe59fe849d7002e,SP reward for iBTC,09 October 2023,74793,10-01-2024 21:45,12-10-2023 23:00
4410,442,b01f0c44e67df1b4b6554d0e86a6b3d2529cdabb099bb8cba9af32f9,SP reward for iBTC,09 October 2023,352059,10-01-2024 21:45,12-10-2023 23:00
4411,442,2565d4ceb27abec66f12b27af3bfb8a828bcc5dfedc31442fb34422a,SP reward for iBTC,09 October 2023,564674,10-01-2024 21:45,12-10-2023 23:00
4412,442,d054a3e88aa7d909469f67c6bbaeab11aa87316f08c1eed2b6c2aed3,SP reward for iBTC,09 October 2023,505395,10-01-2024 21:45,12-10-2023 23:00
4413,442,982897eebb4516bb2e68c969145ed6b60afd9581c5395fd8d5f41671,SP reward for iBTC,09 October 2023,833772,10-01-2024 21:45,12-10-2023 23:00
4414,442,697ed4b4d37e6505d79692e149459fdae0ccd24d11201f9034b6c006,SP reward for iBTC,09 October 2023,11482,10-01-2024 21:45,12-10-2023 23:00
4415,442,2922bb18ea7225c2905acb96276ea33273c5e07a0860fb276087115f,SP reward for iBTC,09 October 2023,372038,10-01-2024 21:45,12-10-2023 23:00
4416,442,9c9ccbb773315d014fa44cd45b3f748defe409f24ced66bbf1f3137c,SP reward for iBTC,09 October 2023,380583,10-01-2024 21:45,12-10-2023 23:00
4417,442,58c052676fe5b1cd52fda1ba62bbdabef2b3f261258e1fcfaa4df833,SP reward for iBTC,09 October 2023,378761,10-01-2024 21:45,12-10-2023 23:00
4418,442,ef069ebbfa0f2dcdea147ca71b0b83cde8bdbbb1a857f6d2ff5178c7,SP reward for iBTC,09 October 2023,357324,10-01-2024 21:45,12-10-2023 23:00
4419,442,1c348c0ee2a2c36691e877a0058da0def13243399ab568db8db5825c,SP reward for iBTC,09 October 2023,39042,10-01-2024 21:45,12-10-2023 23:00
4420,442,775ef1ace4264239a1f7713dfcf2509b35664a69ff58631d9ca7b43d,SP reward for iBTC,09 October 2023,101471,10-01-2024 21:45,12-10-2023 23:00
4421,442,76f39418bc0fe22ab0a1376def8e1520b5ec048460ce83e7f79a477c,SP reward for iBTC,09 October 2023,48667,10-01-2024 21:45,12-10-2023 23:00
4422,442,87e1120a366b59b429a88f7c52bc5b2fab730eda807f6abbd65118a3,SP reward for iBTC,09 October 2023,240069,10-01-2024 21:45,12-10-2023 23:00
4423,442,fc55aff12a90e98825a92bb51f4b05622fa2fca8cfd21f235175cc28,SP reward for iBTC,09 October 2023,3103,10-01-2024 21:45,12-10-2023 23:00
4424,442,ecf1cb14a49abe481c4930be126426df3a7468257a129575cd49b41b,SP reward for iBTC,09 October 2023,568623,10-01-2024 21:45,12-10-2023 23:00
4425,442,ca79ad389e53d6d78f64b08613237df256252d328a6adf8cd3fddaad,SP reward for iBTC,09 October 2023,41545,10-01-2024 21:45,12-10-2023 23:00
4426,442,b11f12e256590d6f349702a08a9def66cbc7b490cba621d3a6b51f81,SP reward for iBTC,09 October 2023,592399,10-01-2024 21:45,12-10-2023 23:00
4427,442,c835248f41cb65303bec60d767f0299ea458a19c8c04beb125513487,SP reward for iBTC,09 October 2023,499742,10-01-2024 21:45,12-10-2023 23:00
4428,442,ab0a64f658b137b30ef606a422077d26ffa7cb161c883140ea9a1222,SP reward for iBTC,09 October 2023,40299,10-01-2024 21:45,12-10-2023 23:00
4429,442,f04e3a2f427f303624958a861d18f657e307e65da73922e8d823d573,SP reward for iBTC,09 October 2023,154452,10-01-2024 21:45,12-10-2023 23:00
4430,442,84b371d05ada1ac3b80397becb568cf6fd51c9ed6fbb710d29c0cc00,SP reward for iBTC,09 October 2023,41110,10-01-2024 21:45,12-10-2023 23:00
4431,442,6565981b164790ff226d5536d2735737d1204c90f3e96be53f398cb7,SP reward for iBTC,09 October 2023,130195,10-01-2024 21:45,12-10-2023 23:00
4432,442,752ca73ddf1be8dffa36de008da3efa547f9b96354198896f5961e0e,SP reward for iBTC,09 October 2023,81563,10-01-2024 21:45,12-10-2023 23:00
4433,442,65fe5aecb5e29a5ed212fcbddda174205fb47bf6e379fd275962c68e,SP reward for iBTC,09 October 2023,597582,10-01-2024 21:45,12-10-2023 23:00
4434,442,5187bd9ddecc2fdfae36f4e67526cc8368478db4478c08bff6a708dc,SP reward for iBTC,09 October 2023,40499,10-01-2024 21:45,12-10-2023 23:00
4435,442,553c24788c7e3923749226ba754c1230965e5a6881e269b89c108012,SP reward for iBTC,09 October 2023,3044,10-01-2024 21:45,12-10-2023 23:00
4436,442,f579246478661b78d9fb348c9474809402c7af31e9875417c59acb03,SP reward for iBTC,09 October 2023,36586,10-01-2024 21:45,12-10-2023 23:00
4437,442,d203a585d517315ef60b563878acfd72bd9ba9bd458d8c432ba53f7f,SP reward for iBTC,09 October 2023,1504,10-01-2024 21:45,12-10-2023 23:00
4438,442,d293f90ea2fd8c346edc313e42d1d8e3e739282dca078926377f6e1d,SP reward for iBTC,09 October 2023,99509,10-01-2024 21:45,12-10-2023 23:00
4439,442,c05a3bb916f898f5a4bb6886e7eca889c8f0e337ca7d0ac8a23aadf3,SP reward for iBTC,09 October 2023,118454,10-01-2024 21:45,12-10-2023 23:00
4440,442,d8873d99d8bac628cb99a6bfc97e0c7c1553286d4a62aedde875354b,SP reward for iBTC,09 October 2023,826368,10-01-2024 21:45,12-10-2023 23:00
4441,442,ab7dc86cf7fa1c543685fb6d91810e9362588d242efc1d1970dda2ea,SP reward for iBTC,09 October 2023,232407,10-01-2024 21:45,12-10-2023 23:00
4442,442,772e948ec345913bb1f86e295f4ff0d3b1f70e1b4ebca5831c6532a9,SP reward for iBTC,09 October 2023,41616,10-01-2024 21:45,12-10-2023 23:00
4443,442,c1e127e6f4fe215c3dcf7cc66335711c354e4e032a91919b7bb304d7,SP reward for iBTC,09 October 2023,3450112,10-01-2024 21:45,12-10-2023 23:00
4444,442,bb32c423f9a82af12f10a7ddfbb3e06a6160ad5b75827a14c2975eb5,SP reward for iBTC,09 October 2023,132392,10-01-2024 21:45,12-10-2023 23:00
4445,442,c327beebd731f0bb58b05726c2730c899b4153536cf1d329abf24400,SP reward for iBTC,09 October 2023,46305,10-01-2024 21:45,12-10-2023 23:00
4446,442,08f35dbe4574f570874338a49ae321cbf71409c487aedca93a87adf3,SP reward for iBTC,09 October 2023,4854,10-01-2024 21:45,12-10-2023 23:00
4447,442,e388024f70a31b9841cda41c8ae43867bce9bae07d348f222edc6081,SP reward for iBTC,09 October 2023,647424,10-01-2024 21:45,12-10-2023 23:00
4448,442,ace43bacbaaf8c652192a6b790f353ca7553a105d99419638d1544fa,SP reward for iBTC,09 October 2023,99403,10-01-2024 21:45,12-10-2023 23:00
4449,442,ee8e915802b5f642b6f4d4d30ce94976a6efc51f145c980d9d376034,SP reward for iBTC,09 October 2023,71,10-01-2024 21:45,12-10-2023 23:00
4450,442,f522f25c74116502ec93b9c5b40debd40d36ee7078989616fcfb2fdb,SP reward for iBTC,09 October 2023,804873,10-01-2024 21:45,12-10-2023 23:00
4451,442,010983eec9ff8e0cdb301b705d958ae67ca9335fc4a19fe8701c7191,SP reward for iBTC,09 October 2023,188934,10-01-2024 21:45,12-10-2023 23:00
4452,442,a3fcd9ac08aaba066110a8e2492e9f777f9cf49e56331dab600ec8b9,SP reward for iBTC,09 October 2023,513715,10-01-2024 21:45,12-10-2023 23:00
4453,442,c1cd747fe18cf8260a8115694c82c458f6facfafd5a382447a2a3e03,SP reward for iBTC,09 October 2023,201627,10-01-2024 21:45,12-10-2023 23:00
4454,442,2d8e47435b0c86ffc07f8c45272929148631ba923e3e24abd49c7d62,SP reward for iBTC,09 October 2023,438229,10-01-2024 21:45,12-10-2023 23:00
4455,442,4c80764f5b682045f12a83303d017d4dbe90f09f76b2108a5c44ae54,SP reward for iBTC,09 October 2023,1838227,10-01-2024 21:45,12-10-2023 23:00
4456,442,9fac73b1dbc78492dafb35890abb68d34cafeca9f10003df441aad12,SP reward for iBTC,09 October 2023,3154841,10-01-2024 21:45,12-10-2023 23:00
4457,442,f706d35c708bcc63336b52eca4245fa5ad1ea3f8dfaee5a88b751ac0,SP reward for iBTC,09 October 2023,2044508,10-01-2024 21:45,12-10-2023 23:00
4458,442,1227be2193b0f03f9ced11395f01fec9baab09491e545787377e5787,SP reward for iBTC,09 October 2023,838614,10-01-2024 21:45,12-10-2023 23:00
4459,442,8707ca72180e998be7256d3ca209f1018ee51fc9f9e1d55fd1d962ae,SP reward for iBTC,09 October 2023,3502,10-01-2024 21:45,12-10-2023 23:00
4460,442,84741e3fbccc3a2afa5ff1c2ef3791a89a6ca1241de26c08a3ab353c,SP reward for iBTC,09 October 2023,303803,10-01-2024 21:45,12-10-2023 23:00
4461,442,6dfa5c283d15c82b85b918c5480a6abf540d11f8ba50bdd65af11b86,SP reward for iBTC,09 October 2023,91164,10-01-2024 21:45,12-10-2023 23:00
4462,442,2d7f83bee28f29bf82eb41de3d59674e71af6a2faf3cce9eb95d6026,SP reward for iBTC,09 October 2023,850543,10-01-2024 21:45,12-10-2023 23:00
4463,442,a63f51bb42d71bf094ba7ebbea7180346656d7472461c81af03ff839,SP reward for iBTC,09 October 2023,45377,10-01-2024 21:45,12-10-2023 23:00
4464,442,510bf3f63b75013bcedc1a907a6fc4a2eef072397761cb455e9accb0,SP reward for iBTC,09 October 2023,109757,10-01-2024 21:45,12-10-2023 23:00
4465,442,76bd0706659b380bf2acb2259850bdd90488151424877d178eaa4c2d,SP reward for iBTC,09 October 2023,546564,10-01-2024 21:45,12-10-2023 23:00
4466,442,6e1af944114d0b0f4e9ca648a1a8bef65cc380f25f26ad97df13ad54,SP reward for iBTC,09 October 2023,297480,10-01-2024 21:45,12-10-2023 23:00
4467,442,55ef464ca22cf92698284b40810e51777b3bbaece5007d513dd80d3d,SP reward for iBTC,09 October 2023,34717,10-01-2024 21:45,12-10-2023 23:00
4468,442,e7e7e46cbc26ad46ebf40383764bf5031580588917f77fb838aad330,SP reward for iBTC,09 October 2023,5759,10-01-2024 21:45,12-10-2023 23:00
4469,442,1055b89a4bb5a120f9f89183895b6a05cde28a2c5f2df6b5a526a95f,SP reward for iBTC,09 October 2023,510331,10-01-2024 21:45,12-10-2023 23:00
4470,442,31735ce88157a4b959f5e404f69aa0a7ff6b9bd0cc3f28d39943e3d7,SP reward for iBTC,09 October 2023,154064,10-01-2024 21:45,12-10-2023 23:00
4471,442,b72205cb401b474d3640529ef733adc3ef8aa82e9eacd1e77e4a4b52,SP reward for iBTC,09 October 2023,6296131,10-01-2024 21:45,12-10-2023 23:00
4472,442,fd9bd973495025b544108b39c3e8437f8903d9c10efa8a549fb76c9d,SP reward for iBTC,09 October 2023,7945,10-01-2024 21:45,12-10-2023 23:00
4473,442,0de7c3f3373ee0b1fa6291fddb92a9f4c95e4d641aa2a3d95ed3427f,SP reward for iBTC,09 October 2023,448395,10-01-2024 21:45,12-10-2023 23:00
4474,442,068a883756f40982465a2975535ff3bb33ca3e5fbca778c1e62674f7,SP reward for iBTC,09 October 2023,193623,10-01-2024 21:45,12-10-2023 23:00
4475,442,c8af7ec346eb1242adaeebd3ad327b140d37d084dc75a3e026ce4b39,SP reward for iBTC,09 October 2023,76991,10-01-2024 21:45,12-10-2023 23:00
4476,442,844da5da8b0ca7fb657b0c6a261883ebf631627f6b016ee7cd6516a0,SP reward for iBTC,09 October 2023,490751,10-01-2024 21:45,12-10-2023 23:00
4477,442,815fbda2445993f02e75d4f6af38e7d9c0e61e1d3578b4bf71c71e55,SP reward for iBTC,09 October 2023,347111,10-01-2024 21:45,12-10-2023 23:00
4478,442,1ff8ec747a4655f4f3abfe66233fb0343954025143e9134ca779640d,SP reward for iBTC,09 October 2023,18351736,10-01-2024 21:45,12-10-2023 23:00
4479,442,c2174735c17d772c59d5d19d925f29092b36344e24964b3d115637b7,SP reward for iBTC,09 October 2023,126199,10-01-2024 21:45,12-10-2023 23:00
4480,442,46f432395436e794072253949200551e75e28ef2bf1d3e960edcdf2f,SP reward for iBTC,09 October 2023,37540911,10-01-2024 21:45,12-10-2023 23:00
4481,442,888234b4c89dc4aee2e8307c1f934f413028d33d27a6a9b08fd5866e,SP reward for iBTC,09 October 2023,717493,10-01-2024 21:45,12-10-2023 23:00
4482,442,19b46b0b16bbbc3a6f7b67ddd2a5e21dbe1b3b232a9e02109c20350f,SP reward for iBTC,09 October 2023,514115,10-01-2024 21:45,12-10-2023 23:00
4483,442,53c73e201e855fb41a5fca25286f7d48a43dcad4686fb38ed1656094,SP reward for iBTC,09 October 2023,12669,10-01-2024 21:45,12-10-2023 23:00
4484,442,6a22c66b1ac47584e99999b61de170878547bb5a6b87946a6f1e018e,SP reward for iBTC,09 October 2023,84383,10-01-2024 21:45,12-10-2023 23:00
4485,442,6584bcf113af500d0a3da31cf71613891b5ec591bf920e03518cd20a,SP reward for iBTC,09 October 2023,427052,10-01-2024 21:45,12-10-2023 23:00
4486,442,d94f9bc0ffe11ad1005b22a6e5c2b471b29c53510aa81514fc24d95a,SP reward for iBTC,09 October 2023,1156509,10-01-2024 21:45,12-10-2023 23:00
4487,442,a12d7337565e62a3d4b816f0291a3f7083a14dff1f37384fe9345453,SP reward for iBTC,09 October 2023,65826,10-01-2024 21:45,12-10-2023 23:00
4488,442,23b41dab65f698716d09448d4c399e10d2f66ba2fb6433671643c280,SP reward for iBTC,09 October 2023,1041311,10-01-2024 21:45,12-10-2023 23:00
4489,442,2b3f8ce415f63a81454d53882a00a4d2225e1284c257a8b14ecb4c22,SP reward for iBTC,09 October 2023,1580400,10-01-2024 21:45,12-10-2023 23:00
4490,442,dfeac5dd22c2b53cb43a31cbe0cc5cd71c78f714c5f05a20eaa107db,SP reward for iBTC,09 October 2023,421364,10-01-2024 21:45,12-10-2023 23:00
4491,442,c85e5827ec3620637c26781bb5ea0dbb047692badb517adfbad80321,SP reward for iBTC,09 October 2023,1354398,10-01-2024 21:45,12-10-2023 23:00
4492,442,991cdf984dad30fa2dcd54085e6d4b8689be3edbad0b8d4186c69e7f,SP reward for iBTC,09 October 2023,41028,10-01-2024 21:45,12-10-2023 23:00
4493,442,ff3cbe6f6c7b62690434bd2a5d162c0211c18e5586ecd181cad5f82f,SP reward for iBTC,09 October 2023,202332,10-01-2024 21:45,12-10-2023 23:00
4494,442,a37fab79f14d68ea324942d0acb658d887671d6c09f3a5c9284f2348,SP reward for iBTC,09 October 2023,44190,10-01-2024 21:45,12-10-2023 23:00
4495,442,6cfbc28fa54b2920b6cad9531f7071724ecaf253e52c0c7686613e98,SP reward for iBTC,09 October 2023,82233,10-01-2024 21:45,12-10-2023 23:00
4496,442,bd3f2017e7e27753b01e12a7c92edec2f9fa6b8802f314ef3121d735,SP reward for iBTC,09 October 2023,613130,10-01-2024 21:45,12-10-2023 23:00
4497,442,02b80d9935da7f00d97323735ff2641d938b14f3ecd24b01a990afe5,SP reward for iBTC,09 October 2023,1156509,10-01-2024 21:45,12-10-2023 23:00
4498,442,5cdd7f4959486306226ebcf1e43d45d7bfe2c4acd7ebafaf2c647248,SP reward for iBTC,09 October 2023,988177,10-01-2024 21:45,12-10-2023 23:00
4499,442,a4ae6b7d6fde02966811a441c04d72af1ad8a1bafd8684192c5c99f7,SP reward for iBTC,09 October 2023,30862,10-01-2024 21:45,12-10-2023 23:00
4500,442,0b6d4094acb71999783c5f632377b48f9df9fc9e2d90e0fda2fdbdec,SP reward for iBTC,09 October 2023,635695,10-01-2024 21:45,12-10-2023 23:00
4501,442,f7315c71937b8ee2b38ba0cabbb3d24b34186c415cb1a75e1f383666,SP reward for iBTC,09 October 2023,58633,10-01-2024 21:45,12-10-2023 23:00
4502,442,616ae6f4803b2d581ebd1d5cf6b74c35cd5ab3a1b9bd992a9cbee44b,SP reward for iBTC,09 October 2023,127656,10-01-2024 21:45,12-10-2023 23:00
4503,442,064bdec62473f25d5eb0cb4e051a3bfb6fd889f02e86c496539846b0,SP reward for iBTC,09 October 2023,85582,10-01-2024 21:45,12-10-2023 23:00
4504,442,c3fa4890e46c7b8ea2fe782727a74534b4340aced4e80ced7b0b5089,SP reward for iBTC,09 October 2023,123790,10-01-2024 21:45,12-10-2023 23:00
4505,442,abd83cc271275c8ce05f8c41d6c98b6ba15e624dab73eecba84a8b7b,SP reward for iBTC,09 October 2023,261212,10-01-2024 21:45,12-10-2023 23:00
4506,442,8a116fd370e6f96a9c008b885423555af7b57a39644593768bd24ec9,SP reward for iBTC,09 October 2023,280851,10-01-2024 21:45,12-10-2023 23:00
4507,442,a98843c2533d5681e29cc5257c9cfa172b4eac792a04c4601962c0f8,SP reward for iBTC,09 October 2023,61795,10-01-2024 21:45,12-10-2023 23:00
4508,442,882adcca078f37ee93c6c250fd5c7f4db7ae5417b468e49b6b7b6c17,SP reward for iBTC,09 October 2023,143769,10-01-2024 21:45,12-10-2023 23:00
4509,442,875e0983da57293df20690f6504edbb7db8eb69efadbb8c9724f508e,SP reward for iBTC,09 October 2023,37209,10-01-2024 21:45,12-10-2023 23:00
4510,442,252b76c1709bf21198156dca3c0e1a5ec1cdf58d164aea0c7378eb80,SP reward for iBTC,09 October 2023,5970,10-01-2024 21:45,12-10-2023 23:00
4511,442,01cefc4ac7b65ac3fddbaedc169b071ab04fcf6f5ab009ff125768c4,SP reward for iBTC,09 October 2023,157848,10-01-2024 21:45,12-10-2023 23:00
4512,442,508757f097d3f23cb9e51cc9d35a550b2f2f9bedea6326229950647f,SP reward for iBTC,09 October 2023,2315,10-01-2024 21:45,12-10-2023 23:00
4513,442,e26d9bd3d7f0c3284ceaf52727499f877bed82efb6b2a987cebf4f66,SP reward for iBTC,09 October 2023,115927,10-01-2024 21:45,12-10-2023 23:00
4514,442,c464a820786db2b4f6292f2d7d300f6e4c5a27921ad23b4d5a9fea1d,SP reward for iBTC,09 October 2023,398681,10-01-2024 21:45,12-10-2023 23:00
4515,442,1d80deffae03e338ff08903a41506c45b274b85f6a9b439391226cd6,SP reward for iBTC,09 October 2023,13456414,10-01-2024 21:45,12-10-2023 23:00
4516,442,690b0a92962d8e5940212f11e4e414db2a6a773f06923adaa063bf7a,SP reward for iBTC,09 October 2023,45716038,10-01-2024 21:45,12-10-2023 23:00
4517,442,152624033fcb22d52b9ab917ca5f2dbd14c5ad656c7c3d928dc24716,SP reward for iBTC,09 October 2023,72396,10-01-2024 21:45,12-10-2023 23:00
4518,442,0b635d0d46328414951117cac5307366586bf7c2fc62d83e6a175f1e,SP reward for iBTC,09 October 2023,196455,10-01-2024 21:45,12-10-2023 23:00
4519,442,ea7f8ffbdc5cac1c095c524ffdce7bcb1a53429460225074052f2db8,SP reward for iBTC,09 October 2023,9951818,10-01-2024 21:45,12-10-2023 23:00
4520,442,c3f7cbf63fbe8af505359cd58974c2d367282c0fa3917791e14a86a8,SP reward for iBTC,09 October 2023,34823,10-01-2024 21:45,12-10-2023 23:00
4521,442,7910de78b42fa36cac41e451ad498150dd3532e2f2e35777735235bf,SP reward for iBTC,09 October 2023,1951040,10-01-2024 21:45,12-10-2023 23:00
4522,442,a6ba497ed8d5a03dc779c890dc17d9c5f688a9c8c197597290bb4e14,SP reward for iBTC,09 October 2023,475860,10-01-2024 21:45,12-10-2023 23:00
4523,442,ce49b96a1faf94835d72885dfb42ad4fcb9583d7b9095ac21a2ab73b,SP reward for iBTC,09 October 2023,228046,10-01-2024 21:45,12-10-2023 23:00
4524,442,f130e5b0b9c5180b75bc9b2bfa96fa6ab7d269e4534765800d08aa06,SP reward for iBTC,09 October 2023,457115,10-01-2024 21:45,12-10-2023 23:00
4525,442,240ec14aab8224bc1895fa4385e8eb340a30eceaa136804f2acb36b2,SP reward for iBTC,09 October 2023,494277,10-01-2024 21:45,12-10-2023 23:00
4526,442,a8fe5934b7f4cb3a24db0ae235b002f777c72614d127bb3649809961,SP reward for iBTC,09 October 2023,48679,10-01-2024 21:45,12-10-2023 23:00
4527,442,e15e46a4738e59343e790d1c181621c77db424b969f8ca6186a2f1d3,SP reward for iBTC,09 October 2023,370088,10-01-2024 21:45,12-10-2023 23:00
4528,442,b81bbfa94577362e129c0663d51f208b280895252730759ca85400b3,SP reward for iBTC,09 October 2023,1410669,10-01-2024 21:45,12-10-2023 23:00
4529,442,e3a734a21d3ead42d3bb839cfe8a7592e36cbef004861669c4f3f6e6,SP reward for iBTC,09 October 2023,286856,10-01-2024 21:45,12-10-2023 23:00
4530,442,1828ab62af889897655942ad379206d216e2ad380e14b04c3c166c0b,SP reward for iBTC,09 October 2023,383721,10-01-2024 21:45,12-10-2023 23:00
4531,442,f1d39751c36b29e842f06a1166cf58e421047fe58c7d91c93e456e53,SP reward for iBTC,09 October 2023,385589,10-01-2024 21:45,12-10-2023 23:00
4532,442,c84a1d57fb0c8ff565ebbb412f83081c519276869437f255b0bbcfc1,SP reward for iBTC,09 October 2023,109193,10-01-2024 21:45,12-10-2023 23:00
4533,442,15aabf0a1e99f53e61d00b34bcf3ce4664c8a451561ba8f1e8d6d9f8,SP reward for iBTC,09 October 2023,351953,10-01-2024 21:45,12-10-2023 23:00
4534,442,c480783df5b96cc1a051c2bbe8c96d842a2743c747f303c656613e19,SP reward for iBTC,09 October 2023,443635,10-01-2024 21:45,12-10-2023 23:00
4535,442,2d94ebf9d99b122325d4cdd587ca503e1bd3d6225efa89687ee96929,SP reward for iBTC,09 October 2023,49525,10-01-2024 21:45,12-10-2023 23:00
4536,442,09a136fee1050d904291251c0422ab76d72ea0f73c85d724fb0d4c66,SP reward for iBTC,09 October 2023,1061020,10-01-2024 21:45,12-10-2023 23:00
4537,442,0a82a837af1a325a9e6659189dbc86d8c9c4c83ab6ddaea4be87045a,SP reward for iBTC,09 October 2023,408060,10-01-2024 21:45,12-10-2023 23:00
4538,442,d5ffa4e09c6eaa4c882e10d3cc94b6c604e5982bf3715d40d4ec5351,SP reward for iBTC,09 October 2023,303051,10-01-2024 21:45,12-10-2023 23:00
4539,442,62c68562dcd68f1d823f9d539c7e567d0c0738ab57a05570704ba0de,SP reward for iBTC,09 October 2023,71949,10-01-2024 21:45,12-10-2023 23:00
4540,442,759b2ad795fb741546cb47086bf90dcbfc4e8144e62a824c815c1ffb,SP reward for iBTC,09 October 2023,1485439,10-01-2024 21:45,12-10-2023 23:00
4541,442,bbc6d8e0a8f8fa47238a3df22e1b9a0e39a0de2330ba5b49d69a6bc0,SP reward for iBTC,09 October 2023,202144,10-01-2024 21:45,12-10-2023 23:00
4542,442,efc55477cca027cbb12c7ae0df08a7730b258856c7ec5ac6c4759003,SP reward for iBTC,09 October 2023,22047370,10-01-2024 21:45,12-10-2023 23:00
4543,442,a3ad69669ecee78b25f6b796d095ca691912481c72cc3ff42ee41ed1,SP reward for iBTC,09 October 2023,154993,10-01-2024 21:45,12-10-2023 23:00
4544,442,9db8d3d4abac0e9383f83307212017b966510fc34414e5c75f2e90db,SP reward for iBTC,09 October 2023,263856,10-01-2024 21:45,12-10-2023 23:00
4545,442,658002caf01d1eb9ae484aa16f398f8a27a91c10047cf16bca6ce09e,SP reward for iBTC,09 October 2023,114399,10-01-2024 21:45,12-10-2023 23:00
4546,442,071f3b13c008455dda64f68444844dc392779583aca6c553d3f98d39,SP reward for iBTC,09 October 2023,360979,10-01-2024 21:45,12-10-2023 23:00
4547,442,342b901edef65bf1a7dc2e6cf40a410d0e2b94104e6995e0de3ced6c,SP reward for iBTC,09 October 2023,47,10-01-2024 21:45,12-10-2023 23:00
4548,442,ea29ab4f2420255302bd2c56e8fe74a36f0fcc96a30cf5fad9994b4a,SP reward for iBTC,09 October 2023,1196444,10-01-2024 21:45,12-10-2023 23:00
4549,442,94dd9ef56f37110e5c80250cdd47301e9592be3378200b75222a9708,SP reward for iBTC,09 October 2023,96206,10-01-2024 21:45,12-10-2023 23:00
4550,442,092b7b9ae9bfed9f25757ce431f885b079ba820ec102294ec9f18c5b,SP reward for iBTC,09 October 2023,74335,10-01-2024 21:45,12-10-2023 23:00
4551,442,c058ca62efb4785fbef1e7fe218bfc4596d9a085b4721f9661e61894,SP reward for iBTC,09 October 2023,51453,10-01-2024 21:45,12-10-2023 23:00
4552,442,dd6b9922e6ee77ff126984d10a13695ac05b46949d0ab4751a9d0e1d,SP reward for iBTC,09 October 2023,610380,10-01-2024 21:45,12-10-2023 23:00
4553,442,a6049fbd2fd723e4f19c5392bfff9019d10ac59d222ee86ba05c9b2e,SP reward for iBTC,09 October 2023,263821,10-01-2024 21:45,12-10-2023 23:00
4554,442,bec94b5753e45e7ee8e232d0e7e958accd120f1135b56c9ce75a32cc,SP reward for iBTC,09 October 2023,7205460,10-01-2024 21:45,12-10-2023 23:00
4555,442,7c5378fa54feb8a83d9a2a241503e07eee3876d90931e1953788c3e4,SP reward for iBTC,09 October 2023,7276128,10-01-2024 21:45,12-10-2023 23:00
4556,442,9320b2e201b2f4141b4ea6e17e410f4696c911f77149408d632ebb8e,SP reward for iBTC,09 October 2023,10602438,10-01-2024 21:45,12-10-2023 23:00
4557,442,9730f04ab71ff759ededcbc4f7b4c8b2353af6885f2741194c98ed61,SP reward for iBTC,09 October 2023,67048,10-01-2024 21:45,12-10-2023 23:00
4558,442,9aec16c760df1aafd6cd7469b76de43e665f9cfa99263e756084ae89,SP reward for iBTC,09 October 2023,1171693,10-01-2024 21:45,12-10-2023 23:00
4559,442,95fa00657c1613aa2f6a3ff39b636d93ae3106ec72498d3e39b0fa8e,SP reward for iBTC,09 October 2023,1214367,10-01-2024 21:45,12-10-2023 23:00
4560,442,344b062d324fb1d5c2604c5381acd0e0dc8eac7fe94613a1dd1c9ee5,SP reward for iBTC,09 October 2023,1515526,10-01-2024 21:45,12-10-2023 23:00
4561,442,2e5a4c00de5e5ae25ec3d16e50b1da6b651d07ba33d3af5358becf71,SP reward for iBTC,09 October 2023,812665,10-01-2024 21:45,12-10-2023 23:00
4562,442,5f431f57ad76f9c3feaf03809fb3ba95da61f53fda601021a73f8040,SP reward for iBTC,09 October 2023,3916499,10-01-2024 21:45,12-10-2023 23:00
4563,442,e0ea68c3e09114bb8b746e67a3e44b5e4c0cdce33c07391dc1f61be2,SP reward for iBTC,09 October 2023,2465989,10-01-2024 21:45,12-10-2023 23:00
4564,442,460b03e4c9be9f26635bbb42db1bb7757c65f8bdafa5155fcc3ca9df,SP reward for iBTC,09 October 2023,3487861,10-01-2024 21:45,12-10-2023 23:00
4565,442,239f2ce7543af3b3c9119a00f53a64ad8e1e4b19d90fd1dfaecd7427,SP reward for iBTC,09 October 2023,6041089,10-01-2024 21:45,12-10-2023 23:00
4566,442,4a38898a0404df7306a94a9845665147ccaee0aee1777b550855a42a,SP reward for iBTC,09 October 2023,172281,10-01-2024 21:45,12-10-2023 23:00
4567,442,019f3d35ef1c1067784c46f9b165150919cdefda177dd301af373051,SP reward for iBTC,09 October 2023,48467,10-01-2024 21:45,12-10-2023 23:00
4568,442,5a22bd8e0ed1bb988e124cca869af71ce22e87aadb485e21c9ca54ca,SP reward for iBTC,09 October 2023,1139656,10-01-2024 21:45,12-10-2023 23:00
4569,442,cb7e89fcaadfed571c5ed0b22579cce20b89e0407cfc051d8d97fc89,SP reward for iBTC,09 October 2023,11046167,10-01-2024 21:45,12-10-2023 23:00
4570,442,9dec3c4964c4cb0bfbf95809b692f75f98161934226d9b1cb0e5999d,SP reward for iBTC,09 October 2023,316120,10-01-2024 21:45,12-10-2023 23:00
4571,442,824f1b5399d6885e6330925fcba1472da21731a3d9f33802dd308f7f,SP reward for iBTC,09 October 2023,247779,10-01-2024 21:45,12-10-2023 23:00
4572,442,9c2b04c3d361d4d72878e7c0c067ce6cdf9f29561bfab5c59728c4e2,SP reward for iBTC,09 October 2023,40852,10-01-2024 21:45,12-10-2023 23:00
4573,442,56a31a31d994dd695445965d7862c2025320c4d7a0202bb6e977e74b,SP reward for iBTC,09 October 2023,1189522,10-01-2024 21:45,12-10-2023 23:00
4574,442,b441ca29dc1d111c2bd998f8b347f57613bc68458a0ffda06ad65066,SP reward for iBTC,09 October 2023,1472406,10-01-2024 21:45,12-10-2023 23:00
4575,442,63aade055d90301cd816870ee5a3c9fc67d769274b8633e7a7893f05,SP reward for iBTC,09 October 2023,3058305,10-01-2024 21:45,12-10-2023 23:00
4576,442,fa9c7e0beaad372083bafd39c7cef554824a1e9eb21556676864ab7e,SP reward for iBTC,09 October 2023,4859700,10-01-2024 21:45,12-10-2023 23:00
4577,442,2e4fa47bb79e7a949afe7120907ed104d82118f209433130746e7c87,SP reward for iBTC,09 October 2023,3702533,10-01-2024 21:45,12-10-2023 23:00
4578,442,6f27039ce8ad07c08fbad0dcfe5b70bf7b5709eed01128f3c8272841,SP reward for iBTC,09 October 2023,50324,10-01-2024 21:45,12-10-2023 23:00
4579,442,de5771cbff7cd2960f946f9752679084b94af12484abc3e14ac4ad97,SP reward for iBTC,09 October 2023,513339,10-01-2024 21:45,12-10-2023 23:00
4580,442,7eba1da590e93ee9a4da7bf746111c27c6b21f82ca90fd8c7ca5a441,SP reward for iBTC,09 October 2023,60173,10-01-2024 21:45,12-10-2023 23:00
4581,442,5e22c5aa5a56932e8d75e47e68ae14b5c37c329801ea6b3260a8be73,SP reward for iBTC,09 October 2023,5688,10-01-2024 21:45,12-10-2023 23:00
4582,442,fe865f286084772b874a29bd3b49f458df1ec3c31332b160af9cbb65,SP reward for iBTC,09 October 2023,1440145,10-01-2024 21:45,12-10-2023 23:00
4583,442,5b06d393e8dfcfc2b19ca8ecc91c242dd437ed72d917391264183f36,SP reward for iBTC,09 October 2023,177123,10-01-2024 21:45,12-10-2023 23:00
4584,442,a39926586271cd40910a9efa7a9bb2d6a53d7852b444ec240a99f0f9,SP reward for iBTC,09 October 2023,218221,10-01-2024 21:45,12-10-2023 23:00
4585,442,09575db3a66d29e820a464f9a5784aa42e3efd96396413c15d5a1160,SP reward for iBTC,09 October 2023,76392,10-01-2024 21:45,12-10-2023 23:00
4586,442,cbf2fe83219efa63b2e1d6c43e53fefa9280e4e862b5cc88d5bdaf7d,SP reward for iBTC,09 October 2023,201862,10-01-2024 21:45,12-10-2023 23:00
4587,442,23d5170dffbfa8d5cf6534cd1c06d52d6d2e8819b7914995fa9a94f4,SP reward for iBTC,09 October 2023,87169,10-01-2024 21:45,12-10-2023 23:00
4588,442,1afac53a4d1a00fdc5c19991c9ab585d92ed50cb9c71ba9c61a36106,SP reward for iBTC,09 October 2023,15607,10-01-2024 21:45,12-10-2023 23:00
4589,442,8989430ad6c5a5fa6d3a46119d893bd1f699828ed6a1adc117e5d566,SP reward for iBTC,09 October 2023,93950,10-01-2024 21:45,12-10-2023 23:00
4590,442,15f8cfb4da9cb42c4d6e84279d1b38591c14757ffdc34c84d1bcf18d,SP reward for iBTC,09 October 2023,209019,10-01-2024 21:45,12-10-2023 23:00
4591,442,a7793000be35ab0dd64570208d714684e292588d3067948d9cab4b62,SP reward for iBTC,09 October 2023,853881,10-01-2024 21:45,12-10-2023 23:00
4592,442,4c73918d3e3dc67b301ce43a5fe15bbe5adce6215fd2ccba13ff7e10,SP reward for iBTC,09 October 2023,1727400,10-01-2024 21:45,12-10-2023 23:00
4593,442,d695b98ba895d0c874d7d3e37fcddc0abed1218af810673d64c9a4f0,SP reward for iBTC,09 October 2023,59656,10-01-2024 21:45,12-10-2023 23:00
4594,442,d67b7749d86a07ba6f98f8f3c172bc8baa080ff2e4d9346e95906d72,SP reward for iBTC,09 October 2023,3026009,10-01-2024 21:45,12-10-2023 23:00
4595,442,afc9f4b55d88b42678093a6659959b51bd13e8f09c761ac46392e197,SP reward for iBTC,09 October 2023,737413,10-01-2024 21:45,12-10-2023 23:00
4596,442,f93cc5ef93e0558852dda635e29b1f3691e9450aeed4a8c2e3d7aea1,SP reward for iBTC,09 October 2023,1347464,10-01-2024 21:45,12-10-2023 23:00
4597,442,09ece0330525bced6552a9bfcd81f1d357118dfd74af85e432df2c39,SP reward for iBTC,09 October 2023,2238436,10-01-2024 21:45,12-10-2023 23:00
4598,442,2b651b38935e59a8d891f5201514253c9763e2da2a246462dc25cc98,SP reward for iBTC,09 October 2023,190638,10-01-2024 21:45,12-10-2023 23:00
4599,442,e8aa119715131d1dc98e1703729210cc98b1883773fefc5177cbfdb9,SP reward for iBTC,09 October 2023,1083185,10-01-2024 21:45,12-10-2023 23:00
4600,442,065b03aa376bb86b5ec066afbae4cdd38007f7fd63bd885db812d0bb,SP reward for iBTC,09 October 2023,5909460,10-01-2024 21:45,12-10-2023 23:00
4601,442,ab70a240c4ea4d1043066e8f7e046b202598751300991bac4bd97dcd,SP reward for iBTC,09 October 2023,98933,10-01-2024 21:45,12-10-2023 23:00
4602,442,e6926c176666e9fd9ca952aba71247472a1ab5358f38204d1ddfc79e,SP reward for iBTC,09 October 2023,10227803,10-01-2024 21:45,12-10-2023 23:00
4603,442,8bb170899ad086aaf786240e8429aaae18448301ad0d2ab068d38f4a,SP reward for iBTC,09 October 2023,15737,10-01-2024 21:45,12-10-2023 23:00
4604,442,ec3543779054d04588489cf33d9ec5889566af60493f4cbc45a06b20,SP reward for iBTC,09 October 2023,297010,10-01-2024 21:45,12-10-2023 23:00
4605,442,3fac66f6b7caf81b8fa95ab669e318a15a207783e143e7e886f68f93,SP reward for iBTC,09 October 2023,47474418,10-01-2024 21:45,12-10-2023 23:00
4606,442,8732d6ae48c07b2694e9918fcdfff84e0995b165d4615c32fc76a978,SP reward for iBTC,09 October 2023,340436,10-01-2024 21:45,12-10-2023 23:00
4607,442,8105d0f33d443db33095e1de7e3c084af5cefb8675af79f718bd3e36,SP reward for iBTC,09 October 2023,75063,10-01-2024 21:45,12-10-2023 23:00
4608,442,569124adbb5d1457305f93056568f6e6744675288b6ede04630140e4,SP reward for iBTC,09 October 2023,1008039,10-01-2024 21:45,12-10-2023 23:00
4609,442,f6d8c4c39a8c57fbdaabfd6243784c0d6cb36c8b3fc41d01387c5432,SP reward for iBTC,09 October 2023,584031,10-01-2024 21:45,12-10-2023 23:00
4610,442,b90a52312094525fd5625f11df6dd72246a7ba3d3a5195f5fdc207c8,SP reward for iBTC,09 October 2023,482042,10-01-2024 21:45,12-10-2023 23:00
4611,442,18f3de1e151510189ebb627d0b7e16ce7c5a3fbd8f09c3fb4ff1554e,SP reward for iBTC,09 October 2023,6913292,10-01-2024 21:45,12-10-2023 23:00
4612,442,c3945d89b9f99ee385a09971bc4d7bdeedf5e6f809f8f72816ddd692,SP reward for iBTC,09 October 2023,251434,10-01-2024 21:45,12-10-2023 23:00
4613,442,38beb7ed5901105ac154983122c87619d85de653050403bb932f7c1e,SP reward for iBTC,09 October 2023,1456692,10-01-2024 21:45,12-10-2023 23:00
4614,442,f946a9da7bc2551c51e8bf0d38a5f7978c825edbd438c8f89a904859,SP reward for iBTC,09 October 2023,2990258,10-01-2024 21:45,12-10-2023 23:00
4615,442,95ceeaa70e44c14ca1db0464b8965f089473af24ca997915df81103b,SP reward for iBTC,09 October 2023,2701298,10-01-2024 21:45,12-10-2023 23:00
4616,442,0734a5973d3de6cf214d64d15b03a424c976d8bc6550207c064444b0,SP reward for iBTC,09 October 2023,2563053,10-01-2024 21:45,12-10-2023 23:00
4617,442,9e888b8b96c8adc83588187764673c7e357b0c3b404072c997389f74,SP reward for iBTC,09 October 2023,131299,10-01-2024 21:45,12-10-2023 23:00
4618,442,9465c0a617ef9e96e745ed622dd5c9d5e4fa0401b31126ad135727c7,SP reward for iBTC,09 October 2023,904511,10-01-2024 21:45,12-10-2023 23:00
4619,442,a94214e82fb4a5e955661e2e2245786a3bc6cb295b3f901d756f9410,SP reward for iBTC,09 October 2023,256511,10-01-2024 21:45,12-10-2023 23:00
4620,442,f29f47b1b0418459d3089b645f7822ffde188e85a102de177d76cd77,SP reward for iBTC,09 October 2023,100614,10-01-2024 21:45,12-10-2023 23:00
4621,442,8d89460f842ed7b219009885a5135f7e2caae73d80a619a6b00a6769,SP reward for iBTC,09 October 2023,470266,10-01-2024 21:45,12-10-2023 23:00
4622,442,18c61e4d6b729454eb617f9a7b28e76a1698b4a752319f521e618cef,SP reward for iBTC,09 October 2023,1885707,10-01-2024 21:45,12-10-2023 23:00
4623,442,23c91e5a1ef52f1009f60d112978fb5c94b7e7d2692c59eaa9fea37d,SP reward for iBTC,09 October 2023,4482807,10-01-2024 21:45,12-10-2023 23:00
4624,442,ff459cbd1daf01031d056e85b0495b66ae7167dca9cbfa0f6a77b73c,SP reward for iBTC,09 October 2023,8544,10-01-2024 21:45,12-10-2023 23:00
4625,442,d8dc639f4acfae62f5542765643c3dbed62ff861834dbe3ffe374e2f,SP reward for iBTC,09 October 2023,349944,10-01-2024 21:45,12-10-2023 23:00
4626,442,5e7dea65cec67cd6e592011e0afdba4455ee0c753561867ff4ab6de7,SP reward for iBTC,09 October 2023,521907,10-01-2024 21:45,12-10-2023 23:00
4627,442,a76031cb213261bbf89b3626e19effe8fec5d35a8fc5b2a16816ad13,SP reward for iBTC,09 October 2023,520755,10-01-2024 21:45,12-10-2023 23:00
4628,442,42c58ba9df280c4ae00cfa9fc794f2f00e7658f9f6d69abe0e8afe82,SP reward for iBTC,09 October 2023,454894,10-01-2024 21:45,12-10-2023 23:00
4629,442,8b824c5bc7c0c7c6ef3396d567c47dd502e361f62d9f9e6015eb8150,SP reward for iBTC,09 October 2023,2553581,10-01-2024 21:45,12-10-2023 23:00
4630,442,01320ff53b5c768f13c862003e6ce5eb269a7280994ca682518fefc0,SP reward for iBTC,09 October 2023,6534,10-01-2024 21:45,12-10-2023 23:00
4631,442,309a47f53e617e9bbd0aa234b5f2aff6c22864a58a64fc272caf8315,SP reward for iBTC,09 October 2023,75968,10-01-2024 21:45,12-10-2023 23:00
4632,442,914956f9a626440cebae913d11e64945359d03d5066c30ddbf4e1408,SP reward for iBTC,09 October 2023,429168,10-01-2024 21:45,12-10-2023 23:00
4633,442,5a3d4f39ee17e2b67b6dd93ba71379a098b16f5f1839a069ce9533f4,SP reward for iBTC,09 October 2023,245428,10-01-2024 21:45,12-10-2023 23:00
4634,442,a249e0d4dab1b164dd033043cbabdf204b34f7ecbdb994bec90d7216,SP reward for iBTC,09 October 2023,241103,10-01-2024 21:45,12-10-2023 23:00
4635,442,a03ccad35de77af874c2bd83cf91b7cdf3ecee94ba071ebc6364cdae,SP reward for iBTC,09 October 2023,286774,10-01-2024 21:45,12-10-2023 23:00
4636,442,140d18779ffbab27272c7a23388f7c11ab68643663b3403c81dba558,SP reward for iBTC,09 October 2023,56471,10-01-2024 21:45,12-10-2023 23:00
4637,442,2ea8cfe869a9f7f29b36dae2a1fcf19b9e4b47293961ec78dc5ebccf,SP reward for iBTC,09 October 2023,1711687,10-01-2024 21:45,12-10-2023 23:00
4638,442,2af7ac91a39bd31d2af45a0339de7fd54c803034e0c6a6ef31d9a6d6,SP reward for iBTC,09 October 2023,588168,10-01-2024 21:45,12-10-2023 23:00
4639,442,84c9a45c5123c84cb6186adf1f103d3cb4793808002903cca2cbf9d3,SP reward for iBTC,09 October 2023,312336,10-01-2024 21:45,12-10-2023 23:00
4640,442,7d9bd96bffd557031b105316885d46d7a6a2cfbf4afe31753e92e61f,SP reward for iBTC,09 October 2023,41463,10-01-2024 21:45,12-10-2023 23:00
4641,442,793e0684fd2dfa7d12295503072537909790139c8f47c8d84a54a58a,SP reward for iBTC,09 October 2023,1194411,10-01-2024 21:45,12-10-2023 23:00
4642,442,568b65fadfb32178198768d1bff91956f5dba957701ce300719237b4,SP reward for iBTC,09 October 2023,968727,10-01-2024 21:45,12-10-2023 23:00
4643,442,9b5ca3c44c5b45ec37beb7dba0a3376e091d5d78dd13e3f5d6900701,SP reward for iBTC,09 October 2023,51206,10-01-2024 21:45,12-10-2023 23:00
4644,442,bb065d2662a76b6a4be9b01e41d5c3f50462c1dda589da692b9754da,SP reward for iBTC,09 October 2023,130582,10-01-2024 21:45,12-10-2023 23:00
4645,442,00c9b4171017f21031357b9225d2ac7aaedae43d6fde84c571fad28b,SP reward for iBTC,09 October 2023,621521,10-01-2024 21:45,12-10-2023 23:00
4646,442,39b1d4be2a009b5add1835ff88e27d53352d43cba2df661d22c9943f,SP reward for iBTC,09 October 2023,472640,10-01-2024 21:45,12-10-2023 23:00
4647,442,0077f5569d8a6b58837844cae16b24e60b4718f5805e316dbf493897,SP reward for iBTC,09 October 2023,1426653,10-01-2024 21:45,12-10-2023 23:00
4648,442,c9943f5e7c0688644afd7dbc518f505a0ba36f3afa555cd1001bfbf6,SP reward for iBTC,09 October 2023,2787962,10-01-2024 21:45,12-10-2023 23:00
4649,442,50b834c5a9617a6a7d88fc1087764dc7df7d8929a68412245e3ddef9,SP reward for iBTC,09 October 2023,97323,10-01-2024 21:45,12-10-2023 23:00
4650,442,af7dbc337958b4ea8e417db5deff1df389a18d4b3793b269d85bc2b7,SP reward for iBTC,09 October 2023,1100261,10-01-2024 21:45,12-10-2023 23:00
4651,442,e1a8082c47e07a5033dac58e317d904b814c3a3d26d9abe1647274b7,SP reward for iBTC,09 October 2023,114235,10-01-2024 21:45,12-10-2023 23:00
4652,442,90a02e04c977081682ecc4f296fac9fccd2b4aa99c79f4a2bb9f2fc2,SP reward for iBTC,09 October 2023,131123,10-01-2024 21:45,12-10-2023 23:00
4653,442,1f6bcfb63ce737900a489270a4960a49f698bf29834efedb540f9a7f,SP reward for iBTC,09 October 2023,404746,10-01-2024 21:45,12-10-2023 23:00
4654,442,f0759375e806e0212efd939c5734c9894fd1f309d3da6471e068bdde,SP reward for iBTC,09 October 2023,3497028,10-01-2024 21:45,12-10-2023 23:00
4655,442,89a01cf2bd9ed786ec21c34dbcf0c12c30fb04e0b703f7aaa5493804,SP reward for iBTC,09 October 2023,4735628,10-01-2024 21:45,12-10-2023 23:00
4656,442,1ec35cc7e933953ef129dc5adf6c6773f0400d20a0c3966ffa19b253,SP reward for iBTC,09 October 2023,139597,10-01-2024 21:45,12-10-2023 23:00
4657,442,93527fb732328f1de9e8acc3162cd5a871757f4d843c2335ec900f90,SP reward for iBTC,09 October 2023,2638763,10-01-2024 21:45,12-10-2023 23:00
4658,442,3440301225c582d0a5a6a0a5beec84e9589d670ed742b1cf94d7200c,SP reward for iBTC,09 October 2023,259414,10-01-2024 21:45,12-10-2023 23:00
4659,442,3ae0b2cd0da21f019b0fd621fa637b43b4df505baadf48ccc11ba43c,SP reward for iBTC,09 October 2023,3655,10-01-2024 21:45,12-10-2023 23:00
4660,442,1d6b21b388975d2273d12b214d15d38aefe4aa45af8ed903e4d386aa,SP reward for iBTC,09 October 2023,9414,10-01-2024 21:45,12-10-2023 23:00
4661,442,9442130f8971114afb57ca22fc0c8bbf9cdd009faba8c714a571d88a,SP reward for iBTC,09 October 2023,122556,10-01-2024 21:45,12-10-2023 23:00
4662,442,1bd9135dccd6a9ca3c905f1ce3f37e97005b55b745cbc30812ef7e40,SP reward for iBTC,09 October 2023,231925,10-01-2024 21:45,12-10-2023 23:00
4663,442,f09508247e043a250758c76b5ccb0e00df48f5caa7d61518dcb96707,SP reward for iBTC,09 October 2023,37902,10-01-2024 21:45,12-10-2023 23:00
4664,442,6fdab71ac5e8d474bdcb01e2168f6efc82cff9a0b4f53c6452413722,SP reward for iBTC,09 October 2023,2612449,10-01-2024 21:45,12-10-2023 23:00
4665,442,9e50685ab277c256faccb96797ca4a94bdff89291b969ed2371c5abb,SP reward for iBTC,09 October 2023,174161,10-01-2024 21:45,12-10-2023 23:00
4666,442,f6cfb92f30761649bddbe7ad666fe448046e5f68abc29596e6956aa7,SP reward for iBTC,09 October 2023,2733547,10-01-2024 21:45,12-10-2023 23:00
4667,442,e33786fcf09ced1747bbd86e3e123a529483cc477932d9f25c4b0d56,SP reward for iBTC,09 October 2023,1152172,10-01-2024 21:45,12-10-2023 23:00
4668,442,18e4a3d3fcc5dee4b932b901795dd9f7e6ac57c448fca07e2f564029,SP reward for iBTC,09 October 2023,238107,10-01-2024 21:45,12-10-2023 23:00
4669,442,d9467aa8366e0043e34e255d5aed0241df4a8ea3d53498fb3c4e6be2,SP reward for iBTC,09 October 2023,146319,10-01-2024 21:45,12-10-2023 23:00
4670,442,01f8201d8a816667a60991c48558305e0b2bafa074ff269a195b000b,SP reward for iBTC,09 October 2023,164018,10-01-2024 21:45,12-10-2023 23:00
4671,442,a9fe9514518d18c5963c548919b65a8ff75ddc4c00fb1210e40b07e8,SP reward for iBTC,09 October 2023,2883286,10-01-2024 21:45,12-10-2023 23:00
4672,442,ba37698916d66971b377b10f0c6a0f267b7d7b0db565d3a27267c2b8,SP reward for iBTC,09 October 2023,817942,10-01-2024 21:45,12-10-2023 23:00
4673,442,1940d3fec85e9061523ad6a42f216ae820eb69c4a54d83cf9aee3896,SP reward for iBTC,09 October 2023,122979,10-01-2024 21:45,12-10-2023 23:00
4674,442,adbbc6153ee01f33a02b4e5d803dc50fb0c1085c9641ac1c69967038,SP reward for iBTC,09 October 2023,81551,10-01-2024 21:45,12-10-2023 23:00
4675,442,5e1802dd8fc351a529cd8b65a8f384f1838e7b19e5e0b9b696ff6fd6,SP reward for iBTC,09 October 2023,591611,10-01-2024 21:45,12-10-2023 23:00
4676,442,5502991103fb3f6ebfd0bae6995312e29b4ffafb852dd5d0d8ff2ce8,SP reward for iBTC,09 October 2023,120499,10-01-2024 21:45,12-10-2023 23:00
4677,442,f02ed8f193b422cfd67898c1b2a117b29aebebe18c4289149f27b3a9,SP reward for iBTC,09 October 2023,8655700,10-01-2024 21:45,12-10-2023 23:00
4678,442,fde99c5446fa0a9d8337fd28293649bd0b5d9a9264c5b33f975ecda7,SP reward for iBTC,09 October 2023,1431095,10-01-2024 21:45,12-10-2023 23:00
4679,442,1a8d4bcce514bb0329f23e50f2af102e56fa4d2d40142dc898916d28,SP reward for iBTC,09 October 2023,103986,10-01-2024 21:45,12-10-2023 23:00
4680,442,9f8b9e86c31cbf1186c27abc512d0c9d86089b18c15ca7c3336323bf,SP reward for iBTC,09 October 2023,717657,10-01-2024 21:45,12-10-2023 23:00
4681,442,c5b369fa0456604bbfb986dcfb68fc592a4ca23bd28fec18d484be19,SP reward for iBTC,09 October 2023,169225,10-01-2024 21:45,12-10-2023 23:00
4682,442,3c214daef68d919ae91cc5eb7447fc6d795b6019a6df4e3191028999,SP reward for iBTC,09 October 2023,84936,10-01-2024 21:45,12-10-2023 23:00
4683,442,5cbf5f0ea9260bb305078b3bbfdca41a598d232d74c9a30db243ab67,SP reward for iBTC,09 October 2023,626587,10-01-2024 21:45,12-10-2023 23:00
4684,442,db70834069b7ea13f3701408f7f7e5d32993bd9fff990c3c52b3844c,SP reward for iBTC,09 October 2023,3982502,10-01-2024 21:45,12-10-2023 23:00
4685,442,0addfcd643de27ebe29017294c042b87e5c7af614b5de6f363fdaeef,SP reward for iBTC,09 October 2023,5941768,10-01-2024 21:45,12-10-2023 23:00
4686,442,0ad45bd4425847c0893b6a9135dc9086793f21620bf46205901be98a,SP reward for iBTC,09 October 2023,589519,10-01-2024 21:45,12-10-2023 23:00
4687,442,9057a63eaa2afa9e1f67bdb5d29fd62c59c91d0c79a30e225f079aca,SP reward for iBTC,09 October 2023,11774320,10-01-2024 21:45,12-10-2023 23:00
4688,442,a485b6436c9f49a331655fa1574405c3e9bb1ead65e84b91f28fe826,SP reward for iBTC,09 October 2023,8970986,10-01-2024 21:45,12-10-2023 23:00
4689,442,7820f42dc60186096d0796db3b827087eb1c60321abc8a13cbac8f9a,SP reward for iBTC,09 October 2023,2451087,10-01-2024 21:45,12-10-2023 23:00
4690,442,3b9070843cfd1111780923e400c7dfd2a3418e6e014cb7469a65204d,SP reward for iBTC,09 October 2023,40440,10-01-2024 21:45,12-10-2023 23:00
4691,442,ac293f8851bccc597d9f23b7b76bb9afca7bf65e42c93fd9e51ebadb,SP reward for iBTC,09 October 2023,551841,10-01-2024 21:45,12-10-2023 23:00
4692,442,70a7bd550b7d96409d8acdbf95625a7ef0145407e594a6052b94f6be,SP reward for iBTC,09 October 2023,57223,10-01-2024 21:45,12-10-2023 23:00
4693,442,32e67cb8df87f43cb1c3063b27be710726b0bc1e96205b87f7d9be22,SP reward for iBTC,09 October 2023,23423,10-01-2024 21:45,12-10-2023 23:00
4694,442,ff6f1a1500c463068faa3a4aee28ee0e9bdb7cd667b3ac131aaa6f2c,SP reward for iBTC,09 October 2023,3878,10-01-2024 21:45,12-10-2023 23:00
4695,442,d4a5133b6c93547225503778518353b995090301d48ef52378df8f8a,SP reward for iBTC,09 October 2023,886659,10-01-2024 21:45,12-10-2023 23:00
4696,442,a10a23ec8c8bc86c8b39bb8d034a7ea407acf952bab967bbd8797d7f,SP reward for iBTC,09 October 2023,162937,10-01-2024 21:45,12-10-2023 23:00
4697,442,6362594e81cc4bf5946e14a30cf676df0db656ba14dadf367ab90167,SP reward for iBTC,09 October 2023,2574277,10-01-2024 21:45,12-10-2023 23:00
4698,442,cb2b4570726c6675a37c6a6a64b482eb461e2b5b1a75359d4ae3a8d1,SP reward for iBTC,09 October 2023,358887,10-01-2024 21:45,12-10-2023 23:00
4699,442,e4833eff5469ddeeaf0fbd065ad976676be56e8cd67c04526d51c495,SP reward for iBTC,09 October 2023,286774,10-01-2024 21:45,12-10-2023 23:00
4700,442,b8c95d9c879fe985c2a59cd6de2baeda050c5010e8eee6bb84c65be5,SP reward for iBTC,09 October 2023,219032,10-01-2024 21:45,12-10-2023 23:00
4701,442,4f095e6f77102062c2f13d752ee14be370903fb1ef45006369c45fcd,SP reward for iBTC,09 October 2023,1822232,10-01-2024 21:45,12-10-2023 23:00
4702,442,4d5da618c7b48388366354c11d5e897d2449b087b523fd083fa0970f,SP reward for iBTC,09 October 2023,1029429,10-01-2024 21:45,12-10-2023 23:00
4703,442,bed90820701ec88d79cb4536bc0f0d5d9eadea4038f704ea26aebd7b,SP reward for iBTC,09 October 2023,426899,10-01-2024 21:45,12-10-2023 23:00
4704,442,d00c92d92560223d54d47e2332b1937f37e48f8faf44d2735e119b40,SP reward for iBTC,09 October 2023,80846,10-01-2024 21:45,12-10-2023 23:00
4705,442,a79e3310327ff57aec9921c729d9a81389fe10aaa398fda3e5ae0fb3,SP reward for iBTC,09 October 2023,1806307,10-01-2024 21:45,12-10-2023 23:00
4706,442,2170acba5d68a11a0c3fdf0e6f0b76284d166441c3306076a8868a2d,SP reward for iBTC,09 October 2023,58986,10-01-2024 21:45,12-10-2023 23:00
4707,442,0be100b577b01fb14cd3163192a4b4ef9862a633c140ae6f2c8bf6c2,SP reward for iBTC,09 October 2023,30651,10-01-2024 21:45,12-10-2023 23:00
4708,442,a599571d436d6d4796f955247b1e358fa4275e063273d81dc5845a47,SP reward for iBTC,09 October 2023,210441,10-01-2024 21:45,12-10-2023 23:00
4709,442,ff7025065ebb4ec9f6eb52345aa2e26d53b6cef048fbde949ccb7fa9,SP reward for iBTC,09 October 2023,26890,10-01-2024 21:45,12-10-2023 23:00
4710,442,35b5d87660008e921bf997918dca5a84f808badf0fdc910fb5cc1d06,SP reward for iBTC,09 October 2023,1522377,10-01-2024 21:45,12-10-2023 23:00
4711,442,072569588caa5cdfcfc07a1bc6e8731d835f6a6f5c077d1d6dee0756,SP reward for iBTC,09 October 2023,1645955,10-01-2024 21:45,12-10-2023 23:00
4712,442,c72d1e782124b7a5b2ddd16fcce4fb1909d968ae6540dc87e6dd63ae,SP reward for iBTC,09 October 2023,98357,10-01-2024 21:45,12-10-2023 23:00
4713,442,c6d45c71d2db10ad40fe49e492ce13dbf368ee6e721bc09c91ae89f5,SP reward for iBTC,09 October 2023,1278818,10-01-2024 21:45,12-10-2023 23:00
4714,442,49a33ab5e0265427d7de241eac6595c7f6b06d6f8714477158d43922,SP reward for iBTC,09 October 2023,2168873,10-01-2024 21:45,12-10-2023 23:00
4715,442,c6aef9c4dd86f4d87ee64da60a47365ddefcce6afe4f81ab201dcd59,SP reward for iBTC,09 October 2023,148223,10-01-2024 21:45,12-10-2023 23:00
4716,442,9cd08cc76ae69ff518811af8d0a51a88d43a4c657a0c04e9224cc8cb,SP reward for iBTC,09 October 2023,1022741,10-01-2024 21:45,12-10-2023 23:00
4717,442,8c5626c9e662752024df18952fa8540323f25adc94d1ddf19cbbe93a,SP reward for iBTC,09 October 2023,1420083,10-01-2024 21:45,12-10-2023 23:00
4718,442,9c6b26744bd56fdf8d153edfa533838c64edde179e56ab43ff39d44c,SP reward for iBTC,09 October 2023,14397,10-01-2024 21:45,12-10-2023 23:00
4719,442,78cd8a0a3b2bd1b5d1a85f348849349a8d180b3bc180c9f5ea34c726,SP reward for iBTC,09 October 2023,4844574,10-01-2024 21:45,12-10-2023 23:00
4720,442,f985683432a80c87adba0b58c0f23732d62df8b56b4495e62df7b34d,SP reward for iBTC,09 October 2023,1013069,10-01-2024 21:45,12-10-2023 23:00
4721,442,a4bb846ef68110900c05f24352c1648db506ec921bf6011e61e01684,SP reward for iBTC,09 October 2023,54884,10-01-2024 21:45,12-10-2023 23:00
4722,442,c706de7bfbb45cd87ecff598485d3a723c919553e66ca548aa8f617d,SP reward for iBTC,09 October 2023,439475,10-01-2024 21:45,12-10-2023 23:00
4723,442,bf15d026350810dda5fdcb83db246d5aa2aa05a96396966d52e8c044,SP reward for iBTC,09 October 2023,219514,10-01-2024 21:45,12-10-2023 23:00
4724,442,5f86e466087255702d18aa24b32dbb34534e08df81736672fa9ba65c,SP reward for iBTC,09 October 2023,425230,10-01-2024 21:45,12-10-2023 23:00
4725,442,6c348312a0608ec6032c6b58e8570d4eb54a6792e95185b661ecd19e,SP reward for iBTC,09 October 2023,104762,10-01-2024 21:45,12-10-2023 23:00
4726,442,a90c9789e1cc4e2b2b3f0623af62cf6c143918214776980f29b12d12,SP reward for iBTC,09 October 2023,545153,10-01-2024 21:45,12-10-2023 23:00
4727,442,895dbda6ce8ae6e05cb8936861ffdc934ef3f8b289ecbaf06f20da59,SP reward for iBTC,09 October 2023,329553,10-01-2024 21:45,12-10-2023 23:00
4728,442,e30fca4c9c548c925fe71b35bd611143d6c305a5ce0ab3d4dc89e483,SP reward for iBTC,09 October 2023,99438,10-01-2024 21:45,12-10-2023 23:00
4729,442,6f51c66d3a29c2d5f030cfb8e21376e24c1cf22150ac86f5bc9c9ba2,SP reward for iBTC,09 October 2023,731831,10-01-2024 21:45,12-10-2023 23:00
4730,442,bdabcdc638396b13e6a2f2fcee884fac8903ad668c7155fad848616a,SP reward for iBTC,09 October 2023,454012,10-01-2024 21:45,12-10-2023 23:00
4731,442,10b776dcc1840a0606e0cad33d6641d643d7e13ace69c9646edf99dd,SP reward for iBTC,09 October 2023,7216061,10-01-2024 21:45,12-10-2023 23:00
4732,442,77a1b379e48df6426e5cc09831d89c98ab884006386249023012566b,SP reward for iBTC,09 October 2023,184574,10-01-2024 21:45,12-10-2023 23:00
4733,442,34589e061b2fcffb9f07e7109d77a14c7c7f55f15f5a52d5ebe6c94e,SP reward for iBTC,09 October 2023,2879,10-01-2024 21:45,12-10-2023 23:00
4734,442,a723925d9bb76d01b7884c2a338fa082de4f043c8487a2f50462c8a1,SP reward for iBTC,09 October 2023,1456399,10-01-2024 21:45,12-10-2023 23:00
4735,442,8be6732aed7a8fae40c977123a8c351f24783273e129f986fa3f1eff,SP reward for iBTC,09 October 2023,2993079,10-01-2024 21:45,12-10-2023 23:00
4736,442,5d9e0354868fbabc732fd274e1a7335c480821da439b7d4506a85a57,SP reward for iBTC,09 October 2023,9813,10-01-2024 21:45,12-10-2023 23:00
4737,442,67fffa13350cb5f69efd949568ab2ebf8348f0dabc892dfa86c09360,SP reward for iBTC,09 October 2023,102400,10-01-2024 21:45,12-10-2023 23:00
4738,442,c83c13c91af421b95b9187ac7dd6aef77250ba8717f172cc1225835d,SP reward for iBTC,09 October 2023,3297493,10-01-2024 21:45,12-10-2023 23:00
4739,442,78774ad9d2f51203d1174cd8aba30079bfdf9167a1cef196cb3f1591,SP reward for iBTC,09 October 2023,3338521,10-01-2024 21:45,12-10-2023 23:00
4740,442,bfafa728e2977bfd051374321b88dc56458b666ab3b45151b201e2c2,SP reward for iBTC,09 October 2023,959431,10-01-2024 21:45,12-10-2023 23:00
4741,442,9bf929588ad1b309c5d14b29ac278dba301bf1eab59af4c29b68f807,SP reward for iBTC,09 October 2023,6125719,10-01-2024 21:45,12-10-2023 23:00
4742,442,9a2468984f0481f9e23b7537207c3f5ebee0803e8cd93be6e89b18da,SP reward for iBTC,09 October 2023,37444,10-01-2024 21:45,12-10-2023 23:00
4743,442,1f3d588e86ebe5e517471e5341fe873f2850231396913da81360acbf,SP reward for iBTC,09 October 2023,157449,10-01-2024 21:45,12-10-2023 23:00
4744,442,0a826eb1d51eaab35e35c7d39c554a1d52105bc49f70d5a2b55aa5f7,SP reward for iBTC,09 October 2023,150691,10-01-2024 21:45,12-10-2023 23:00
4745,442,ca0f77040a2b74ee79cb3a2c8046083e364c853648d64885a75ae35e,SP reward for iBTC,09 October 2023,398870,10-01-2024 21:45,12-10-2023 23:00
4746,442,2a0dab02e3a2f94c95d40083bb77c45b163ff989f2dda6492c2a8d5f,SP reward for iBTC,09 October 2023,345983,10-01-2024 21:45,12-10-2023 23:00
4747,442,3307f4774118bdc69163b2f8f2065892aa4484df07772bc4fe5fd052,SP reward for iBTC,09 October 2023,452884,10-01-2024 21:45,12-10-2023 23:00
4748,442,b6756686f4eb2913773cd154afd06f721a1eeeb6dd84d37b099acb14,SP reward for iBTC,09 October 2023,320844,10-01-2024 21:45,12-10-2023 23:00
4749,442,c590affd526db47b19bcb411793bba5d639c1f5885fafc47838cd22e,SP reward for iBTC,09 October 2023,2679803,10-01-2024 21:45,12-10-2023 23:00
4750,442,73761bdecaf3b16b1ac8cfbc32a46cfb73f3086cd854b57855bcf16e,SP reward for iBTC,09 October 2023,41428,10-01-2024 21:45,12-10-2023 23:00
4751,442,1633a5c8e451c8f2f2269392f0cf72be4f40d1ceccf4428bf38c34c2,SP reward for iBTC,09 October 2023,54391,10-01-2024 21:45,12-10-2023 23:00
4752,442,574394ab415b836d98d86245093f59942aeec40decbda39751f3e7d7,SP reward for iBTC,09 October 2023,3904453,10-01-2024 21:45,12-10-2023 23:00
4753,442,07c59e348504d75a47aa875c80c5f7c537f4153637fb942f8f21f7e4,SP reward for iBTC,09 October 2023,102435,10-01-2024 21:45,12-10-2023 23:00
4754,442,92d729404cabcad2f8d5de02c9757d15662aea7a92b9bb2b24647e8d,SP reward for iBTC,09 October 2023,1438593,10-01-2024 21:45,12-10-2023 23:00
4755,442,b5e29b13b00ba8a4b4e60c434ac0b462f3dabfbc3be5ab7bfb81450d,SP reward for iBTC,09 October 2023,118325,10-01-2024 21:45,12-10-2023 23:00
4756,442,dcc2117fe7b56fbf5a0c7ae4bd3e33a3a4ed07cd25e02c4c6e34d510,SP reward for iBTC,09 October 2023,207092,10-01-2024 21:45,12-10-2023 23:00
4757,442,fea8e87d281ee2160310c0c5f406150882995426d5588b0b507f6851,SP reward for iBTC,09 October 2023,85288,10-01-2024 21:45,12-10-2023 23:00
4758,442,b3a31397b51b543b0ad551f86c1e40a444ba5dee35b47a90f30bcd7f,SP reward for iBTC,09 October 2023,45353,10-01-2024 21:45,12-10-2023 23:00
4759,442,b743ce7aef466aecfdc2b6ee5779b83c5b97a64807880ee8e668e685,SP reward for iBTC,09 October 2023,53968,10-01-2024 21:45,12-10-2023 23:00
4760,442,e96b42bb359a00752e75feeaf706fce6c692ccd4fcc40a66ce559285,SP reward for iBTC,09 October 2023,1137470,10-01-2024 21:45,12-10-2023 23:00
4761,442,402aa9a17bc75af743dcb1e0be5aa6c22f3ccb3812ee05ecb9ba0369,SP reward for iBTC,09 October 2023,2821,10-01-2024 21:45,12-10-2023 23:00
4762,442,1c587f5ef064716c704b8e85c52f7946bd8faaf8d32862614abac4a8,SP reward for iBTC,09 October 2023,1243631,10-01-2024 21:45,12-10-2023 23:00
4763,442,17abbdbbee649dac78243c157c3238f34b9368e0e7d2c0232951484c,SP reward for iBTC,09 October 2023,14127,10-01-2024 21:45,12-10-2023 23:00
4764,442,8f869974639c5d8b3f9cb2bbfe8233ed48cb10eaec5eff4c3c348443,SP reward for iBTC,09 October 2023,71914,10-01-2024 21:45,12-10-2023 23:00
4765,442,d60e724de921571ec9a732fad7ec0673fb9665e2b41040cfc8193289,SP reward for iBTC,09 October 2023,730503,10-01-2024 21:45,12-10-2023 23:00
4766,442,d1660b25e17cb23c44f9161fd71df2a4e847f5b1e0b23a4bae71423a,SP reward for iBTC,09 October 2023,151585759,10-01-2024 21:45,12-10-2023 23:00
4767,442,528322993c2dcfc6256101f35cd17ef0a2893c840ca2c84d153cb61b,SP reward for iBTC,09 October 2023,365398,10-01-2024 21:45,12-10-2023 23:00
4768,442,fc1c84e08e8e47cda82dfe5d2778002da43570516efe2517c7878226,SP reward for iBTC,09 October 2023,11976,10-01-2024 21:45,12-10-2023 23:00
4769,442,ebdf2f2916f3819a83396a78bc14525b559c62b21cde688020ecfafb,SP reward for iBTC,09 October 2023,11715569,10-01-2024 21:45,12-10-2023 23:00
4770,442,e0a5fe8d81c61f33e7b47c1a5b07c02ca836cd80b91e2ce18e088db3,SP reward for iBTC,09 October 2023,120217,10-01-2024 21:45,12-10-2023 23:00
4771,442,01da9d4fea55755b1bd3017417aeae4b69e15fda2bbdb49d739351ff,SP reward for iBTC,09 October 2023,153194,10-01-2024 21:45,12-10-2023 23:00
4772,442,4046d7935086947d2c6dba7e4e5f0db6f8fb72f945d1c1f992ab6c9d,SP reward for iBTC,09 October 2023,73559,10-01-2024 21:45,12-10-2023 23:00
4773,442,cacee11ae9fc0ffb6219d179e22b1cddefd988ebcfb1ec7fca4ad52d,SP reward for iBTC,09 October 2023,26650464,10-01-2024 21:45,12-10-2023 23:00
4774,442,619b6b3a2835612d57f1fd005a20a950d5d17f31434599d983f4f066,SP reward for iBTC,09 October 2023,100860,10-01-2024 21:45,12-10-2023 23:00
4775,442,b343c02a76bd4f94ecbd4e8260a37ea68d5543d01e9f21e162c9cd1a,SP reward for iBTC,09 October 2023,3401679,10-01-2024 21:45,12-10-2023 23:00
4776,442,055973d3eb6ea05afa794d45503de1f84af84eecec770f487a736f87,SP reward for iBTC,09 October 2023,157390,10-01-2024 21:45,12-10-2023 23:00
4777,442,0118a7e04201305bddea885b6cc1cbea578e98b3eeec45bc06e2b2be,SP reward for iBTC,09 October 2023,119418,10-01-2024 21:45,12-10-2023 23:00
4778,442,e174ca1bc8de7a28fcd3d2fbb172d223fbd8b83c1dc51cd37c790420,SP reward for iBTC,09 October 2023,1710206,10-01-2024 21:45,12-10-2023 23:00
4779,442,20e6fbd5dc1f0edd267fd7d81a4ee11caa622a2d9f0bf88f98bdec4f,SP reward for iBTC,09 October 2023,1702920,10-01-2024 21:45,12-10-2023 23:00
4780,442,00023775abacb7c31af161e5d0faebd84067299748396171df0a4143,SP reward for iBTC,09 October 2023,180084,10-01-2024 21:45,12-10-2023 23:00
4781,442,9124156d56646d11e50b702724ceb71ffb59238add6deebc4e176f9b,SP reward for iBTC,09 October 2023,214261,10-01-2024 21:45,12-10-2023 23:00
4782,442,ccb220201f3cb6b293ae4aa8f4c4280591f300897fa0354851c616f7,SP reward for iBTC,09 October 2023,154816,10-01-2024 21:45,12-10-2023 23:00
4783,442,97abddf0ccc26df60a24679fe7080de9ead18fa0d973a115ce072ca8,SP reward for iBTC,09 October 2023,1425572,10-01-2024 21:45,12-10-2023 23:00
4784,442,8a943c72013267009ce119b8a60b15d5ee70a91ff3bfc32ec591e837,SP reward for iBTC,09 October 2023,3436678,10-01-2024 21:45,12-10-2023 23:00
4785,442,bb942086e287a184e192afb2eab10ec07042bbb967407ce1593b3a56,SP reward for iBTC,09 October 2023,163819,10-01-2024 21:45,12-10-2023 23:00
4786,442,10a11fcf12b135084efcf1bc998cf1024d444a2cf05d1e5c18d5d579,SP reward for iBTC,09 October 2023,1261483,10-01-2024 21:45,12-10-2023 23:00
4787,442,d28984c713366768ef92d78cdf6375539bc637d329226151e915c315,SP reward for iBTC,09 October 2023,44554,10-01-2024 21:45,12-10-2023 23:00
4788,442,35f31e0e99aa11179513402c64432bf50299e9a87276e8acd9fe765a,SP reward for iBTC,09 October 2023,935538,10-01-2024 21:45,12-10-2023 23:00
4789,442,7328ab6d917830c7db07347e34d628bd76421d260b9064231a34955e,SP reward for iBTC,09 October 2023,389773,10-01-2024 21:45,12-10-2023 23:00
4790,442,e105437b7f6bc51ba2dfff25dad8528637a85d69ce360c9417197769,SP reward for iBTC,09 October 2023,316190,10-01-2024 21:45,12-10-2023 23:00
4791,442,82fc2953edfbd8d3f708f49610a00caf271ff3794a8d5153f9b28fd0,SP reward for iBTC,09 October 2023,114529,10-01-2024 21:45,12-10-2023 23:00
4792,442,946c74a18ccd97a6cdb64318cb3374ab72e83c616d30d604e1cb8d20,SP reward for iBTC,09 October 2023,11858151,10-01-2024 21:45,12-10-2023 23:00
4793,442,f6f4381664083197aade59849d7d90493799c00ac314bd28eb6a1096,SP reward for iBTC,09 October 2023,3325864,10-01-2024 21:45,12-10-2023 23:00
4794,442,0d54066357cf1b893f76d88adc3586fc28aa526ab3ac30db74147a50,SP reward for iBTC,09 October 2023,48479,10-01-2024 21:45,12-10-2023 23:00
4795,442,ec189db91bbc7706bf3725f0d2ef8cef34d22b069510395f09fe78c6,SP reward for iBTC,09 October 2023,606243,10-01-2024 21:45,12-10-2023 23:00
4796,442,f8470a7569e320d24a2303be02e72f651be6e7cd1221fa8b4cf83704,SP reward for iBTC,09 October 2023,14105683,10-01-2024 21:45,12-10-2023 23:00
4797,442,fa9b92b3f0c4a0a756c6d39c8e7015bdb593ca4c4e3f051b10d5eaa5,SP reward for iBTC,09 October 2023,275115,10-01-2024 21:45,12-10-2023 23:00
4798,442,62455feed70d012e99e9845395a5cb277204e8a7d9b7e806a038d795,SP reward for iBTC,09 October 2023,2232008,10-01-2024 21:45,12-10-2023 23:00
4799,442,fc3f98ae5a3b654f6d89eebba84dede2c2ebe58d58ed3d59984dfef4,SP reward for iBTC,09 October 2023,1995676,10-01-2024 21:45,12-10-2023 23:00
4800,442,d7346fcd395de69e62f4a2bafbc32af393ceecb3287b0ff4442ff36e,SP reward for iBTC,09 October 2023,4721972,10-01-2024 21:45,12-10-2023 23:00
4801,442,0b1db916e7560c61e187d688e00f936a0730a88d1049e89f4ece9e9a,SP reward for iBTC,09 October 2023,9121430,10-01-2024 21:45,12-10-2023 23:00
4802,442,43554050d4b81197d15d448aa81b825612a4fef4cba3b48ba25be4e4,SP reward for iBTC,09 October 2023,167685,10-01-2024 21:45,12-10-2023 23:00
4803,442,dc02ccd3782cd2a25908214624aef4b201639744163010a68cfbb484,SP reward for iBTC,09 October 2023,1470349,10-01-2024 21:45,12-10-2023 23:00
4804,442,3a92ed8273f831fbedb6e5f494949885ff7239d3ca2bf1773ea690bf,SP reward for iBTC,09 October 2023,231384,10-01-2024 21:45,12-10-2023 23:00
4805,442,d7093cc9caa740381045e3c433dfc849c3403ecf066fac9233e14246,SP reward for iBTC,09 October 2023,1341059,10-01-2024 21:45,12-10-2023 23:00
4806,442,84f56148eee940276bc35ce104626bdc964f341a85e2c88699042ab3,SP reward for iBTC,09 October 2023,1185385,10-01-2024 21:45,12-10-2023 23:00
4807,442,3674c9d5873becab55b9c7d24038f7b4333eb70d1639edb14a95335d,SP reward for iBTC,09 October 2023,297351,10-01-2024 21:45,12-10-2023 23:00
4808,442,92a18583ff5b6549b812dd1035b420789020d999240b9d122ef5e71b,SP reward for iBTC,09 October 2023,14561,10-01-2024 21:45,12-10-2023 23:00
4809,442,8d999dd787f9871ef69430cfd7473d3d786fe6e060985c65265997d9,SP reward for iBTC,09 October 2023,11517,10-01-2024 21:45,12-10-2023 23:00
4810,442,fcc20a843a102f03b5a67e2d9567fc74c70c2c2c294b85fa83086611,SP reward for iBTC,09 October 2023,120843412,10-01-2024 21:45,12-10-2023 23:00
4811,442,36fc48bb762e7e133f8cdb2197315db32557edc052b20a7c6233316a,SP reward for iBTC,09 October 2023,70715,10-01-2024 21:45,12-10-2023 23:00
4812,442,ff2666d0328175164cd4f4be76d58ac6162319513ccc68d940bf2b23,SP reward for iBTC,09 October 2023,3422787,10-01-2024 21:45,12-10-2023 23:00
4813,442,619db89e32d3347ca98cb4718f91695154e3a3f7d383af693a4dabc8,SP reward for iBTC,09 October 2023,3485804,10-01-2024 21:45,12-10-2023 23:00
4814,442,c716768454ee0acb9178b7ca686c04eb02579b536fb44ec6b4361c81,SP reward for iBTC,09 October 2023,9488885,10-01-2024 21:45,12-10-2023 23:00
4815,442,d1f445019e940fa4e89b149599b431d0ef7592743758b010b8866898,SP reward for iBTC,09 October 2023,901114,10-01-2024 21:45,12-10-2023 23:00
4816,442,865175c4867e096c4bc73e6064dbd2e9bacb181c5f660c340be7a531,SP reward for iBTC,09 October 2023,1252092,10-01-2024 21:45,12-10-2023 23:00
4817,442,c237095d55fa4c123f4a67d49e429bc6c35f2d4c8aadff5ea1a7ab1c,SP reward for iBTC,09 October 2023,101659,10-01-2024 21:45,12-10-2023 23:00
4818,442,91a484d734334a3069b53ae5373393a8ea8f93d88627670c00f8e8f9,SP reward for iBTC,09 October 2023,980362,10-01-2024 21:45,12-10-2023 23:00
4819,442,c762b49fcc98442f1dc5e71e6de2635f02c7b22275a7d112abe90dbc,SP reward for iBTC,09 October 2023,3580001,10-01-2024 21:45,12-10-2023 23:00
4820,442,4fe31a9ee1f8f310f27feae9a31118d29e3378b0240a998a477ec357,SP reward for iBTC,09 October 2023,4066,10-01-2024 21:45,12-10-2023 23:00
4821,442,ecdd6a81ee434c3d773a0b6b27d426b3d86ee4f8edbb4016e5a6883d,SP reward for iBTC,09 October 2023,42403,10-01-2024 21:45,12-10-2023 23:00
4822,442,36f4acc790ade8685561ee452d290cddfaae730872d02a25fd4d65cc,SP reward for iBTC,09 October 2023,22659,10-01-2024 21:45,12-10-2023 23:00
4823,442,ff8c28d4272bc3688bfc79b6acbe73b24577851e0b4e422ef2198977,SP reward for iBTC,09 October 2023,9393936,10-01-2024 21:45,12-10-2023 23:00
4824,442,e73dedb1ad601b2c565d3d5abd31f368cc8b8b8e94faa13de79475c3,SP reward for iBTC,09 October 2023,68365,10-01-2024 21:45,12-10-2023 23:00
4825,442,e369f9a894744f3c1bf4e714426f0e9753cdcab22a9cf0ab620bd642,SP reward for iBTC,09 October 2023,14183379,10-01-2024 21:45,12-10-2023 23:00
4826,442,3657a92f82da5d852f3757b0d144117b3fce7353181e8a8202843d54,SP reward for iBTC,09 October 2023,14746267,10-01-2024 21:45,12-10-2023 23:00
4827,442,35fc0d9a0b03f48768465620b16a3d5902a30dab99d4a7d2c08add5c,SP reward for iBTC,09 October 2023,22117297,10-01-2024 21:45,12-10-2023 23:00
4828,442,4074cb09fb0f9c5695ee9561cc0b9eecec26efd9a0362f9c6615732c,SP reward for iBTC,09 October 2023,112542,10-01-2024 21:45,12-10-2023 23:00
4829,442,b4dd03047543f859dd8edf03705087c510442f0d006a151ee92c1994,SP reward for iBTC,09 October 2023,6998756,10-01-2024 21:45,12-10-2023 23:00
4830,442,eeb30b031f8ddd6c5766289a4faebc9fb55ea39eaff3dbaf28d106dd,SP reward for iBTC,09 October 2023,144885,10-01-2024 21:45,12-10-2023 23:00
4831,442,9a87e01b2fc854b5c7c70267da8f3ed2d1343329aa8e86efde7748aa,SP reward for iBTC,09 October 2023,4104552,10-01-2024 21:45,12-10-2023 23:00
4832,442,9cdf11e9f7832510865cf609be23fce37c331324a087d334801d435d,SP reward for iBTC,09 October 2023,10906,10-01-2024 21:45,12-10-2023 23:00
4833,442,9204bc66b5075a98249a520231b5c28315f603e80410c19e79b79739,SP reward for iBTC,09 October 2023,3392559,10-01-2024 21:45,12-10-2023 23:00
4834,442,ee0d3f0402347e81228151903cf5249eb6303bf0e78b4f488263db90,SP reward for iBTC,09 October 2023,884837,10-01-2024 21:45,12-10-2023 23:00
4835,442,b7f7ae08769181fd6287c83f74fe18cce31b5bad2e39eeb4ae982f68,SP reward for iBTC,09 October 2023,1708197,10-01-2024 21:45,12-10-2023 23:00
4836,442,a042edfa210923d77e34bb224506a33f1007618124addb9d275c44f3,SP reward for iBTC,09 October 2023,494100,10-01-2024 21:45,12-10-2023 23:00
4837,442,add22687547b52ee682e6d576776af097ef9374ecce09681b9b43715,SP reward for iBTC,09 October 2023,1376681,10-01-2024 21:45,12-10-2023 23:00
4838,442,7cbc9de209d7a0032eca03b814521b58b034bb72aa681decb395ea25,SP reward for iBTC,09 October 2023,699582,10-01-2024 21:45,12-10-2023 23:00
4839,442,91aa6ddecfac713f774fe7635bc6804e96e008cd220186a1382b7f1f,SP reward for iBTC,09 October 2023,42074,10-01-2024 21:45,12-10-2023 23:00
4840,442,9eacf5e8b3c6bf9b1abf34590fd8c9b02e34c0bcd682a1e895ede3fe,SP reward for iBTC,09 October 2023,13269584,10-01-2024 21:45,12-10-2023 23:00
4841,442,008183a40ad33934b7d4711d6b46f0b8901d398b77746222f0ac0dcb,SP reward for iBTC,09 October 2023,280780,10-01-2024 21:45,12-10-2023 23:00
4842,442,f8c924fdf1d9d105c176c2d7289312adb74685741ade1835c78022bf,SP reward for iBTC,09 October 2023,69152,10-01-2024 21:45,12-10-2023 23:00
4843,442,ddc7d434a87369990847553dbe9a0020ccbf868222cb6193b0303eca,SP reward for iBTC,09 October 2023,1796529,10-01-2024 21:45,12-10-2023 23:00
4844,442,a753860cbfd3884ffd93ee7ae4762a618855a982c2bcff3da2623281,SP reward for iBTC,09 October 2023,168990,10-01-2024 21:45,12-10-2023 23:00
4845,442,8e5cffec9bc59c2f83a5396628846b2e34c8e4a565b9bd5f85c3a7c5,SP reward for iBTC,09 October 2023,4603412,10-01-2024 21:45,12-10-2023 23:00
4846,442,0f26b4a346fa82ee79b28cc898586a3b735d74002f54fa170f4e6e8a,SP reward for iBTC,09 October 2023,304873,10-01-2024 21:45,12-10-2023 23:00
4847,442,56270f8bf55701d31d45a3db4a13d99ef7848fc936616777f4257dcb,SP reward for iBTC,09 October 2023,741609,10-01-2024 21:45,12-10-2023 23:00
4848,442,d38b26fb9b460883ad49b8be8efae6a39413a4cf65ca3a84b6a14f65,SP reward for iBTC,09 October 2023,5181002,10-01-2024 21:45,12-10-2023 23:00
4849,442,cdfe95c99540a11b593c69e1426a76245c3d76ed3b905a09aa8d011a,SP reward for iBTC,09 October 2023,2895627,10-01-2024 21:45,12-10-2023 23:00
4850,442,bc64c0754d2dd6b159df3116a20375fbb668de087098210541940186,SP reward for iBTC,09 October 2023,2803475,10-01-2024 21:45,12-10-2023 23:00
4851,442,6ab1e8f492b0ade359dcc23754a37711b11e09f3c300db387a7df62a,SP reward for iBTC,09 October 2023,99474,10-01-2024 21:45,12-10-2023 23:00
4852,442,1344c6719d8058b88f756f2ee293581dab8214b388113a46e95cb2e8,SP reward for iBTC,09 October 2023,117514,10-01-2024 21:45,12-10-2023 23:00
4853,442,0fcd5515a7c42ff375fbe24915bf94140f3ae6559957291e2fc8cb98,SP reward for iBTC,09 October 2023,1729645,10-01-2024 21:45,12-10-2023 23:00
4854,442,765bf28b5f8fd06d76dbd8ea9a428a40b30d721575c7f8483c968500,SP reward for iBTC,09 October 2023,1208185,10-01-2024 21:45,12-10-2023 23:00
4855,442,25f2b6e8273673fa147f150644a62517d248bba31bbb8c35963fcb94,SP reward for iBTC,09 October 2023,607430,10-01-2024 21:45,12-10-2023 23:00
4856,442,e2a00a183faa1d56370cdabb7b05beeb09274a693061e1d5aa140617,SP reward for iBTC,09 October 2023,3703720,10-01-2024 21:45,12-10-2023 23:00
4857,442,ba723099e73d3c12bbe935d3286ca851beadbb24e82e459d2cc47095,SP reward for iBTC,09 October 2023,981948,10-01-2024 21:45,12-10-2023 23:00
4858,442,9cffd98682b61f22ad13b19130b79edf9efba37b87b1bb216786bb22,SP reward for iBTC,09 October 2023,1214096,10-01-2024 21:45,12-10-2023 23:00
4859,442,27e19a4d47b49657009c6265473dd7191ec0908bdcffdc0fe37ee348,SP reward for iBTC,09 October 2023,5017125,10-01-2024 21:45,12-10-2023 23:00
4860,442,6d74a578d02399914e6e91e30fcc0cb11157d6bb8bfa11e27c1f067f,SP reward for iBTC,09 October 2023,7181849,10-01-2024 21:45,12-10-2023 23:00
4861,442,19006487a208affb9e50bea4ec43f00e27b951edc7a440ecd4a88d21,SP reward for iBTC,09 October 2023,531814,10-01-2024 21:45,12-10-2023 23:00
4862,442,bd120d13cacc36173e37233dc7218a7e887697a3614d27234b00e009,SP reward for iBTC,09 October 2023,289489,10-01-2024 21:45,12-10-2023 23:00
4863,442,d171c764b68e3006a17366dbbd2b5b1d1641e584991c8524ac72458f,SP reward for iBTC,09 October 2023,313217,10-01-2024 21:45,12-10-2023 23:00
4864,442,d2cb4ce1de90a00c3c930185073e3c041f638555713136d3b3bdea81,SP reward for iBTC,09 October 2023,521002,10-01-2024 21:45,12-10-2023 23:00
4865,442,060355fc3d04d9df3f0e2a908231211672b16c6762c4e5c83e623734,SP reward for iBTC,09 October 2023,402090,10-01-2024 21:45,12-10-2023 23:00
4866,442,9dcf132042889673839ea86796d3ea30d6fd52682b5bdf524dfa15ce,SP reward for iBTC,09 October 2023,1185796,10-01-2024 21:45,12-10-2023 23:00
4867,442,5f75978f9c34609c4720a15d2cb51b1384ef0711a8e4afa7de0d060a,SP reward for iBTC,09 October 2023,682282,10-01-2024 21:45,12-10-2023 23:00
4868,442,4a8c38f06a0dd31c58d79d150fefe34db736ac83c4a7cc1fc22c1e5e,SP reward for iBTC,09 October 2023,2727471,10-01-2024 21:45,12-10-2023 23:00
4869,442,f00f927995925d46c18314ed041f55e32d1e9bc0da7b18b5f9d56602,SP reward for iBTC,09 October 2023,6473629,10-01-2024 21:45,12-10-2023 23:00
4870,442,5c1a02a27266c981c3c4a9f5301c0e540b93da75bba83693aa1284a2,SP reward for iBTC,09 October 2023,356819,10-01-2024 21:45,12-10-2023 23:00
4871,442,c91490adde7feb9e01721f33e1ab60e2002bef0b62a0e83a759ff983,SP reward for iBTC,09 October 2023,266160,10-01-2024 21:45,12-10-2023 23:00
4872,442,4275e6428a0fbad50a8d8172bb5dfb1c4e5939e18312f7b852f7a374,SP reward for iBTC,09 October 2023,13081,10-01-2024 21:45,12-10-2023 23:00
4873,442,b5c8349396f274e45c6733b41262d7fca925d6413394331b01e88d0e,SP reward for iBTC,09 October 2023,240786,10-01-2024 21:45,12-10-2023 23:00
4874,442,f4035fabf6ceffc8d7ba6defb2a76bf77e2fd6f447f37c9037340990,SP reward for iBTC,09 October 2023,21108,10-01-2024 21:45,12-10-2023 23:00
4875,442,594b5cf4b90fa03498e94b259e4462f7b838acbb727e5fb27a1512a2,SP reward for iBTC,09 October 2023,8450442,10-01-2024 21:45,12-10-2023 23:00
4876,442,f095b6bf1670a5927349be0c438d63b966d494f62868c47d264ee592,SP reward for iBTC,09 October 2023,1844985,10-01-2024 21:45,12-10-2023 23:00
4877,442,cf59324e35572473a1c164ace3b16a04c1893f82aae9557abe429d89,SP reward for iBTC,09 October 2023,411974,10-01-2024 21:45,12-10-2023 23:00
4878,442,df6ae36c5ece938f1ac50184e91aca50ae5fc231ab25eef48ad4612d,SP reward for iBTC,09 October 2023,975,10-01-2024 21:45,12-10-2023 23:00
4879,442,e105290df587390be33d256392f378bfd7709dca5c16de6ff1958de1,SP reward for iBTC,09 October 2023,4348,10-01-2024 21:45,12-10-2023 23:00
4880,442,b6e7a0d5545a3c9f3d826332b90027b303e45852eb3593bcb8f12883,SP reward for iBTC,09 October 2023,2937948,10-01-2024 21:45,12-10-2023 23:00
4881,442,f5fc2163bd928f1bd4be6463323d1341eb5709ad2fc7780f3a0110bf,SP reward for iBTC,09 October 2023,19747327,10-01-2024 21:45,12-10-2023 23:00
4882,442,efdea48b2d455838b64f1bdbf0106eef7cd67041ce4aa429d812183e,SP reward for iBTC,09 October 2023,106008,10-01-2024 21:45,12-10-2023 23:00
4883,442,f94b3ec28d8823ec92824d2e847a0d681f4b113df6e1b8a35fb0c72a,SP reward for iBTC,09 October 2023,334865,10-01-2024 21:45,12-10-2023 23:00
4884,442,98c9ede2d55f7f080a56fae1fdaf13fba514696d0ca759c8994b7967,SP reward for iBTC,09 October 2023,1087815,10-01-2024 21:45,12-10-2023 23:00
4885,442,9adca998ba0dd97e2f2720c2ae640088796272ec3f41a6cdf8819fe4,SP reward for iBTC,09 October 2023,15478,10-01-2024 21:45,12-10-2023 23:00
4886,442,78b355ef81f783f5efe26565142565159adb6d0fe2ff17631c37540c,SP reward for iBTC,09 October 2023,163866,10-01-2024 21:45,12-10-2023 23:00
4887,442,b18c6ec043fe8be54994fea40737423de41f59bf46b00920c2f9001d,SP reward for iBTC,09 October 2023,165793,10-01-2024 21:45,12-10-2023 23:00
4888,442,95aab629810acf425e4448592d1a5a0265255116e5451f90d7034b58,SP reward for iBTC,09 October 2023,42239,10-01-2024 21:45,12-10-2023 23:00
4889,442,e33e0545052a1f9575c1e6f303380e932387671fba477f9156f62994,SP reward for iBTC,09 October 2023,1444717,10-01-2024 21:45,12-10-2023 23:00
4890,442,87b9679714eebad39554239abcc970b4937f19ce07fae769da678184,SP reward for iBTC,09 October 2023,435067,10-01-2024 21:45,12-10-2023 23:00
4891,442,418be7cbf9d37e1ed38d316e3f1f21a33cd6733ebd7457145447a830,SP reward for iBTC,09 October 2023,13626074,10-01-2024 21:45,12-10-2023 23:00
4892,442,f345ef8a03058d65c9e5f976341e69412829c42e452322faa7f5fcdc,SP reward for iBTC,09 October 2023,4254456,10-01-2024 21:45,12-10-2023 23:00
4893,442,b0b17184099167f74fd1bdc36ecfda5993f9c18dfa90895964bfd863,SP reward for iBTC,09 October 2023,178592,10-01-2024 21:45,12-10-2023 23:00
4894,442,134772ad86746619dd39c1bcfd82c5cbec2872f3fbbae1c289e2c7c4,SP reward for iBTC,09 October 2023,5326699,10-01-2024 21:45,12-10-2023 23:00
4895,442,725fca12f5495b2d9c9be40376355bb56f673261a0c0fefcc0e83128,SP reward for iBTC,09 October 2023,76744,10-01-2024 21:45,12-10-2023 23:00
4896,442,c8d94edd54ac158df872778b972b3d9f230b77294e9688e7fa3d3302,SP reward for iBTC,09 October 2023,19352665,10-01-2024 21:45,12-10-2023 23:00
4897,442,c7a86c9c19def585d674247d860174f22835041153f5d755700ca691,SP reward for iBTC,09 October 2023,401185,10-01-2024 21:45,12-10-2023 23:00
4898,442,73a2384cb145aa11ef7c996728c5715f87b007368e1a4769853927ee,SP reward for iBTC,09 October 2023,11270653,10-01-2024 21:45,12-10-2023 23:00
4899,442,bcd7d0e8839b24551996bbec8f229f4f6788f31974b86088e50cc325,SP reward for iBTC,09 October 2023,406509,10-01-2024 21:45,12-10-2023 23:00
4900,442,d643e544ab30611b757fd5926602f6f693d573f4c0005d0b46aab1f2,SP reward for iBTC,09 October 2023,3237402,10-01-2024 21:45,12-10-2023 23:00
4901,442,d93ec003c4f3efe6cee6dc59a04d13c177c1fcf36d0cee212fcced8e,SP reward for iBTC,09 October 2023,124565,10-01-2024 21:45,12-10-2023 23:00
4902,442,811d81c21b08352b6d13adc8815022f120336e4eadd03f4ee1a1b0fa,SP reward for iBTC,09 October 2023,202978,10-01-2024 21:45,12-10-2023 23:00
4903,442,9cc6a5c39d7b0a317daf1c2ac03e490912585b884ac4d922a146117b,SP reward for iBTC,09 October 2023,6967001,10-01-2024 21:45,12-10-2023 23:00
4904,442,0da3cacef17d65df4ab3d98a21d5d8ef52ef3f813b35b46e9ac4e562,SP reward for iBTC,09 October 2023,30123540,10-01-2024 21:45,12-10-2023 23:00
4905,442,198836d653f267dfed06bd383b80539c50f3ab6d6e7e0de11d9b723e,SP reward for iETH,10 October 2023,682,10-01-2024 21:45,12-10-2023 23:00
4906,442,43b8e3375ecf90169230d91ce92863d0b041ed4c8668cc87d17ea980,SP reward for iETH,10 October 2023,3320,10-01-2024 21:45,12-10-2023 23:00
4907,442,58565b9a0b90f766dad48a3cb365453b452565ecb6773a55a5517b48,SP reward for iETH,10 October 2023,434087,10-01-2024 21:45,12-10-2023 23:00
4908,442,405966152e910c43c45f1d21d8420d7ce66c604b9750824741970780,SP reward for iETH,10 October 2023,349,10-01-2024 21:45,12-10-2023 23:00
4909,442,4199f4bb58f9b3c60dec5310a8326d46c90318b83d2e96ff45f30bf1,SP reward for iETH,10 October 2023,23,10-01-2024 21:45,12-10-2023 23:00
4910,442,f9f1d44d00b15f63b1aac48dd4e3b4738bec1c79cef84b67ef5c69e4,SP reward for iETH,10 October 2023,371,10-01-2024 21:45,12-10-2023 23:00
4911,442,bdb8c089708bb3dd3c626bb9a286a3aacbf77517b9643161db4a1452,SP reward for iETH,10 October 2023,60,10-01-2024 21:45,12-10-2023 23:00
4912,442,117a220650f577db973565412c705745e0cac69c796d137e977267a0,SP reward for iETH,10 October 2023,1,10-01-2024 21:45,12-10-2023 23:00
4913,442,ad122b9fa3ab86495712afd2a6f655430427c2cf21a54fd0c8fe8e63,SP reward for iETH,10 October 2023,71706,10-01-2024 21:45,12-10-2023 23:00
4914,442,2e1573f020d7dc42fb1befd459287f0e620fb799cee111e43c50d676,SP reward for iETH,10 October 2023,10862,10-01-2024 21:45,12-10-2023 23:00
4915,442,ed3122194af84dbc350676f420b1927209b40cf0d239ec26a5cc8623,SP reward for iETH,10 October 2023,223437,10-01-2024 21:45,12-10-2023 23:00
4916,442,5016a30bc3c1a609d20be6cd2ea1f87bf5b49bcf2f8ecdb1d21cceff,SP reward for iETH,10 October 2023,1,10-01-2024 21:45,12-10-2023 23:00
4917,442,bffe2a2f3dde97b96f94f5cdde3957828c61db930faba0e4b2afbb46,SP reward for iETH,10 October 2023,43762,10-01-2024 21:45,12-10-2023 23:00
4918,442,435ac6984516a80bf6a9e7d16ba8431add7b4f44083131ab8dce0097,SP reward for iETH,10 October 2023,81616,10-01-2024 21:45,12-10-2023 23:00
4919,442,8b542601309e158b422074b4a53ec9aa0f09a0b50f58bce55a68b4a0,SP reward for iETH,10 October 2023,15540,10-01-2024 21:45,12-10-2023 23:00
4920,442,6efc2b7d458837222c6305866822d7d3039f9b436dc7eeda2ebabd4e,SP reward for iETH,10 October 2023,4812,10-01-2024 21:45,12-10-2023 23:00
4921,442,ce6885bef0ae899503bec94142f5c2d8f8d25973ddb50e1c5dca5c1e,SP reward for iETH,10 October 2023,802,10-01-2024 21:45,12-10-2023 23:00
4922,442,7bfcb0b4a3974232c21fe4440a2befb5aff58093e9582c9d447c1e0d,SP reward for iETH,10 October 2023,421,10-01-2024 21:45,12-10-2023 23:00
4923,442,89d095d531c5d92be599e65bfe27c44652b2cf99b72a332427e9d8a2,SP reward for iETH,10 October 2023,25128,10-01-2024 21:45,12-10-2023 23:00
4924,442,42a1f1254b83222880c10986170dff3d174299a9b6601511d369a189,SP reward for iETH,10 October 2023,203914,10-01-2024 21:45,12-10-2023 23:00
4925,442,93fb8feafbe7b27f8ccddb6c42676e5c85698c605c6627728507d8fc,SP reward for iETH,10 October 2023,556,10-01-2024 21:45,12-10-2023 23:00
4926,442,19c1be2fd0ce6e32cde0185dd60a56edc288d8de6243c1ca4e569f51,SP reward for iETH,10 October 2023,75,10-01-2024 21:45,12-10-2023 23:00
4927,442,d1b4a2e733c66382f3c60bf7a43803b57e44c07d5efe87bf8c4185ee,SP reward for iETH,10 October 2023,78890,10-01-2024 21:45,12-10-2023 23:00
4928,442,70412db01246a610b0e448401967f8c79afad0c1eda5cc75b2c252f7,SP reward for iETH,10 October 2023,1052,10-01-2024 21:45,12-10-2023 23:00
4929,442,875b60897b0b855c13d7cab2fa168fe63bce45ed7e657bdd951b5972,SP reward for iETH,10 October 2023,34059,10-01-2024 21:45,12-10-2023 23:00
4930,442,84e650cc71a2cc4a1e57241565b32d0b24ba3ed2a8726bbd11c76ef7,SP reward for iETH,10 October 2023,15913,10-01-2024 21:45,12-10-2023 23:00
4931,442,4e5426811df99e191ae0bc3eca64836e561a07d1623b16f94828240b,SP reward for iETH,10 October 2023,2,10-01-2024 21:45,12-10-2023 23:00
4932,442,2b3f8ce415f63a81454d53882a00a4d2225e1284c257a8b14ecb4c22,SP reward for iETH,10 October 2023,1,10-01-2024 21:45,12-10-2023 23:00
4933,442,af91dcc8800fad79990ad47efc93335efb93b85b15f01ad0570b0924,SP reward for iETH,10 October 2023,96428,10-01-2024 21:45,12-10-2023 23:00
4934,442,8707ca72180e998be7256d3ca209f1018ee51fc9f9e1d55fd1d962ae,SP reward for iETH,10 October 2023,1500,10-01-2024 21:45,12-10-2023 23:00
4935,442,aa67df191de68ac9224c3425b62b628becbb3d001d0ba78f1dacac4e,SP reward for iETH,10 October 2023,14,10-01-2024 21:45,12-10-2023 23:00
4936,442,609ec540fc0fe4aa910919d0f5a2a5dfda7db6cb7f9b4c73c285bb22,SP reward for iETH,10 October 2023,32751,10-01-2024 21:45,12-10-2023 23:00
4937,442,38182d9874dbabb161ffff5e21c81a58b8134ff7f34f2407903dba6c,SP reward for iETH,10 October 2023,5371,10-01-2024 21:45,12-10-2023 23:00
4938,442,a179c06273cc4b1676137e136a2ef23e7cf4a3ea8b07f359a13f88a2,SP reward for iETH,10 October 2023,4384,10-01-2024 21:45,12-10-2023 23:00
4939,442,8d995bf956bbf2a69b6549ca3a6830e9292b0d2641e9fa520d0f294d,SP reward for iETH,10 October 2023,106025,10-01-2024 21:45,12-10-2023 23:00
4940,442,7a7fe8f80addd82b29adc3d5f017985c04c21eac82da3072fb95ba30,SP reward for iETH,10 October 2023,812,10-01-2024 21:45,12-10-2023 23:00
4941,442,afd3aaa6c6cff952df201e8b6aa2e2e06e080f61f9fcbabc1997b42b,SP reward for iETH,10 October 2023,101307,10-01-2024 21:45,12-10-2023 23:00
4942,442,57e5858c1df6db74f151486eedd33dec6790c38e79d12b69e2add37e,SP reward for iETH,10 October 2023,53548,10-01-2024 21:45,12-10-2023 23:00
4943,442,206d0b9f1190d040970e6a139ec20333570c9f73098ab4f8c5772536,SP reward for iETH,10 October 2023,30884,10-01-2024 21:45,12-10-2023 23:00
4944,442,241ecd4e529840fd1d3c3a44abf3e5f3d65c6312fa1203025234ade4,SP reward for iETH,10 October 2023,5018,10-01-2024 21:45,12-10-2023 23:00
4945,442,7bca37d84a32420442867cc57a31d617763def3c9963f639c58ff001,SP reward for iETH,10 October 2023,252554,10-01-2024 21:45,12-10-2023 23:00
4946,442,9913007f4d5d7d0bdfde593a74f1cc948368d29881aa3efab60a6338,SP reward for iETH,10 October 2023,30844,10-01-2024 21:45,12-10-2023 23:00
4947,442,731c4e0664571b4ea0a1b9279f3b9dc10ae79bd38908a7b30ecefe22,SP reward for iETH,10 October 2023,430,10-01-2024 21:45,12-10-2023 23:00
4948,442,8bb170899ad086aaf786240e8429aaae18448301ad0d2ab068d38f4a,SP reward for iETH,10 October 2023,1,10-01-2024 21:45,12-10-2023 23:00
4949,442,c8ca667b94b226c0400fc4f3f8ce935ef841edd752b09fbf28b1cb16,SP reward for iETH,10 October 2023,8,10-01-2024 21:45,12-10-2023 23:00
4950,442,84b2dddf4357c2589e7d431a055e3b0db4149b94240c63ecb1b676f2,SP reward for iETH,10 October 2023,10524423,10-01-2024 21:45,12-10-2023 23:00
4951,442,a33c563393379855e9b6f66e6830ceac659fac8982b06d4128b21722,SP reward for iETH,10 October 2023,5728,10-01-2024 21:45,12-10-2023 23:00
4952,442,6d6912b202d92f19e9b506ce91eb315f764d0eb5aaf86598b6408dd0,SP reward for iETH,10 October 2023,26320,10-01-2024 21:45,12-10-2023 23:00
4953,442,93c8ee55e003b8ac9b1be4260e01d9f03ef35e8cb8ad07fc04c86f80,SP reward for iETH,10 October 2023,180851,10-01-2024 21:45,12-10-2023 23:00
4954,442,243143a1edf725605b078e3660ccf3ef4811e54ce8d70b04ae15a4b0,SP reward for iETH,10 October 2023,145,10-01-2024 21:45,12-10-2023 23:00
4955,442,512f425cedae5c11513155242686e5039b766c7ae798515b68a364e7,SP reward for iETH,10 October 2023,2712,10-01-2024 21:45,12-10-2023 23:00
4956,442,ed3ceb224858d2a44bcae5c64c3f96bc3e80d85bc3347c5f156ae7ff,SP reward for iETH,10 October 2023,1,10-01-2024 21:45,12-10-2023 23:00
4957,442,ccf0463efcfc0be16312d889a485c827392edb4bf32af4b43af4aad5,SP reward for iETH,10 October 2023,4586,10-01-2024 21:45,12-10-2023 23:00
4958,442,38a6b071d8b300a0a8219cb49ae293024f466985a89f62d6188d0388,SP reward for iETH,10 October 2023,6535,10-01-2024 21:45,12-10-2023 23:00
4959,442,b5f538b9bc03a2b72e11f5d02d4480cb5a8db857e1a730b1d4499ec4,SP reward for iETH,10 October 2023,3787070,10-01-2024 21:45,12-10-2023 23:00
4960,442,0d4dfb08eb9de8c5610cecd9f1624a8f1bcd2775a9fa651631d44cd5,SP reward for iETH,10 October 2023,4195312,10-01-2024 21:45,12-10-2023 23:00
4961,442,929695c172f6c2841df1482161ec1a2716ee2f166c27c86b20736e71,SP reward for iETH,10 October 2023,90710,10-01-2024 21:45,12-10-2023 23:00
4962,442,d5783eeb99454513796d07833a55b33d041157aa2557f641d50b7f13,SP reward for iETH,10 October 2023,8783,10-01-2024 21:45,12-10-2023 23:00
4963,442,4cb2eb343a9f29be1c2550732c532cf3d2a846cce4b12691379bdc70,SP reward for iETH,10 October 2023,8142,10-01-2024 21:45,12-10-2023 23:00
4964,442,73a2384cb145aa11ef7c996728c5715f87b007368e1a4769853927ee,SP reward for iETH,10 October 2023,7026398,10-01-2024 21:45,12-10-2023 23:00
4965,442,cef48e82717f374be93b1e5bccad65b68e9403e57dcec8f251b35455,SP reward for iETH,10 October 2023,50683716,10-01-2024 21:45,12-10-2023 23:00
4966,442,b2cd3ac1116b5d4d2634eb51a832f9c99dd03abe51b9e05f463bde68,SP reward for iETH,10 October 2023,98070,10-01-2024 21:45,12-10-2023 23:00
4967,442,bbc6d8e0a8f8fa47238a3df22e1b9a0e39a0de2330ba5b49d69a6bc0,SP reward for iETH,10 October 2023,538977,10-01-2024 21:45,12-10-2023 23:00
4968,442,61cc93b6feaaf71fb0a4133fc103134b9e0057b17a96b5b8ab064345,SP reward for iETH,10 October 2023,523205,10-01-2024 21:45,12-10-2023 23:00
4969,442,c05d3ab97abdcac7e81855b92b59afe40f18b059e9d8cceedc5ef511,SP reward for iETH,10 October 2023,60567,10-01-2024 21:45,12-10-2023 23:00
4970,442,20e9a6827fc11c89ad4f49e9b36cf80b55c5650eb397b1a9507dde2b,SP reward for iETH,10 October 2023,5346,10-01-2024 21:45,12-10-2023 23:00
4971,442,4fef1de46ca4dffc70cafbce94918dc9e28000d395411532f418a73d,SP reward for iETH,10 October 2023,67777,10-01-2024 21:45,12-10-2023 23:00
4972,442,fc5543c66855df3872fc1c6bedbd95bb592feb158a7656d0964358b1,SP reward for iETH,10 October 2023,13336,10-01-2024 21:45,12-10-2023 23:00
4973,442,476b50ba222061304df4ef1e7da2a370fc1a452f4100e862d5555269,SP reward for iETH,10 October 2023,27213,10-01-2024 21:45,12-10-2023 23:00
4974,442,96fcd31985e22ce4ab339cd92f94a5e54e5ddb4880f0a3a6c6ccb2f5,SP reward for iETH,10 October 2023,13189,10-01-2024 21:45,12-10-2023 23:00
4975,442,d2a9e3449671da65c467670745d3d5ba2f2f261187808191a95710cf,SP reward for iETH,10 October 2023,17944,10-01-2024 21:45,12-10-2023 23:00
4976,442,9a278ffaf46bf70581b4d7914236ad05ee20ee98c7c73158bbc60a3b,SP reward for iETH,10 October 2023,38892,10-01-2024 21:45,12-10-2023 23:00
4977,442,e1fe8c18060b61725fc639e6ed11f31323da2cc773f048910a4634da,SP reward for iETH,10 October 2023,103233,10-01-2024 21:45,12-10-2023 23:00
4978,442,d4da2d85527b6622fb0dfae1fda83de879b7cd969bf5ff96e9ba3aa6,SP reward for iETH,10 October 2023,280884,10-01-2024 21:45,12-10-2023 23:00
4979,442,ef375afc54458f274bd07dec902e981a581fb46d4ab6d996e40b5bb0,SP reward for iETH,10 October 2023,110181,10-01-2024 21:45,12-10-2023 23:00
4980,442,aceab5cd6d083ab7388b8487f260c514770460bd9809196d455c7150,SP reward for iETH,10 October 2023,560325,10-01-2024 21:45,12-10-2023 23:00
4981,442,3942f959c4dacb2bb80d5854e6b2a304601ad692ce27a6040806de62,SP reward for iETH,10 October 2023,64829,10-01-2024 21:45,12-10-2023 23:00
4982,442,dbf62020c6e458cd78ab8e4726fbc766b60c9a473918a5afb8784f4f,SP reward for iETH,10 October 2023,15679,10-01-2024 21:45,12-10-2023 23:00
4983,442,a4bb846ef68110900c05f24352c1648db506ec921bf6011e61e01684,SP reward for iETH,10 October 2023,58417,10-01-2024 21:45,12-10-2023 23:00
4984,442,73064ed9d446fe559dea6a5c0484f4c4876d91e1d7442109f6815770,SP reward for iETH,10 October 2023,2,10-01-2024 21:45,12-10-2023 23:00
4985,442,cd193a0e787cfd42924e2432b5d4b74a19c1bdcb210d44faa6ed875b,SP reward for iETH,10 October 2023,41344,10-01-2024 21:45,12-10-2023 23:00
4986,442,75463feb9358b4187d202bc5b8a3d96df6f8c2416495350e8519a3e2,SP reward for iETH,10 October 2023,38605,10-01-2024 21:45,12-10-2023 23:00
4987,442,0cdd12ae3e182cc9ce56f55e17b6ae78cd48110aa592163b39ba5b03,SP reward for iETH,10 October 2023,15997,10-01-2024 21:45,12-10-2023 23:00
4988,442,144a91af110e1f266e04a5fc28a41d897523570b8c8ca12724be3b64,SP reward for iETH,10 October 2023,30902,10-01-2024 21:45,12-10-2023 23:00
4989,442,c90dfeb23d605971a7c59e29113aecd883e6390ae59b21748a3ef672,SP reward for iETH,10 October 2023,28844,10-01-2024 21:45,12-10-2023 23:00
4990,442,2d8e47435b0c86ffc07f8c45272929148631ba923e3e24abd49c7d62,SP reward for iETH,10 October 2023,4491,10-01-2024 21:45,12-10-2023 23:00
4991,442,a3f63e4cbce10a5560a60dc4c7360da433b03e596e9c61f507eec809,SP reward for iETH,10 October 2023,22156,10-01-2024 21:45,12-10-2023 23:00
4992,442,138e6f1324b88fc7e3c520e1ce26fb28d0fd99871c45b0e83c80f900,SP reward for iETH,10 October 2023,76916,10-01-2024 21:45,12-10-2023 23:00
4993,442,11b4ac68cf0d110247dc7d2bc139c92fd7a21af0a798a913e06fecd1,SP reward for iETH,10 October 2023,42805,10-01-2024 21:45,12-10-2023 23:00
4994,442,5f085aae9b0dcd71e73a7a5074d80dc8cd0dacafc1bb98bc6fe46cb9,SP reward for iETH,10 October 2023,409386,10-01-2024 21:45,12-10-2023 23:00
4995,442,026c8ee36589862c813abaf4142583d8631869cc694bfc393ad229ed,SP reward for iETH,10 October 2023,86204,10-01-2024 21:45,12-10-2023 23:00
4996,442,76bd0706659b380bf2acb2259850bdd90488151424877d178eaa4c2d,SP reward for iETH,10 October 2023,21288,10-01-2024 21:45,12-10-2023 23:00
4997,442,9147f0988a1efd942134a43aaab625d1ff84f6be971c676a2d7d907c,SP reward for iETH,10 October 2023,17782,10-01-2024 21:45,12-10-2023 23:00
4998,442,2dd87e3321612d435e9ded9e76469a8d221b8bfce442e92997b74ae9,SP reward for iETH,10 October 2023,309631,10-01-2024 21:45,12-10-2023 23:00
4999,442,b178ffc093995ed4f92326da8cbbae25832bd1c723b4897435ae3ee3,SP reward for iETH,10 October 2023,29314,10-01-2024 21:45,12-10-2023 23:00
5000,442,6c6327cb74b31bca70661b8a54165f95eec53e59c955ce2060e7dcaa,SP reward for iETH,10 October 2023,50763,10-01-2024 21:45,12-10-2023 23:00
5001,442,edb0c1b08e873184c25ab99e045c1331c2a8009d5d6abafef20429d7,SP reward for iETH,10 October 2023,162153,10-01-2024 21:45,12-10-2023 23:00
5002,442,b844eda8d8b99c58609f090d3156ef91488778e92501e1154e797492,SP reward for iETH,10 October 2023,66647,10-01-2024 21:45,12-10-2023 23:00
5003,442,91aa6ddecfac713f774fe7635bc6804e96e008cd220186a1382b7f1f,SP reward for iETH,10 October 2023,26183,10-01-2024 21:45,12-10-2023 23:00
5004,442,c1847df694146357cb67166b11ec706348cb02d268b09c7ca0567a2a,SP reward for iETH,10 October 2023,1,10-01-2024 21:45,12-10-2023 23:00
5005,442,343a6e2b66f769abf99ad58bc6425690fd647ea7221a738a55d94bd6,SP reward for iETH,10 October 2023,15443,10-01-2024 21:45,12-10-2023 23:00
5006,442,bc12846dfe29fb17207d6e11b98fdda7201679227d46d744de5574e8,SP reward for iETH,10 October 2023,37334,10-01-2024 21:45,12-10-2023 23:00
5007,442,2387805ec55905b81396a1744734c4695abaaf620a73e88092018f58,SP reward for iETH,10 October 2023,20872,10-01-2024 21:45,12-10-2023 23:00
5008,442,945cd17ae5a96a439a8191283c8459e67ab18c7e2d93fa1dfce4671c,SP reward for iETH,10 October 2023,66925,10-01-2024 21:45,12-10-2023 23:00
5009,442,50b984ca982d833e08f2bd2124164aef4193d86503cb484ecbeb1abc,SP reward for iETH,10 October 2023,97651,10-01-2024 21:45,12-10-2023 23:00
5010,442,0906bc9e7c5e11ffa7933e391b3eac7386660467616399958c62e606,SP reward for iETH,10 October 2023,2426,10-01-2024 21:45,12-10-2023 23:00
5011,442,bd584b825b8ea2a3c6756ada80f881936d174cd8935edeefbff34723,SP reward for iETH,10 October 2023,3425,10-01-2024 21:45,12-10-2023 23:00
5012,442,e04792fa709f493a554e363756388231edd8716df5998754d114594a,SP reward for iETH,10 October 2023,33237,10-01-2024 21:45,12-10-2023 23:00
5013,442,786de79ca4b4c908980fc370c9089196933c2733c12eb95186b97406,SP reward for iETH,10 October 2023,224921,10-01-2024 21:45,12-10-2023 23:00
5014,442,f08a2242c6a6353ea38c9316dc478cad0d5e53eef6c1833e763eb33d,SP reward for iETH,10 October 2023,1691,10-01-2024 21:45,12-10-2023 23:00
5015,442,332640ca63bf1c45ca8f5beafe24f3e68887f052b3a03914e2efd235,SP reward for iETH,10 October 2023,1644,10-01-2024 21:45,12-10-2023 23:00
5016,442,2d7f83bee28f29bf82eb41de3d59674e71af6a2faf3cce9eb95d6026,SP reward for iETH,10 October 2023,38783,10-01-2024 21:45,12-10-2023 23:00
5017,442,2922bb18ea7225c2905acb96276ea33273c5e07a0860fb276087115f,SP reward for iETH,10 October 2023,33104,10-01-2024 21:45,12-10-2023 23:00
5018,442,0da3cacef17d65df4ab3d98a21d5d8ef52ef3f813b35b46e9ac4e562,SP reward for iETH,10 October 2023,533,10-01-2024 21:45,12-10-2023 23:00
5019,442,08abc365d15eb5a450ff8ed2a6207bfa3cb5a0df4ec1ddd0e6636026,SP reward for iETH,10 October 2023,1,10-01-2024 21:45,12-10-2023 23:00
5020,442,16490539b2a6c749b18c82a41ad485eaa882ee019335452b7a7c27c0,SP reward for iETH,10 October 2023,66196,10-01-2024 21:45,12-10-2023 23:00
5021,442,efdea48b2d455838b64f1bdbf0106eef7cd67041ce4aa429d812183e,SP reward for iETH,10 October 2023,35186,10-01-2024 21:45,12-10-2023 23:00
5022,442,30f730fb260aed1721ae7ec3d6ba003509bc8d125ddbf93ddf51cfac,SP reward for iETH,10 October 2023,536304,10-01-2024 21:45,12-10-2023 23:00
5023,442,8bb9c1842b5df8a44359e65982adb4d2a7d0cb745a2b8488592e3d9f,SP reward for iETH,10 October 2023,12952,10-01-2024 21:45,12-10-2023 23:00
5024,442,dfe5d2289b230fb69bdf502d43ec466d44b6742ea21e967ed674bdc9,SP reward for iETH,10 October 2023,650444,10-01-2024 21:45,12-10-2023 23:00
5025,442,9bf780683ee09b92d00a465c519ef7febf74a26e6ff45fd9af96e496,SP reward for iETH,10 October 2023,126439,10-01-2024 21:45,12-10-2023 23:00
5026,442,514ec5e427280c6bca6a0d79dea12bc793673a7241ba8f6f982a542e,SP reward for iETH,10 October 2023,84509,10-01-2024 21:45,12-10-2023 23:00
5027,442,e6f174b44628064bfdc62cdf2be63c50b2cd68625efe6847f5fdbf83,SP reward for iETH,10 October 2023,126728,10-01-2024 21:45,12-10-2023 23:00
5028,442,8425e1110917c188382ff1e28f3e11c6310ca3c1ee09b4b4bcc41bc1,SP reward for iETH,10 October 2023,18668,10-01-2024 21:45,12-10-2023 23:00
5029,442,7d1641812bc78ee852ab754207dc818d1eaa658986d48e6890f08bb9,SP reward for iETH,10 October 2023,182673,10-01-2024 21:45,12-10-2023 23:00
5030,442,e435792ece3754f9a940629ec319e62c108f06fedc90da30504b776f,SP reward for iETH,10 October 2023,92477,10-01-2024 21:45,12-10-2023 23:00
5031,442,e31737eff954647c3cfb076fc5ec72a889d3d7b27a875fdf2fd1b379,SP reward for iETH,10 October 2023,1,10-01-2024 21:45,12-10-2023 23:00
5032,442,e4833eff5469ddeeaf0fbd065ad976676be56e8cd67c04526d51c495,SP reward for iETH,10 October 2023,99160,10-01-2024 21:45,12-10-2023 23:00
5033,442,778f07f22a2e44147376960b871a2bf9382ec1a50ae2c4b2086a8436,SP reward for iETH,10 October 2023,486085,10-01-2024 21:45,12-10-2023 23:00
5034,442,e4a3572c85228edfa7ee4d015fa55fd6c93d181597f86859aaabca91,SP reward for iETH,10 October 2023,153442,10-01-2024 21:45,12-10-2023 23:00
5035,442,63b3889ebf65aba913b3ca44031d7b2c59b04b0727c3f2e67d52d034,SP reward for iETH,10 October 2023,681,10-01-2024 21:45,12-10-2023 23:00
5036,442,34c3340d91bf6565f8b26b14e5dc37c6f89d62bc748b78de164115da,SP reward for iETH,10 October 2023,10219,10-01-2024 21:45,12-10-2023 23:00
5037,442,895dbda6ce8ae6e05cb8936861ffdc934ef3f8b289ecbaf06f20da59,SP reward for iETH,10 October 2023,188083,10-01-2024 21:45,12-10-2023 23:00
5038,442,e1dabf1e8691c018fda047487415acf4ed06b874cc7e2bb639dd1845,SP reward for iETH,10 October 2023,4677,10-01-2024 21:45,12-10-2023 23:00
5039,442,63d62b85ce675ee25e9e0da4c846d9843afc136a494b52ccdc2e48e2,SP reward for iETH,10 October 2023,47,10-01-2024 21:45,12-10-2023 23:00
5040,442,a6dbba290877e35a99d112108edf8c59364f9d06d0de28484b88d592,SP reward for iETH,10 October 2023,5316,10-01-2024 21:45,12-10-2023 23:00
5041,442,006a690654880fd995ebad7a4e4dd8f215be0784cd96ec4e5ebf1226,SP reward for iETH,10 October 2023,641778,10-01-2024 21:45,12-10-2023 23:00
5042,442,d20a972f5bddebc47975b4d78f5a5ea7113b8311a84623fe58891b45,SP reward for iETH,10 October 2023,26556,10-01-2024 21:45,12-10-2023 23:00
5043,442,3c1e2cfc33728127b806c2679ecccabd2c3602a7fe754228f122f754,SP reward for iETH,10 October 2023,1082009,10-01-2024 21:45,12-10-2023 23:00
5044,442,23d5170dffbfa8d5cf6534cd1c06d52d6d2e8819b7914995fa9a94f4,SP reward for iETH,10 October 2023,13134,10-01-2024 21:45,12-10-2023 23:00
5045,442,5310a7c00c573d9400459ad061211250ce8c164a1b657d952003f32e,SP reward for iETH,10 October 2023,250888,10-01-2024 21:45,12-10-2023 23:00
5046,442,3e2a4fefddafa38436d4c55f1c52cbca11c3c2aef0e94f37ff5be620,SP reward for iETH,10 October 2023,127118,10-01-2024 21:45,12-10-2023 23:00
5047,442,b17a9e6267af6b03c1d5b6ed9d2ffd82052fe72f052d434082cfc7dc,SP reward for iETH,10 October 2023,40053,10-01-2024 21:45,12-10-2023 23:00
5048,442,4dab7e1283403bdbdee27b8d4162fc41974ebae2f54d41bd5a01a045,SP reward for iETH,10 October 2023,12296,10-01-2024 21:45,12-10-2023 23:00
5049,442,cc61886cd84b2810e7509648dbac8024a15547b5253af083842d07d3,SP reward for iETH,10 October 2023,120075,10-01-2024 21:45,12-10-2023 23:00
5050,442,b6cdf3c4560e284a5d05fdc1e919565e5e3b6bd51640855b450ccb41,SP reward for iETH,10 October 2023,3755964,10-01-2024 21:45,12-10-2023 23:00
5051,442,23b41dab65f698716d09448d4c399e10d2f66ba2fb6433671643c280,SP reward for iETH,10 October 2023,146789,10-01-2024 21:45,12-10-2023 23:00
5052,442,42a9b7449b9ba23da79cfc754f2172d52b9a8a550e0e7b6eeda08f77,SP reward for iETH,10 October 2023,129,10-01-2024 21:45,12-10-2023 23:00
5053,442,7088f3152f3ae927521b83c3e469bab8107621572660984ac0a5fd16,SP reward for iETH,10 October 2023,148591,10-01-2024 21:45,12-10-2023 23:00
5054,442,a9928569964125814eb08c5a930fd78bf8199b39812c2a87abe879ab,SP reward for iETH,10 October 2023,55927,10-01-2024 21:45,12-10-2023 23:00
5055,442,f357aeab5d6038af73b7ce783bf505ecb9ff382a18e2b211b18a513a,SP reward for iETH,10 October 2023,3775,10-01-2024 21:45,12-10-2023 23:00
5056,442,374b46ff0fc4f269f31c99a12c82159a58207c3e686c437d57dad408,SP reward for iETH,10 October 2023,630926,10-01-2024 21:45,12-10-2023 23:00
5057,442,d203a585d517315ef60b563878acfd72bd9ba9bd458d8c432ba53f7f,SP reward for iETH,10 October 2023,38114,10-01-2024 21:45,12-10-2023 23:00
5058,442,581aabebb65db4e67ca6a39e7a1770f1e6c03db11aa0e257888f1c15,SP reward for iETH,10 October 2023,708776,10-01-2024 21:45,12-10-2023 23:00
5059,442,cf59324e35572473a1c164ace3b16a04c1893f82aae9557abe429d89,SP reward for iETH,10 October 2023,209342,10-01-2024 21:45,12-10-2023 23:00
5060,442,5dbde133f26c4c4d49266229d6414d8496450a0322832c6e4219cb4b,SP reward for iETH,10 October 2023,67125,10-01-2024 21:45,12-10-2023 23:00
5061,442,d74a6efc13c28b96e80fa23036353ec62897443d0ee58a7cae63cb0b,SP reward for iETH,10 October 2023,105617,10-01-2024 21:45,12-10-2023 23:00
5062,442,53eb9c7601e433f0659a74479e98400d203af061f135354f43e0dad4,SP reward for iETH,10 October 2023,36330,10-01-2024 21:45,12-10-2023 23:00
5063,442,fdcb2ad56f90c49a73ace602f2f459055f75c9b42f6b186731da60e0,SP reward for iETH,10 October 2023,22673,10-01-2024 21:45,12-10-2023 23:00
5064,442,b215ba39568ae7a0d55515f874d117697db493f66f20999e88b36433,SP reward for iETH,10 October 2023,28700,10-01-2024 21:45,12-10-2023 23:00
5065,442,e78c4eb4ec3e852b78f8540a7ff65767451cbf7601c4e6a9c4c97d52,SP reward for iETH,10 October 2023,302671,10-01-2024 21:45,12-10-2023 23:00
5066,442,ea79af332a33e08d0180ace4940a4bba5e9040ea76bf0f8a884279cd,SP reward for iETH,10 October 2023,19607,10-01-2024 21:45,12-10-2023 23:00
5067,442,37659fd936489ba08c0f7122f30d034594d20804392ba14cd2a6d362,SP reward for iETH,10 October 2023,4466,10-01-2024 21:45,12-10-2023 23:00
5068,442,1d873b8c37d35e5e322736d5194df4efbcec93bd3e87090998185a10,SP reward for iETH,10 October 2023,95639,10-01-2024 21:45,12-10-2023 23:00
5069,442,8c738aba609903d995a789c5cde7e59510858da191c3fca173d8ecc8,SP reward for iETH,10 October 2023,20737,10-01-2024 21:45,12-10-2023 23:00
5070,442,6c348312a0608ec6032c6b58e8570d4eb54a6792e95185b661ecd19e,SP reward for iETH,10 October 2023,122677,10-01-2024 21:45,12-10-2023 23:00
5071,442,860fe50b46f99f50253e4c88bf0c80c30c05b2047f3f9925b575092f,SP reward for iETH,10 October 2023,1081341,10-01-2024 21:45,12-10-2023 23:00
5072,442,5704ede877045beaaf499cf2a9a7f73b1aec49880230fdbd61512f0e,SP reward for iETH,10 October 2023,30,10-01-2024 21:45,12-10-2023 23:00
5073,442,3a5c536f4deb9d98ff6e72f3ee92266964b9312d00e6230e33c218b4,SP reward for iETH,10 October 2023,24572,10-01-2024 21:45,12-10-2023 23:00
5074,442,57d6070983700de5c4501c698bc410cca90c4ae813ac758cc239be46,SP reward for iETH,10 October 2023,145831,10-01-2024 21:45,12-10-2023 23:00
5075,442,525701de611d44593620f664b0abc5ec17b8223153ec1e918f560efe,SP reward for iETH,10 October 2023,119642,10-01-2024 21:45,12-10-2023 23:00
5076,442,5c37f6244184589068ccd1481ffbe29b185b7634dcb9e43bd9064c17,SP reward for iETH,10 October 2023,38901,10-01-2024 21:45,12-10-2023 23:00
5077,442,31eec5d71937555a28119e20dadcbe20b67b367b2f31f21957466444,SP reward for iETH,10 October 2023,224867,10-01-2024 21:45,12-10-2023 23:00
5078,442,e6fdaba56d087a16a9d4cd4a298d537bb25843159bbe8c9dfcfa3530,SP reward for iETH,10 October 2023,100604,10-01-2024 21:45,12-10-2023 23:00
5079,442,58c052676fe5b1cd52fda1ba62bbdabef2b3f261258e1fcfaa4df833,SP reward for iETH,10 October 2023,444009,10-01-2024 21:45,12-10-2023 23:00
5080,442,244ef5c19b4209da7df61d1f9a41ca599cf12610aed0f9457dbc7353,SP reward for iETH,10 October 2023,201047,10-01-2024 21:45,12-10-2023 23:00
5081,442,010983eec9ff8e0cdb301b705d958ae67ca9335fc4a19fe8701c7191,SP reward for iETH,10 October 2023,116246,10-01-2024 21:45,12-10-2023 23:00
5082,442,b82989f36f9471ddeb5cb48abfc4b3db92692b938d9adb90b2f52437,SP reward for iETH,10 October 2023,775522,10-01-2024 21:45,12-10-2023 23:00
5083,442,86be47e3f02ade0055290f56554a21cd9f6d9e3f037b34301a28890c,SP reward for iETH,10 October 2023,625499,10-01-2024 21:45,12-10-2023 23:00
5084,442,264b74cef0d10e378ac83a2b2cf399d17b45e2b6b3664b69c8019fcf,SP reward for iETH,10 October 2023,2110757,10-01-2024 21:45,12-10-2023 23:00
5085,442,39b1d4be2a009b5add1835ff88e27d53352d43cba2df661d22c9943f,SP reward for iETH,10 October 2023,164674,10-01-2024 21:45,12-10-2023 23:00
5086,442,fbffa3ca1aa8b1911628181e1757f2976c4981da8ce4a1cd62cde4f0,SP reward for iETH,10 October 2023,81480,10-01-2024 21:45,12-10-2023 23:00
5087,442,bb32c423f9a82af12f10a7ddfbb3e06a6160ad5b75827a14c2975eb5,SP reward for iETH,10 October 2023,137078,10-01-2024 21:45,12-10-2023 23:00
5088,442,092b7b9ae9bfed9f25757ce431f885b079ba820ec102294ec9f18c5b,SP reward for iETH,10 October 2023,63251,10-01-2024 21:45,12-10-2023 23:00
5089,442,6c2c506ec04e624743404ae1688a4fc6f668de7ac6990612e26246d0,SP reward for iETH,10 October 2023,13545,10-01-2024 21:45,12-10-2023 23:00
5090,442,7c287d80b89068e3f0e5ad9cdcfccd67e264e10c7bac1f1c50b4b4ce,SP reward for iETH,10 October 2023,58196,10-01-2024 21:45,12-10-2023 23:00
5091,442,21c654305eb324675f59e619a6c6af7de11871079f4b86280654f096,SP reward for iETH,10 October 2023,15894,10-01-2024 21:45,12-10-2023 23:00
5092,442,31b4236f1e3ca2c5ec1844abf72660d6da46e7573291459ca84984e4,SP reward for iETH,10 October 2023,799871,10-01-2024 21:45,12-10-2023 23:00
5093,442,632a6535602ee5ead53e56f5fbf567840543bd145e9a3769479898d5,SP reward for iETH,10 October 2023,204188,10-01-2024 21:45,12-10-2023 23:00
5094,442,264b3be253f8b7ded1b7c01a483256379777df963ce59e49167e95d4,SP reward for iETH,10 October 2023,141086,10-01-2024 21:45,12-10-2023 23:00
5095,442,0b9406a4cc6048882b8fd51266f4be903cdb725e354949f8f4b8729b,SP reward for iETH,10 October 2023,148644,10-01-2024 21:45,12-10-2023 23:00
5096,442,6a22c66b1ac47584e99999b61de170878547bb5a6b87946a6f1e018e,SP reward for iETH,10 October 2023,71295,10-01-2024 21:45,12-10-2023 23:00
5097,442,a65059f2283e5ff29d0c818cba02d9f700fc7c3e891c324bdfd5d1ca,SP reward for iETH,10 October 2023,94891,10-01-2024 21:45,12-10-2023 23:00
5098,442,e367111803d9720ed53b7127da78ed0a9317a8b7188c71fa947fb5cb,SP reward for iETH,10 October 2023,28101,10-01-2024 21:45,12-10-2023 23:00
5099,442,927fc7c9604b1b86803b1e6c79b229cbba70ff722d91214cfc33d8f4,SP reward for iETH,10 October 2023,260350,10-01-2024 21:45,12-10-2023 23:00
5100,442,9c8cc3ac2810e440ae1d0d41c4d7cbf79b860b5f315f8d4ed8350d81,SP reward for iETH,10 October 2023,201576,10-01-2024 21:45,12-10-2023 23:00
5101,442,ebcc3b31dea33abd57fc84f6d81697adf063aa7a6114e07f76ea4594,SP reward for iETH,10 October 2023,49226,10-01-2024 21:45,12-10-2023 23:00
5102,442,1c348c0ee2a2c36691e877a0058da0def13243399ab568db8db5825c,SP reward for iETH,10 October 2023,30928,10-01-2024 21:45,12-10-2023 23:00
5103,442,85dccd823a8eda33c9f680bb5dd7c09479fae10c95732a968f39ddad,SP reward for iETH,10 October 2023,236594,10-01-2024 21:45,12-10-2023 23:00
5104,442,c1cd747fe18cf8260a8115694c82c458f6facfafd5a382447a2a3e03,SP reward for iETH,10 October 2023,78189,10-01-2024 21:45,12-10-2023 23:00
5105,442,659c684b55fbaeac93ace9f4568e4815d01e094b823be7a04d3552f5,SP reward for iETH,10 October 2023,376593,10-01-2024 21:45,12-10-2023 23:00
5106,442,5549e47cc751bd3ea39c302038ed15de03593797992f85d62ec3588b,SP reward for iETH,10 October 2023,3161,10-01-2024 21:45,12-10-2023 23:00
5107,442,eb4632e83ff3219e6198dfda1fda37ffe0006dc4673dca0adebed6f0,SP reward for iETH,10 October 2023,26496,10-01-2024 21:45,12-10-2023 23:00
5108,442,742e13aeb9130597e75cb1e4201368884b223a027760b1614ddcd514,SP reward for iETH,10 October 2023,28737,10-01-2024 21:45,12-10-2023 23:00
5109,442,69db3ddacd4bd728026a19f9e8be6d41771d6cfb8cc1706798b3ad1b,SP reward for iETH,10 October 2023,62596,10-01-2024 21:45,12-10-2023 23:00
5110,442,ff7146ab3d288749871f4cf95b6d586203facd0bbf2cedebd34470e3,SP reward for iETH,10 October 2023,455359,10-01-2024 21:45,12-10-2023 23:00
5111,442,f09508247e043a250758c76b5ccb0e00df48f5caa7d61518dcb96707,SP reward for iETH,10 October 2023,49309,10-01-2024 21:45,12-10-2023 23:00
5112,442,dbf5237efea8d4014dd9dd124d0c1f8798e92e1e2016cf670eaf1424,SP reward for iETH,10 October 2023,46290,10-01-2024 21:45,12-10-2023 23:00
5113,442,bf80faca49b6c4b820d11fd8028343afde02b4e9cfeded543c4650b9,SP reward for iETH,10 October 2023,24566,10-01-2024 21:45,12-10-2023 23:00
5114,442,57e353299dc689c7b021c9252c7d0650f362b3877a2e659340efc70a,SP reward for iETH,10 October 2023,62965,10-01-2024 21:45,12-10-2023 23:00
5115,442,83ab60a79224a24403fce6b98eda271efbf2a363d5a1475a4ede6307,SP reward for iETH,10 October 2023,55909,10-01-2024 21:45,12-10-2023 23:00
5116,442,ba9cdccfb43c0bb8236d5819a7086f1093d0c0a4d6b631ea5eed67bc,SP reward for iETH,10 October 2023,2064710,10-01-2024 21:45,12-10-2023 23:00
5117,442,dddc26bc5c16b1fdccc13e72abfc5bbab373d7ceb98132fe51b39e33,SP reward for iETH,10 October 2023,757387,10-01-2024 21:45,12-10-2023 23:00
5118,442,add22687547b52ee682e6d576776af097ef9374ecce09681b9b43715,SP reward for iETH,10 October 2023,183438,10-01-2024 21:45,12-10-2023 23:00
5119,442,e9b900a8a8988098763b2e5d3a9cd9bac932d2958a6c3b811b79e175,SP reward for iETH,10 October 2023,146351,10-01-2024 21:45,12-10-2023 23:00
5120,442,257054d58a607073e56032f3af44c34c4da9c3c80ffcb6155bc26122,SP reward for iETH,10 October 2023,248628,10-01-2024 21:45,12-10-2023 23:00
5121,442,c432ddfda57b0a0a80baf5c74d4950c6a6a42c9e690b10d3632ac164,SP reward for iETH,10 October 2023,145103,10-01-2024 21:45,12-10-2023 23:00
5122,442,6f47cbf71699a17dff2d3039f2dd0eb49adccb6b7ea8c245d9fb8952,SP reward for iETH,10 October 2023,431057,10-01-2024 21:45,12-10-2023 23:00
5123,442,ee0d3f0402347e81228151903cf5249eb6303bf0e78b4f488263db90,SP reward for iETH,10 October 2023,905755,10-01-2024 21:45,12-10-2023 23:00
5124,442,b2d0834973ca3f26aee1f012c1b4f03cc0dcd96a5e299c62beb86237,SP reward for iETH,10 October 2023,467,10-01-2024 21:45,12-10-2023 23:00
5125,442,ecf6df3e564fb3214117ff1ba3fb4532e6d1f2fb80c0015027b291b8,SP reward for iETH,10 October 2023,103703,10-01-2024 21:45,12-10-2023 23:00
5126,442,7c5378fa54feb8a83d9a2a241503e07eee3876d90931e1953788c3e4,SP reward for iETH,10 October 2023,660919,10-01-2024 21:45,12-10-2023 23:00
5127,442,ecf1cb14a49abe481c4930be126426df3a7468257a129575cd49b41b,SP reward for iETH,10 October 2023,966562,10-01-2024 21:45,12-10-2023 23:00
5128,442,338f6ad73e0886541751486f71ceb084279c1ef0babe1ca9a2d58687,SP reward for iETH,10 October 2023,229227,10-01-2024 21:45,12-10-2023 23:00
5129,442,1ff8ec747a4655f4f3abfe66233fb0343954025143e9134ca779640d,SP reward for iETH,10 October 2023,12280805,10-01-2024 21:45,12-10-2023 23:00
5130,442,0e37ff2bfb32da6cd23995d8683ba2c62b0752390ea6795fae443de3,SP reward for iETH,10 October 2023,469976,10-01-2024 21:45,12-10-2023 23:00
5131,442,5c9d73b5373d44bae79f327e1f81752bf8444bf4c6b0be27f179d2e2,SP reward for iETH,10 October 2023,450976,10-01-2024 21:45,12-10-2023 23:00
5132,442,28bbd819d100bce6cdedd2005ca0a9d23409b52d2b6b2b3699054c90,SP reward for iETH,10 October 2023,2621172,10-01-2024 21:45,12-10-2023 23:00
5133,442,37d0d7bacd94e0c31b8a3a88a5b9e075dc47a7c11720e9806eed4ecc,SP reward for iETH,10 October 2023,1528692,10-01-2024 21:45,12-10-2023 23:00
5134,442,5a3d4f39ee17e2b67b6dd93ba71379a098b16f5f1839a069ce9533f4,SP reward for iETH,10 October 2023,64906,10-01-2024 21:45,12-10-2023 23:00
5135,442,ee8e915802b5f642b6f4d4d30ce94976a6efc51f145c980d9d376034,SP reward for iETH,10 October 2023,20117,10-01-2024 21:45,12-10-2023 23:00
5136,442,a6275c87fe29638ec63e529f7ccbc3f29b77d181cee3bb24945a9fe0,SP reward for iETH,10 October 2023,66037,10-01-2024 21:45,12-10-2023 23:00
5137,442,b10c7dd14700813748087d6fbfd03a8c3b83f6cb191743f5e35f7d84,SP reward for iETH,10 October 2023,942619,10-01-2024 21:45,12-10-2023 23:00
5138,442,c835248f41cb65303bec60d767f0299ea458a19c8c04beb125513487,SP reward for iETH,10 October 2023,325654,10-01-2024 21:45,12-10-2023 23:00
5139,442,eca93e97120204b13cf0fa6a0f87e37c39503bfaa2872a01944f02b8,SP reward for iETH,10 October 2023,95493,10-01-2024 21:45,12-10-2023 23:00
5140,442,80b0277609005bb84688ef825eab5e624478c3737efddc04d222c278,SP reward for iETH,10 October 2023,211483,10-01-2024 21:45,12-10-2023 23:00
5141,442,17847aaa1e8f5041d5591347a6337e9992eb0f565f725cf43191558a,SP reward for iETH,10 October 2023,2031437,10-01-2024 21:45,12-10-2023 23:00
5142,442,eec262031b5b78bd61e1f5aaeb37110ab6599407ab82682ad1798d21,SP reward for iETH,10 October 2023,141651,10-01-2024 21:45,12-10-2023 23:00
5143,442,d293f90ea2fd8c346edc313e42d1d8e3e739282dca078926377f6e1d,SP reward for iETH,10 October 2023,87007,10-01-2024 21:45,12-10-2023 23:00
5144,442,09575db3a66d29e820a464f9a5784aa42e3efd96396413c15d5a1160,SP reward for iETH,10 October 2023,43366,10-01-2024 21:45,12-10-2023 23:00
5145,442,8ede185c7701ad49c0e4a8e8551d273ff717922d2487f54fac34fa6d,SP reward for iETH,10 October 2023,232347,10-01-2024 21:45,12-10-2023 23:00
5146,442,b1896ed05f89dc37f90008cbdd3d7aae51e2304a8bb9fa170803290a,SP reward for iETH,10 October 2023,3042863,10-01-2024 21:45,12-10-2023 23:00
5147,442,623f00f49ed872b8fde76a4d5520f4ff63e50dec00b938701fe2aedd,SP reward for iETH,10 October 2023,46817,10-01-2024 21:45,12-10-2023 23:00
5148,442,4d8a42fbaca129837c77497e86ce3b3eef159f90e4f3f12030e9332f,SP reward for iETH,10 October 2023,103834,10-01-2024 21:45,12-10-2023 23:00
5149,442,5cbf5f0ea9260bb305078b3bbfdca41a598d232d74c9a30db243ab67,SP reward for iETH,10 October 2023,741878,10-01-2024 21:45,12-10-2023 23:00
5150,442,f791a456607c1532c6f056c09bcbdac59fa54e26c62f1304f288c948,SP reward for iETH,10 October 2023,431904,10-01-2024 21:45,12-10-2023 23:00
5151,442,53f44f9ec55dbd78c92531c00f666fb9ebae3415bb2d2f064516a1c2,SP reward for iETH,10 October 2023,12085,10-01-2024 21:45,12-10-2023 23:00
5152,442,862f5ad26068a3da287a54bc2fab1c19a99a48c81939d34870be1b85,SP reward for iETH,10 October 2023,51183,10-01-2024 21:45,12-10-2023 23:00
5153,442,cf160c79e4395e9b17de9ff8fa6d78e9ade6fee1e7080e0c00152e3e,SP reward for iETH,10 October 2023,78729,10-01-2024 21:45,12-10-2023 23:00
5154,442,fc2570c6c03402569141305d77268cb1d15304441a142d76a4ac2814,SP reward for iETH,10 October 2023,162693,10-01-2024 21:45,12-10-2023 23:00
5155,442,17e6192c507aa42939888c9354ab8ad76b387cdd923668c0999a198b,SP reward for iETH,10 October 2023,4594,10-01-2024 21:45,12-10-2023 23:00
5156,442,026a986627de817bcb642714112306ad7b7fec5c593af507676d3835,SP reward for iETH,10 October 2023,5878,10-01-2024 21:45,12-10-2023 23:00
5157,442,fd12aeae1a8e6873b5c4a638cb4d848792b9f401520d27ecd3c3a4b0,SP reward for iETH,10 October 2023,41079,10-01-2024 21:45,12-10-2023 23:00
5158,442,e8efeaa8e932f8ad63d3ec8f75f68926e93f66ffc1fc602e3b28bfa4,SP reward for iETH,10 October 2023,3662165,10-01-2024 21:45,12-10-2023 23:00
5159,442,f7315c71937b8ee2b38ba0cabbb3d24b34186c415cb1a75e1f383666,SP reward for iETH,10 October 2023,46258,10-01-2024 21:45,12-10-2023 23:00
5160,442,8fd1c10f23d010cb70527dfa179041722d39ecbb73a759bc2b88639c,SP reward for iETH,10 October 2023,224940,10-01-2024 21:45,12-10-2023 23:00
5161,442,31735ce88157a4b959f5e404f69aa0a7ff6b9bd0cc3f28d39943e3d7,SP reward for iETH,10 October 2023,103122,10-01-2024 21:45,12-10-2023 23:00
5162,442,d7346fcd395de69e62f4a2bafbc32af393ceecb3287b0ff4442ff36e,SP reward for iETH,10 October 2023,392177,10-01-2024 21:45,12-10-2023 23:00
5163,442,c464a820786db2b4f6292f2d7d300f6e4c5a27921ad23b4d5a9fea1d,SP reward for iETH,10 October 2023,288023,10-01-2024 21:45,12-10-2023 23:00
5164,442,9ea99f6560c2e636e90f5e02b7d73b4ad950dde2177c8e80fd2dafb0,SP reward for iETH,10 October 2023,82656,10-01-2024 21:45,12-10-2023 23:00
5165,442,a3ad69669ecee78b25f6b796d095ca691912481c72cc3ff42ee41ed1,SP reward for iETH,10 October 2023,58353,10-01-2024 21:45,12-10-2023 23:00
5166,442,d0ae4c6f8a0fcdc9cb13e25df039545245b8950ba8820a0adc772a14,SP reward for iETH,10 October 2023,806333,10-01-2024 21:45,12-10-2023 23:00
5167,442,55cf69df3e09e88978a5396efa57fb076d25f9089229a52baac18e5d,SP reward for iETH,10 October 2023,50861,10-01-2024 21:45,12-10-2023 23:00
5168,442,772e948ec345913bb1f86e295f4ff0d3b1f70e1b4ebca5831c6532a9,SP reward for iETH,10 October 2023,13851,10-01-2024 21:45,12-10-2023 23:00
5169,442,775ef1ace4264239a1f7713dfcf2509b35664a69ff58631d9ca7b43d,SP reward for iETH,10 October 2023,122224,10-01-2024 21:45,12-10-2023 23:00
5170,442,437ab86f735097bbe07e92f1ae1b125249806ad8649e3a011db36a2d,SP reward for iETH,10 October 2023,33804,10-01-2024 21:45,12-10-2023 23:00
5171,442,4effa125f9fc4cf7456e397b1a9ac44add9301b8d959e488a8fa1e86,SP reward for iETH,10 October 2023,24997,10-01-2024 21:45,12-10-2023 23:00
5172,442,f04e3a2f427f303624958a861d18f657e307e65da73922e8d823d573,SP reward for iETH,10 October 2023,133879,10-01-2024 21:45,12-10-2023 23:00
5173,442,c51068d78a400985cd0b359e59d17ad32344e3c82dbb911033e92cdf,SP reward for iETH,10 October 2023,2234726,10-01-2024 21:45,12-10-2023 23:00
5174,442,2dbce9a05ff3ecdedbaf202ea14e89a4396560be74f4f5748aa289f6,SP reward for iETH,10 October 2023,2140984,10-01-2024 21:45,12-10-2023 23:00
5175,442,b7ecb676a1826b060ca7fe03135cbb0caf03c02bbb36f2ee9392f822,SP reward for iETH,10 October 2023,1639311,10-01-2024 21:45,12-10-2023 23:00
5176,442,ec39d10b072cdc5297cdf1683465556b81d641cdd07fad63ae4fcdd0,SP reward for iETH,10 October 2023,106021,10-01-2024 21:45,12-10-2023 23:00
5177,442,9e56b28c6ebeb632b7144c800618f085d67742c165f03ed5626a56a4,SP reward for iETH,10 October 2023,7636118,10-01-2024 21:45,12-10-2023 23:00
5178,442,ad4777b70337d0ced4b52aaa6bacb63de8b472344b8f00f330bd09a1,SP reward for iETH,10 October 2023,45894,10-01-2024 21:45,12-10-2023 23:00
5179,442,6f55a9d74db68134d952107df81bfffdec92fed808885f29e3ab39b1,SP reward for iETH,10 October 2023,27603,10-01-2024 21:45,12-10-2023 23:00
5180,442,9e888b8b96c8adc83588187764673c7e357b0c3b404072c997389f74,SP reward for iETH,10 October 2023,68632,10-01-2024 21:45,12-10-2023 23:00
5181,442,ace43bacbaaf8c652192a6b790f353ca7553a105d99419638d1544fa,SP reward for iETH,10 October 2023,108796,10-01-2024 21:45,12-10-2023 23:00
5182,442,08918c42b18ddf44a0916525988f5b94ee9520a3010ece764b39399b,SP reward for iETH,10 October 2023,844876,10-01-2024 21:45,12-10-2023 23:00
5183,442,f6d8c4c39a8c57fbdaabfd6243784c0d6cb36c8b3fc41d01387c5432,SP reward for iETH,10 October 2023,876713,10-01-2024 21:45,12-10-2023 23:00
5184,442,c2caa3f52fdfe4424d8aab68f691aa1617988acdb86a37b2850795ac,SP reward for iETH,10 October 2023,253113,10-01-2024 21:45,12-10-2023 23:00
5185,442,064bdec62473f25d5eb0cb4e051a3bfb6fd889f02e86c496539846b0,SP reward for iETH,10 October 2023,107206,10-01-2024 21:45,12-10-2023 23:00
5186,442,794343926a43d13d72892383b093678fa0602c5ad6338620eb7c302c,SP reward for iETH,10 October 2023,23609,10-01-2024 21:45,12-10-2023 23:00
5187,442,cb2b4570726c6675a37c6a6a64b482eb461e2b5b1a75359d4ae3a8d1,SP reward for iETH,10 October 2023,8479,10-01-2024 21:45,12-10-2023 23:00
5188,442,9b314b76487603dec62a43cfeea584dae73cd42e7f83871495974fdb,SP reward for iETH,10 October 2023,247496,10-01-2024 21:45,12-10-2023 23:00
5189,442,92fd4c1482e065ef6db70c0b78d37262354356a3d67d81aac22ebee3,SP reward for iETH,10 October 2023,5386621,10-01-2024 21:45,12-10-2023 23:00
5190,442,9e62f5685e9d1397fa74526b92e01ec062c6f07a6d2b95500728a976,SP reward for iETH,10 October 2023,5577358,10-01-2024 21:45,12-10-2023 23:00
5191,442,c762b49fcc98442f1dc5e71e6de2635f02c7b22275a7d112abe90dbc,SP reward for iETH,10 October 2023,711931,10-01-2024 21:45,12-10-2023 23:00
5192,442,71c5e6f8e60dcd93e1107a2b11e92628db4daaef1f5705680c4f958d,SP reward for iETH,10 October 2023,444437,10-01-2024 21:45,12-10-2023 23:00
5193,442,78cd8a0a3b2bd1b5d1a85f348849349a8d180b3bc180c9f5ea34c726,SP reward for iETH,10 October 2023,2235466,10-01-2024 21:45,12-10-2023 23:00
5194,442,0d54066357cf1b893f76d88adc3586fc28aa526ab3ac30db74147a50,SP reward for iETH,10 October 2023,162632,10-01-2024 21:45,12-10-2023 23:00
5195,442,ceabd75a3b23cc400a3f7f13e9d00f168902b95910ebc86298a774b6,SP reward for iETH,10 October 2023,5021295,10-01-2024 21:45,12-10-2023 23:00
5196,442,878c6006173f9d113f53ba6169317039743808f62e25f539418ba4af,SP reward for iETH,10 October 2023,2816663,10-01-2024 21:45,12-10-2023 23:00
5197,442,5ba4f7eb27d46622d4728a365e4e78b349d96c40cb8e6b17b32814ad,SP reward for iETH,10 October 2023,26629,10-01-2024 21:45,12-10-2023 23:00
5198,442,3350a1cb0110a5855f289a0738fdbe0c00c07cf748fd5f5cdf1aa63b,SP reward for iETH,10 October 2023,302021,10-01-2024 21:45,12-10-2023 23:00
5199,442,12c646d4c6d7a35c14788d15f0f6142f6148975d8932592fbd625f67,SP reward for iETH,10 October 2023,24757887,10-01-2024 21:45,12-10-2023 23:00
5200,442,a2b3fc71aa466e489bef35c30ca8b4a9388f701ab0cd73c9c81a5409,SP reward for iETH,10 October 2023,74330,10-01-2024 21:45,12-10-2023 23:00
5201,442,d054a3e88aa7d909469f67c6bbaeab11aa87316f08c1eed2b6c2aed3,SP reward for iETH,10 October 2023,233046,10-01-2024 21:45,12-10-2023 23:00
5202,442,50c932f2307b366df7e0d4c2a462a0cced8ff0bfb46c565d79b69858,SP reward for iETH,10 October 2023,500712,10-01-2024 21:45,12-10-2023 23:00
5203,442,a7f36591a463373640ffdb7ecb6222b65e7a6f28944e6d30b5764499,SP reward for iETH,10 October 2023,317899,10-01-2024 21:45,12-10-2023 23:00
5204,442,bf97ad99b5269c15e3726290f95f0fc0ec8dbada31183778548d9da0,SP reward for iETH,10 October 2023,18331218,10-01-2024 21:45,12-10-2023 23:00
5205,442,00023775abacb7c31af161e5d0faebd84067299748396171df0a4143,SP reward for iETH,10 October 2023,349386,10-01-2024 21:45,12-10-2023 23:00
5206,442,c6aef9c4dd86f4d87ee64da60a47365ddefcce6afe4f81ab201dcd59,SP reward for iETH,10 October 2023,57249,10-01-2024 21:45,12-10-2023 23:00
5207,442,134772ad86746619dd39c1bcfd82c5cbec2872f3fbbae1c289e2c7c4,SP reward for iETH,10 October 2023,436,10-01-2024 21:45,12-10-2023 23:00
5208,442,1227be2193b0f03f9ced11395f01fec9baab09491e545787377e5787,SP reward for iETH,10 October 2023,643971,10-01-2024 21:45,12-10-2023 23:00
5209,442,2e5a4c00de5e5ae25ec3d16e50b1da6b651d07ba33d3af5358becf71,SP reward for iETH,10 October 2023,149215,10-01-2024 21:45,12-10-2023 23:00
5210,442,6dfa5c283d15c82b85b918c5480a6abf540d11f8ba50bdd65af11b86,SP reward for iETH,10 October 2023,28700,10-01-2024 21:45,12-10-2023 23:00
5211,442,f1d39751c36b29e842f06a1166cf58e421047fe58c7d91c93e456e53,SP reward for iETH,10 October 2023,139139,10-01-2024 21:45,12-10-2023 23:00
5212,442,6584bcf113af500d0a3da31cf71613891b5ec591bf920e03518cd20a,SP reward for iETH,10 October 2023,726843,10-01-2024 21:45,12-10-2023 23:00
5213,442,a1c6c16a77941b70641de99c94eb9c167da9da22267a137f2adef062,SP reward for iETH,10 October 2023,5924393,10-01-2024 21:45,12-10-2023 23:00
5214,442,a74340a486e8463d7574049adacae6920b126c6776c41ff1fb0ed2ce,SP reward for iETH,10 October 2023,29222,10-01-2024 21:45,12-10-2023 23:00
5215,442,a55a7da0a1aa1b661de849ac383a2be9c3eded37d04cbe728403f2d4,SP reward for iETH,10 October 2023,652683,10-01-2024 21:45,12-10-2023 23:00
5216,442,eb1b8ad62c7f3ea5e90a78719edc152e38ce63b8e928e1902f7d1468,SP reward for iETH,10 October 2023,2891313,10-01-2024 21:45,12-10-2023 23:00
5217,442,037e28af67f2f46508f4f97a151f1b693cfd758194d7f9c9e07794f7,SP reward for iETH,10 October 2023,488496,10-01-2024 21:45,12-10-2023 23:00
5218,442,5cdd7f4959486306226ebcf1e43d45d7bfe2c4acd7ebafaf2c647248,SP reward for iETH,10 October 2023,979047,10-01-2024 21:45,12-10-2023 23:00
5219,442,161478c8f8376606bcc5ae29a3d3c4efe4a06ae5009285f447daa51f,SP reward for iETH,10 October 2023,382760,10-01-2024 21:45,12-10-2023 23:00
5220,442,a4ae6b7d6fde02966811a441c04d72af1ad8a1bafd8684192c5c99f7,SP reward for iETH,10 October 2023,17404,10-01-2024 21:45,12-10-2023 23:00
5221,442,0b6d4094acb71999783c5f632377b48f9df9fc9e2d90e0fda2fdbdec,SP reward for iETH,10 October 2023,875981,10-01-2024 21:45,12-10-2023 23:00
5222,442,9442130f8971114afb57ca22fc0c8bbf9cdd009faba8c714a571d88a,SP reward for iETH,10 October 2023,56233,10-01-2024 21:45,12-10-2023 23:00
5223,442,e8aa119715131d1dc98e1703729210cc98b1883773fefc5177cbfdb9,SP reward for iETH,10 October 2023,201975,10-01-2024 21:45,12-10-2023 23:00
5224,442,6077abce350b8d0846071ae22ba796d4996a063e4980982a12b7d513,SP reward for iETH,10 October 2023,28025,10-01-2024 21:45,12-10-2023 23:00
5225,442,01cefc4ac7b65ac3fddbaedc169b071ab04fcf6f5ab009ff125768c4,SP reward for iETH,10 October 2023,421241,10-01-2024 21:45,12-10-2023 23:00
5226,442,a6ba497ed8d5a03dc779c890dc17d9c5f688a9c8c197597290bb4e14,SP reward for iETH,10 October 2023,221038,10-01-2024 21:45,12-10-2023 23:00
5227,442,d3343c6168437902b403e99ae1f62fade8dc0a729f01ff42ac4abbd6,SP reward for iETH,10 October 2023,584281,10-01-2024 21:45,12-10-2023 23:00
5228,442,5015aba4d3c982a18669bf8a76082f6563b3bb7872f876d3e910644d,SP reward for iETH,10 October 2023,6780170,10-01-2024 21:45,12-10-2023 23:00
5229,442,95fa00657c1613aa2f6a3ff39b636d93ae3106ec72498d3e39b0fa8e,SP reward for iETH,10 October 2023,470437,10-01-2024 21:45,12-10-2023 23:00
5230,442,9e50685ab277c256faccb96797ca4a94bdff89291b969ed2371c5abb,SP reward for iETH,10 October 2023,1033,10-01-2024 21:45,12-10-2023 23:00
5231,442,759b2ad795fb741546cb47086bf90dcbfc4e8144e62a824c815c1ffb,SP reward for iETH,10 October 2023,1517540,10-01-2024 21:45,12-10-2023 23:00
5232,442,ea374c2d569d63853df7d92c816502210495360908aa4df12568e567,SP reward for iETH,10 October 2023,171192,10-01-2024 21:45,12-10-2023 23:00
5233,442,5c704662b0f709ad9ff512bbe5ea1f24f1a1ac2a73053e12c55a50c5,SP reward for iETH,10 October 2023,244585,10-01-2024 21:45,12-10-2023 23:00
5234,442,e05979c7922a556392d6db0c2749d7fcd34934e8daf0dfdeed3070a9,SP reward for iETH,10 October 2023,111017,10-01-2024 21:45,12-10-2023 23:00
5235,442,9320b2e201b2f4141b4ea6e17e410f4696c911f77149408d632ebb8e,SP reward for iETH,10 October 2023,4455512,10-01-2024 21:45,12-10-2023 23:00
5236,442,15ac7ca1b38f99e5e84ca3f3588a779e690a8d586eec079a8dcc6e8c,SP reward for iETH,10 October 2023,1392145,10-01-2024 21:45,12-10-2023 23:00
5237,442,5f431f57ad76f9c3feaf03809fb3ba95da61f53fda601021a73f8040,SP reward for iETH,10 October 2023,2999719,10-01-2024 21:45,12-10-2023 23:00
5238,442,9a9f9ad845523a55422b5720db7abbdf827733b0945a3aafbd5e33f9,SP reward for iETH,10 October 2023,125965,10-01-2024 21:45,12-10-2023 23:00
5239,442,019f3d35ef1c1067784c46f9b165150919cdefda177dd301af373051,SP reward for iETH,10 October 2023,43661,10-01-2024 21:45,12-10-2023 23:00
5240,442,d94f9bc0ffe11ad1005b22a6e5c2b471b29c53510aa81514fc24d95a,SP reward for iETH,10 October 2023,38989,10-01-2024 21:45,12-10-2023 23:00
5241,442,8cfb3488bf7db4a3b403363dedd790347ff45543a63a7ecdf5ba44f5,SP reward for iETH,10 October 2023,1251213,10-01-2024 21:45,12-10-2023 23:00
5242,442,9c2b04c3d361d4d72878e7c0c067ce6cdf9f29561bfab5c59728c4e2,SP reward for iETH,10 October 2023,79630,10-01-2024 21:45,12-10-2023 23:00
5243,442,508757f097d3f23cb9e51cc9d35a550b2f2f9bedea6326229950647f,SP reward for iETH,10 October 2023,8579,10-01-2024 21:45,12-10-2023 23:00
5244,442,8da4658888007dc5604d42ff781ff425ae51926af8c15244df8a3052,SP reward for iETH,10 October 2023,1829627,10-01-2024 21:45,12-10-2023 23:00
5245,442,af7ea0c07f8c05d8c8e27b25a70ae93cff2159b4224f0f032e366d3a,SP reward for iETH,10 October 2023,639553,10-01-2024 21:45,12-10-2023 23:00
5246,442,b0f6f6c285e1711e5cc0b237539ebd40eed3ef96be5b78aac6c389ce,SP reward for iETH,10 October 2023,569411,10-01-2024 21:45,12-10-2023 23:00
5247,442,9057a63eaa2afa9e1f67bdb5d29fd62c59c91d0c79a30e225f079aca,SP reward for iETH,10 October 2023,875673,10-01-2024 21:45,12-10-2023 23:00
5248,442,97bf01e140f1cd68d8f3e3fa882f1f10784d33847cbdd3562934fca0,SP reward for iETH,10 October 2023,1938726,10-01-2024 21:45,12-10-2023 23:00
5249,442,bf909d05ff1a6d1c02af70932384a6e3d457d460b2fb54c93aa2e021,SP reward for iETH,10 October 2023,177882,10-01-2024 21:45,12-10-2023 23:00
5250,442,5b06d393e8dfcfc2b19ca8ecc91c242dd437ed72d917391264183f36,SP reward for iETH,10 October 2023,222079,10-01-2024 21:45,12-10-2023 23:00
5251,442,cbf2fe83219efa63b2e1d6c43e53fefa9280e4e862b5cc88d5bdaf7d,SP reward for iETH,10 October 2023,130318,10-01-2024 21:45,12-10-2023 23:00
5252,442,2772388f1b0f2a02ac50c87a58f500ebda9b80a4fe8faa0237326e74,SP reward for iETH,10 October 2023,12858832,10-01-2024 21:45,12-10-2023 23:00
5253,442,a7793000be35ab0dd64570208d714684e292588d3067948d9cab4b62,SP reward for iETH,10 October 2023,1961530,10-01-2024 21:45,12-10-2023 23:00
5254,442,56a31a31d994dd695445965d7862c2025320c4d7a0202bb6e977e74b,SP reward for iETH,10 October 2023,844294,10-01-2024 21:45,12-10-2023 23:00
5255,442,cb07fef02adf81a4bb0ee3ec992f392a4ecd92774619a97be8f086b9,SP reward for iETH,10 October 2023,2147597,10-01-2024 21:45,12-10-2023 23:00
5256,442,8732d6ae48c07b2694e9918fcdfff84e0995b165d4615c32fc76a978,SP reward for iETH,10 October 2023,997670,10-01-2024 21:45,12-10-2023 23:00
5257,442,34b9eb31c69076b836788f32cc4f00a21725cbccace3077105c00801,SP reward for iETH,10 October 2023,84861,10-01-2024 21:45,12-10-2023 23:00
5258,442,8105d0f33d443db33095e1de7e3c084af5cefb8675af79f718bd3e36,SP reward for iETH,10 October 2023,99522,10-01-2024 21:45,12-10-2023 23:00
5259,442,569124adbb5d1457305f93056568f6e6744675288b6ede04630140e4,SP reward for iETH,10 October 2023,1007414,10-01-2024 21:45,12-10-2023 23:00
5260,442,c3945d89b9f99ee385a09971bc4d7bdeedf5e6f809f8f72816ddd692,SP reward for iETH,10 October 2023,198747,10-01-2024 21:45,12-10-2023 23:00
5261,442,5c388590260c27a11e1ee1c0e753ce29e204c58432e25fa2d66bb33a,SP reward for iETH,10 October 2023,226468,10-01-2024 21:45,12-10-2023 23:00
5262,442,f29f47b1b0418459d3089b645f7822ffde188e85a102de177d76cd77,SP reward for iETH,10 October 2023,87652,10-01-2024 21:45,12-10-2023 23:00
5263,442,284839fc9946e6331dada95c3f7c14e995b738b0e580d8079c50bac1,SP reward for iETH,10 October 2023,7131,10-01-2024 21:45,12-10-2023 23:00
5264,442,37dce7298152979f0d0ff71fb2d0c759b298ac6fa7bc56b928ffc1bc,SP reward for iETH,10 October 2023,54755616,10-01-2024 21:45,12-10-2023 23:00
5265,442,42c58ba9df280c4ae00cfa9fc794f2f00e7658f9f6d69abe0e8afe82,SP reward for iETH,10 October 2023,447959,10-01-2024 21:45,12-10-2023 23:00
5266,442,914956f9a626440cebae913d11e64945359d03d5066c30ddbf4e1408,SP reward for iETH,10 October 2023,493742,10-01-2024 21:45,12-10-2023 23:00
5267,442,2ea8cfe869a9f7f29b36dae2a1fcf19b9e4b47293961ec78dc5ebccf,SP reward for iETH,10 October 2023,1084530,10-01-2024 21:45,12-10-2023 23:00
5268,442,568b65fadfb32178198768d1bff91956f5dba957701ce300719237b4,SP reward for iETH,10 October 2023,711854,10-01-2024 21:45,12-10-2023 23:00
5269,442,0077f5569d8a6b58837844cae16b24e60b4718f5805e316dbf493897,SP reward for iETH,10 October 2023,1128484,10-01-2024 21:45,12-10-2023 23:00
5270,442,224881a0dbeda325ad728e2ff0abfe10aa335eb0dfa6258f6c163af1,SP reward for iETH,10 October 2023,983999,10-01-2024 21:45,12-10-2023 23:00
5271,442,5076acb2a03d9c30a10cb6a51faf9a1bd425efa5b701d0e483ff31d3,SP reward for iETH,10 October 2023,1069841,10-01-2024 21:45,12-10-2023 23:00
5272,442,d2a924b445aa266e71c0fc977e3b319ab88f904021b488f3b63f0055,SP reward for iETH,10 October 2023,1557047,10-01-2024 21:45,12-10-2023 23:00
5273,442,1ec35cc7e933953ef129dc5adf6c6773f0400d20a0c3966ffa19b253,SP reward for iETH,10 October 2023,594693,10-01-2024 21:45,12-10-2023 23:00
5274,442,3440301225c582d0a5a6a0a5beec84e9589d670ed742b1cf94d7200c,SP reward for iETH,10 October 2023,261296,10-01-2024 21:45,12-10-2023 23:00
5275,442,cb7cb7825c61148750bb1569f658df2f54872e4a21378797628893f9,SP reward for iETH,10 October 2023,3596136,10-01-2024 21:45,12-10-2023 23:00
5276,442,80df57ef64f6c84627cb8f0909b8613a3a85b59118092ec2565f754b,SP reward for iETH,10 October 2023,253136,10-01-2024 21:45,12-10-2023 23:00
5277,442,fc3f98ae5a3b654f6d89eebba84dede2c2ebe58d58ed3d59984dfef4,SP reward for iETH,10 October 2023,1,10-01-2024 21:45,12-10-2023 23:00
5278,442,4f8edf63fddd78518ee36c8b5d0366c3f57cca7707320c9b6d3b434b,SP reward for iETH,10 October 2023,355719,10-01-2024 21:45,12-10-2023 23:00
5279,442,b476886ebb904922102c2c8e89a984a7e37aac15d29adcd0120b1a09,SP reward for iETH,10 October 2023,4507367,10-01-2024 21:45,12-10-2023 23:00
5280,442,43d0a98cb18fe49f759a593585010bd4b4947c7e7b3493de6d96849f,SP reward for iETH,10 October 2023,2923761,10-01-2024 21:45,12-10-2023 23:00
5281,442,12a8bedd60b73e64175dd4019fc92d9652d748c6c9fd3329063c673a,SP reward for iETH,10 October 2023,5978638,10-01-2024 21:45,12-10-2023 23:00
5282,442,f9c3ea8ec044b27830d9806f8ce5a952fbb89debf69180307e723e57,SP reward for iETH,10 October 2023,354570,10-01-2024 21:45,12-10-2023 23:00
5283,442,0ad45bd4425847c0893b6a9135dc9086793f21620bf46205901be98a,SP reward for iETH,10 October 2023,86488,10-01-2024 21:45,12-10-2023 23:00
5284,442,0fcd5515a7c42ff375fbe24915bf94140f3ae6559957291e2fc8cb98,SP reward for iETH,10 October 2023,431729,10-01-2024 21:45,12-10-2023 23:00
5285,442,fa7a8fdcdf6d6515bddfec9cd7731c20ba94fa51352be03e4c06bda1,SP reward for iETH,10 October 2023,4174937,10-01-2024 21:45,12-10-2023 23:00
5286,442,cbf9437b6fa4bfa4931ce623e6aff6689fa8ffc1ce3572e6f5ff613a,SP reward for iETH,10 October 2023,2480240,10-01-2024 21:45,12-10-2023 23:00
5287,442,a10a23ec8c8bc86c8b39bb8d034a7ea407acf952bab967bbd8797d7f,SP reward for iETH,10 October 2023,158901,10-01-2024 21:45,12-10-2023 23:00
5288,442,85e349e81e454ec1437215d6983a07e06b26df6b7906c0556b687b43,SP reward for iETH,10 October 2023,8114995,10-01-2024 21:45,12-10-2023 23:00
5289,442,a79e3310327ff57aec9921c729d9a81389fe10aaa398fda3e5ae0fb3,SP reward for iETH,10 October 2023,2366360,10-01-2024 21:45,12-10-2023 23:00
5290,442,d00c92d92560223d54d47e2332b1937f37e48f8faf44d2735e119b40,SP reward for iETH,10 October 2023,77918,10-01-2024 21:45,12-10-2023 23:00
5291,442,a599571d436d6d4796f955247b1e358fa4275e063273d81dc5845a47,SP reward for iETH,10 October 2023,304451,10-01-2024 21:45,12-10-2023 23:00
5292,442,c6d45c71d2db10ad40fe49e492ce13dbf368ee6e721bc09c91ae89f5,SP reward for iETH,10 October 2023,5704365,10-01-2024 21:45,12-10-2023 23:00
5293,442,35b5d87660008e921bf997918dca5a84f808badf0fdc910fb5cc1d06,SP reward for iETH,10 October 2023,266808,10-01-2024 21:45,12-10-2023 23:00
5294,442,072569588caa5cdfcfc07a1bc6e8731d835f6a6f5c077d1d6dee0756,SP reward for iETH,10 October 2023,46160,10-01-2024 21:45,12-10-2023 23:00
5295,442,6c543f866d7e82c724ab7bf7b8ca2568f3a72061fef7a192e8f34616,SP reward for iETH,10 October 2023,57944305,10-01-2024 21:45,12-10-2023 23:00
5296,442,e0ea68c3e09114bb8b746e67a3e44b5e4c0cdce33c07391dc1f61be2,SP reward for iETH,10 October 2023,1810041,10-01-2024 21:45,12-10-2023 23:00
5297,442,9b7a2c9c23228fbb138fcaf45db9deb395114a33c8fa11a758eeac0c,SP reward for iETH,10 October 2023,78311,10-01-2024 21:45,12-10-2023 23:00
5298,442,a90c9789e1cc4e2b2b3f0623af62cf6c143918214776980f29b12d12,SP reward for iETH,10 October 2023,897983,10-01-2024 21:45,12-10-2023 23:00
5299,442,00666e59e9ceb98f3b3b0f97037acaf2d5e5543044d7d10a93fae574,SP reward for iETH,10 October 2023,1074046,10-01-2024 21:45,12-10-2023 23:00
5300,442,34589e061b2fcffb9f07e7109d77a14c7c7f55f15f5a52d5ebe6c94e,SP reward for iETH,10 October 2023,11597,10-01-2024 21:45,12-10-2023 23:00
5301,442,d5ffa4e09c6eaa4c882e10d3cc94b6c604e5982bf3715d40d4ec5351,SP reward for iETH,10 October 2023,370204,10-01-2024 21:45,12-10-2023 23:00
5302,442,69af353f2cb9ab695b429cff0e80203bc8e9e47548f28176e9bf99a0,SP reward for iETH,10 October 2023,248856,10-01-2024 21:45,12-10-2023 23:00
5303,442,eb399c4149c7004a187d460e10d8e524215b9b39e600560ce8f42806,SP reward for iETH,10 October 2023,1382308,10-01-2024 21:45,12-10-2023 23:00
5304,442,548fece8d2f6e55efda4a70452343bc1f92cac3c1cf8ef250535c048,SP reward for iETH,10 October 2023,1582416,10-01-2024 21:45,12-10-2023 23:00
5305,442,d28984c713366768ef92d78cdf6375539bc637d329226151e915c315,SP reward for iETH,10 October 2023,2346652,10-01-2024 21:45,12-10-2023 23:00
5306,442,3307f4774118bdc69163b2f8f2065892aa4484df07772bc4fe5fd052,SP reward for iETH,10 October 2023,573055,10-01-2024 21:45,12-10-2023 23:00
5307,442,b6756686f4eb2913773cd154afd06f721a1eeeb6dd84d37b099acb14,SP reward for iETH,10 October 2023,1045285,10-01-2024 21:45,12-10-2023 23:00
5308,442,1b0cbfa819f5a7b1eb06097e9b374f4c240f1a764b9a0a58973fdaa1,SP reward for iETH,10 October 2023,2112369,10-01-2024 21:45,12-10-2023 23:00
5309,442,c590affd526db47b19bcb411793bba5d639c1f5885fafc47838cd22e,SP reward for iETH,10 October 2023,1351787,10-01-2024 21:45,12-10-2023 23:00
5310,442,73761bdecaf3b16b1ac8cfbc32a46cfb73f3086cd854b57855bcf16e,SP reward for iETH,10 October 2023,201914,10-01-2024 21:45,12-10-2023 23:00
5311,442,fa54bc15eb2f3a2b38c0132795dab8639855d59ff6437fc0ee24a331,SP reward for iETH,10 October 2023,1603793,10-01-2024 21:45,12-10-2023 23:00
5312,442,68b290e8c37102ca4abfb9f2f7875308f678c9c39d20a7e9bdbeb719,SP reward for iETH,10 October 2023,946196,10-01-2024 21:45,12-10-2023 23:00
5313,442,07c59e348504d75a47aa875c80c5f7c537f4153637fb942f8f21f7e4,SP reward for iETH,10 October 2023,69182,10-01-2024 21:45,12-10-2023 23:00
5314,442,1d6b21b388975d2273d12b214d15d38aefe4aa45af8ed903e4d386aa,SP reward for iETH,10 October 2023,8671,10-01-2024 21:45,12-10-2023 23:00
5315,442,c207ec74fa19825b5803267491fce22d2cc7b4d7269df74d22f7c4b4,SP reward for iETH,10 October 2023,1988291,10-01-2024 21:45,12-10-2023 23:00
5316,442,69a97eb8edd3bd6c373b00d162d4463c2b6834e4d66d0e6f29f797e3,SP reward for iETH,10 October 2023,23843916,10-01-2024 21:45,12-10-2023 23:00
5317,442,ca0f77040a2b74ee79cb3a2c8046083e364c853648d64885a75ae35e,SP reward for iETH,10 October 2023,1570146,10-01-2024 21:45,12-10-2023 23:00
5318,442,17abbdbbee649dac78243c157c3238f34b9368e0e7d2c0232951484c,SP reward for iETH,10 October 2023,166642,10-01-2024 21:45,12-10-2023 23:00
5319,442,8d0f5398476da86053901f440d112916efc41a0e88481086fe064cf6,SP reward for iETH,10 October 2023,382424,10-01-2024 21:45,12-10-2023 23:00
5320,442,d1660b25e17cb23c44f9161fd71df2a4e847f5b1e0b23a4bae71423a,SP reward for iETH,10 October 2023,96000355,10-01-2024 21:45,12-10-2023 23:00
5321,442,fc1c84e08e8e47cda82dfe5d2778002da43570516efe2517c7878226,SP reward for iETH,10 October 2023,373,10-01-2024 21:45,12-10-2023 23:00
5322,442,e0a5fe8d81c61f33e7b47c1a5b07c02ca836cd80b91e2ce18e088db3,SP reward for iETH,10 October 2023,117060,10-01-2024 21:45,12-10-2023 23:00
5323,442,bdabcdc638396b13e6a2f2fcee884fac8903ad668c7155fad848616a,SP reward for iETH,10 October 2023,157990,10-01-2024 21:45,12-10-2023 23:00
5324,442,cacee11ae9fc0ffb6219d179e22b1cddefd988ebcfb1ec7fca4ad52d,SP reward for iETH,10 October 2023,113095488,10-01-2024 21:45,12-10-2023 23:00
5325,442,25f2b6e8273673fa147f150644a62517d248bba31bbb8c35963fcb94,SP reward for iETH,10 October 2023,532502,10-01-2024 21:45,12-10-2023 23:00
5326,442,b343c02a76bd4f94ecbd4e8260a37ea68d5543d01e9f21e162c9cd1a,SP reward for iETH,10 October 2023,1060258,10-01-2024 21:45,12-10-2023 23:00
5327,442,e174ca1bc8de7a28fcd3d2fbb172d223fbd8b83c1dc51cd37c790420,SP reward for iETH,10 October 2023,2211182,10-01-2024 21:45,12-10-2023 23:00
5328,442,7b313b41860de9075ae0eb22e9211a5822c0f23119037e21b769e96a,SP reward for iETH,10 October 2023,14361256,10-01-2024 21:45,12-10-2023 23:00
5329,442,27e19a4d47b49657009c6265473dd7191ec0908bdcffdc0fe37ee348,SP reward for iETH,10 October 2023,2459893,10-01-2024 21:45,12-10-2023 23:00
5330,442,811bdd761ef03a0aff09b20d4f6ffb6cb5bbc2c726d7d3fa38a537fc,SP reward for iETH,10 October 2023,12412002,10-01-2024 21:45,12-10-2023 23:00
5331,442,ccb220201f3cb6b293ae4aa8f4c4280591f300897fa0354851c616f7,SP reward for iETH,10 October 2023,124961,10-01-2024 21:45,12-10-2023 23:00
5332,442,5c1a02a27266c981c3c4a9f5301c0e540b93da75bba83693aa1284a2,SP reward for iETH,10 October 2023,152994,10-01-2024 21:45,12-10-2023 23:00
5333,442,277fd1b973fb696cd511a2382770f137bedb994b2395d476db829938,SP reward for iETH,10 October 2023,45416308,10-01-2024 21:45,12-10-2023 23:00
5334,442,13dd85c67472864399334d40bd57d4bbfcdd5ea0436ed478f6c2409c,SP reward for iETH,10 October 2023,15860183,10-01-2024 21:45,12-10-2023 23:00
5335,442,4a56c29fe51cedb6d52c5fb17efea3451759a14b6931ec212aeea070,SP reward for iETH,10 October 2023,466045,10-01-2024 21:45,12-10-2023 23:00
5336,442,c480783df5b96cc1a051c2bbe8c96d842a2743c747f303c656613e19,SP reward for iETH,10 October 2023,225349,10-01-2024 21:45,12-10-2023 23:00
5337,442,fa9c7e0beaad372083bafd39c7cef554824a1e9eb21556676864ab7e,SP reward for iETH,10 October 2023,23456627,10-01-2024 21:45,12-10-2023 23:00
5338,442,98e854a41cab6d1ea5e38ff1517f5a1b4a1e8e087fc85195ad42f28c,SP reward for iETH,10 October 2023,304556,10-01-2024 21:45,12-10-2023 23:00
5339,442,63aade055d90301cd816870ee5a3c9fc67d769274b8633e7a7893f05,SP reward for iETH,10 October 2023,2388803,10-01-2024 21:45,12-10-2023 23:00
5340,442,7263b9dd48afbcdd9151c3044a290690040aec1508704bc04fee78ec,SP reward for iETH,10 October 2023,898620,10-01-2024 21:45,12-10-2023 23:00
5341,442,01da9d4fea55755b1bd3017417aeae4b69e15fda2bbdb49d739351ff,SP reward for iETH,10 October 2023,181303,10-01-2024 21:45,12-10-2023 23:00
5342,442,d7093cc9caa740381045e3c433dfc849c3403ecf066fac9233e14246,SP reward for iETH,10 October 2023,830560,10-01-2024 21:45,12-10-2023 23:00
5343,442,7ff55caba5c965a9bacc6c9de36250dfdcc794f7cb5480c73af2155b,SP reward for iETH,10 October 2023,4401340,10-01-2024 21:45,12-10-2023 23:00
5344,442,abd768ffa460e4578bd7a72296552532e2e463ac8727396b752aeef9,SP reward for iETH,10 October 2023,138073,10-01-2024 21:45,12-10-2023 23:00
5345,442,0bb67baf3148157625daeb00d942466bc473a3ff85dd49afa7658f89,SP reward for iETH,10 October 2023,7238846,10-01-2024 21:45,12-10-2023 23:00
5346,442,b0a222c6bfdd962ede1dda2efc895e8d4e79dd5e493694ac784bc7c9,SP reward for iETH,10 October 2023,25970530,10-01-2024 21:45,12-10-2023 23:00
5347,442,dcc2117fe7b56fbf5a0c7ae4bd3e33a3a4ed07cd25e02c4c6e34d510,SP reward for iETH,10 October 2023,695711,10-01-2024 21:45,12-10-2023 23:00
5348,442,239f2ce7543af3b3c9119a00f53a64ad8e1e4b19d90fd1dfaecd7427,SP reward for iETH,10 October 2023,10137030,10-01-2024 21:45,12-10-2023 23:00
5349,442,8d999dd787f9871ef69430cfd7473d3d786fe6e060985c65265997d9,SP reward for iETH,10 October 2023,7013,10-01-2024 21:45,12-10-2023 23:00
5350,442,9eacf5e8b3c6bf9b1abf34590fd8c9b02e34c0bcd682a1e895ede3fe,SP reward for iETH,10 October 2023,7012766,10-01-2024 21:45,12-10-2023 23:00
5351,442,1c01312dd39930a1fd168b6bb8e18b2a71ddbe264e9b125b69450236,SP reward for iETH,10 October 2023,405993,10-01-2024 21:45,12-10-2023 23:00
5352,442,ebb3c77c9d613815a380172a1ccc3f14b656b3a637c068209100501e,SP reward for iETH,10 October 2023,1170385,10-01-2024 21:45,12-10-2023 23:00
5353,442,fcc20a843a102f03b5a67e2d9567fc74c70c2c2c294b85fa83086611,SP reward for iETH,10 October 2023,55388741,10-01-2024 21:45,12-10-2023 23:00
5354,442,495d43a4ab309f1fa086cf3904d3772c79777333c79d8470e5a3bb59,SP reward for iETH,10 October 2023,723604,10-01-2024 21:45,12-10-2023 23:00
5355,442,0e0e12df3f3f5a2cd59f3d2b767cbe947e7e4892e027033457eeaa75,SP reward for iETH,10 October 2023,1480373,10-01-2024 21:45,12-10-2023 23:00
5356,442,9119d1928ddf92d6dc740edccad925e6ec9a7bacafb0a4d1963064a2,SP reward for iETH,10 October 2023,282195,10-01-2024 21:45,12-10-2023 23:00
5357,442,9aec16c760df1aafd6cd7469b76de43e665f9cfa99263e756084ae89,SP reward for iETH,10 October 2023,2130609,10-01-2024 21:45,12-10-2023 23:00
5358,442,a39926586271cd40910a9efa7a9bb2d6a53d7852b444ec240a99f0f9,SP reward for iETH,10 October 2023,218831,10-01-2024 21:45,12-10-2023 23:00
5359,442,e369f9a894744f3c1bf4e714426f0e9753cdcab22a9cf0ab620bd642,SP reward for iETH,10 October 2023,21988972,10-01-2024 21:45,12-10-2023 23:00
5360,442,3657a92f82da5d852f3757b0d144117b3fce7353181e8a8202843d54,SP reward for iETH,10 October 2023,17801871,10-01-2024 21:45,12-10-2023 23:00
5361,442,fa1723e381818dd3249476008192dd876d12607046f821ff55defe4a,SP reward for iETH,10 October 2023,616380,10-01-2024 21:45,12-10-2023 23:00
5362,442,9ef82b39ec0521ee2054f18b3811007af895c6a3248eb9bf458ebedd,SP reward for iETH,10 October 2023,699070,10-01-2024 21:45,12-10-2023 23:00
5363,442,ad7fe2d8b9b3cf82a37e9633c0e48784f788f352c5314d5a5e20bf08,SP reward for iETH,10 October 2023,3524719,10-01-2024 21:45,12-10-2023 23:00
5364,442,0caac09ff220e441884a7a73eef7a39f1372cf9bf052c92db4155457,SP reward for iETH,10 October 2023,4047045,10-01-2024 21:45,12-10-2023 23:00
5365,442,a249e0d4dab1b164dd033043cbabdf204b34f7ecbdb994bec90d7216,SP reward for iETH,10 October 2023,67610,10-01-2024 21:45,12-10-2023 23:00
5366,442,0b1db916e7560c61e187d688e00f936a0730a88d1049e89f4ece9e9a,SP reward for iETH,10 October 2023,7332137,10-01-2024 21:45,12-10-2023 23:00
5367,442,b47ead9c1c659d7d927c23212bd62d475f71d986236aafe16bde23ee,SP reward for iETH,10 October 2023,2566574,10-01-2024 21:45,12-10-2023 23:00
5368,442,ff935aa9517ed6dbb666d91a00c0172972ac4f6de32420c025a23e37,SP reward for iETH,10 October 2023,107294063,10-01-2024 21:45,12-10-2023 23:00
5369,442,b7f7ae08769181fd6287c83f74fe18cce31b5bad2e39eeb4ae982f68,SP reward for iETH,10 October 2023,2507434,10-01-2024 21:45,12-10-2023 23:00
5370,442,ccbe92300e5d955564cdf0cd2003c5cfd63e213d32b12d02ebd6b25e,SP reward for iETH,10 October 2023,1285532,10-01-2024 21:45,12-10-2023 23:00
5371,442,6ab1e8f492b0ade359dcc23754a37711b11e09f3c300db387a7df62a,SP reward for iETH,10 October 2023,434089,10-01-2024 21:45,12-10-2023 23:00
5372,442,19006487a208affb9e50bea4ec43f00e27b951edc7a440ecd4a88d21,SP reward for iETH,10 October 2023,519604,10-01-2024 21:45,12-10-2023 23:00
5373,442,f4a8ce4d0551a961e622053652a6a2b31450ba4bd57780b29e111908,SP reward for iETH,10 October 2023,7744447,10-01-2024 21:45,12-10-2023 23:00
5374,442,f00f927995925d46c18314ed041f55e32d1e9bc0da7b18b5f9d56602,SP reward for iETH,10 October 2023,7136151,10-01-2024 21:45,12-10-2023 23:00
5375,442,14f88693101a09292fbe4dd300718d6cba658cd09cbaa6958a855078,SP reward for iETH,10 October 2023,10098927,10-01-2024 21:45,12-10-2023 23:00
5376,442,c91490adde7feb9e01721f33e1ab60e2002bef0b62a0e83a759ff983,SP reward for iETH,10 October 2023,269392,10-01-2024 21:45,12-10-2023 23:00
5377,442,3a826ec6e4148fb1370003f967fd432adcb29aaeb72e5bc230d82105,SP reward for iETH,10 October 2023,5114093,10-01-2024 21:45,12-10-2023 23:00
5378,442,d63f60aa79a4c439dc9ecee11ebf08b791bbd30b0c82ff5d684d1e62,SP reward for iETH,10 October 2023,3211482,10-01-2024 21:45,12-10-2023 23:00
5379,442,4f9bae79147020cfc7a1879a0429879c46f9e8beec5768b3744a665c,SP reward for iETH,10 October 2023,4165262,10-01-2024 21:45,12-10-2023 23:00
5380,442,f4035fabf6ceffc8d7ba6defb2a76bf77e2fd6f447f37c9037340990,SP reward for iETH,10 October 2023,8875,10-01-2024 21:45,12-10-2023 23:00
5381,442,7715ea9b7284bacb2675cdc4a89dfeb34ce4245f956510eaa294e1d7,SP reward for iETH,10 October 2023,2892778,10-01-2024 21:45,12-10-2023 23:00
5382,442,bbc489f4c0a227930bdf92a3fd265427280735a5254c1de2120276f8,SP reward for iETH,10 October 2023,119408,10-01-2024 21:45,12-10-2023 23:00
5383,442,57ddeaa392fd68799959ed26225a53efdda10ad0b297ce71a8c6b8eb,SP reward for iETH,10 October 2023,5777841,10-01-2024 21:45,12-10-2023 23:00
5384,442,590d2732226bce1245e4da51d3c55e00f3e7ec6a16c5117904558405,SP reward for iETH,10 October 2023,612449,10-01-2024 21:45,12-10-2023 23:00
5385,442,3cd4e0a1ef398a95359b11785b477a8505b46c2444bb6acc08a2ecd4,SP reward for iETH,10 October 2023,7934487,10-01-2024 21:45,12-10-2023 23:00
5386,442,e105290df587390be33d256392f378bfd7709dca5c16de6ff1958de1,SP reward for iETH,10 October 2023,3126,10-01-2024 21:45,12-10-2023 23:00
5387,442,c637928cbdf87a8650a7a8401ad1a6b8757d91192677c615daf7deb9,SP reward for iETH,10 October 2023,6529419,10-01-2024 21:45,12-10-2023 23:00
5388,442,56270f8bf55701d31d45a3db4a13d99ef7848fc936616777f4257dcb,SP reward for iETH,10 October 2023,2081085,10-01-2024 21:45,12-10-2023 23:00
5389,442,811d81c21b08352b6d13adc8815022f120336e4eadd03f4ee1a1b0fa,SP reward for iETH,10 October 2023,632106,10-01-2024 21:45,12-10-2023 23:00
5390,442,cf5450200267464f17eca7d4a23ee0c892f8bb6f0d464b8b5eba0c73,SP reward for iETH,10 October 2023,5658282,10-01-2024 21:45,12-10-2023 23:00
5391,442,bb065d2662a76b6a4be9b01e41d5c3f50462c1dda589da692b9754da,SP reward for iETH,10 October 2023,6236324,10-01-2024 21:45,12-10-2023 23:00
5392,442,9cc6a5c39d7b0a317daf1c2ac03e490912585b884ac4d922a146117b,SP reward for iETH,10 October 2023,6003967,10-01-2024 21:45,12-10-2023 23:00
5393,442,09e63926e1dd953e2f6110242c704ce63328e1f2d5ce2142bb66daf2,SP reward for iETH,10 October 2023,757246,10-01-2024 21:45,12-10-2023 23:00
5394,442,092e26fa08057d6cbfc986b6638b347cf850a74b846f6a36e5fd8dfa,SP reward for iETH,10 October 2023,570643,10-01-2024 21:45,12-10-2023 23:00
5395,442,9d77c4650d9fc15ff9d7591ec7324e12e84a7b588a88586e55113d83,SP reward for iETH,10 October 2023,2632644,10-01-2024 21:45,12-10-2023 23:00
5396,442,690b0a92962d8e5940212f11e4e414db2a6a773f06923adaa063bf7a,SP reward for iETH,10 October 2023,36965057,10-01-2024 21:45,12-10-2023 23:00
5397,442,43554050d4b81197d15d448aa81b825612a4fef4cba3b48ba25be4e4,SP reward for iETH,10 October 2023,7189,10-01-2024 21:45,12-10-2023 23:00
5398,442,a485b6436c9f49a331655fa1574405c3e9bb1ead65e84b91f28fe826,SP reward for iETH,10 October 2023,23148724,10-01-2024 21:45,12-10-2023 23:00
5399,442,78b355ef81f783f5efe26565142565159adb6d0fe2ff17631c37540c,SP reward for iETH,10 October 2023,176150,10-01-2024 21:45,12-10-2023 23:00
5400,442,f22884c68cb845cbba534a40bc7c2d3cd362c70741bc3632c0bbf772,SP reward for iETH,10 October 2023,29714258,10-01-2024 21:45,12-10-2023 23:00
5401,442,1344c6719d8058b88f756f2ee293581dab8214b388113a46e95cb2e8,SP reward for iETH,10 October 2023,7189,10-01-2024 21:45,12-10-2023 23:00
5402,442,ad122b9fa3ab86495712afd2a6f655430427c2cf21a54fd0c8fe8e63,SP reward for iUSD,10 October 2023,52958,10-01-2024 21:45,12-10-2023 23:00
5403,442,8dc46b205f4e3147a3bb91d9d76b188da58b1da3f1bbe5ce85093ba6,SP reward for iUSD,10 October 2023,4299,10-01-2024 21:45,12-10-2023 23:00
5404,442,529828b5fb8e3347ffc11e615fead9d06250f5457c828595bba6d3ba,SP reward for iUSD,10 October 2023,192471,10-01-2024 21:45,12-10-2023 23:00
5405,442,f0cde7772008d840812c16a10b033c4b64949c7026e1cd26384b812e,SP reward for iUSD,10 October 2023,3029,10-01-2024 21:45,12-10-2023 23:00
5406,442,e2a0f1cae6e8f02aa0fdc9622f8351573919d111cea3bc1eceb898b5,SP reward for iUSD,10 October 2023,23634,10-01-2024 21:45,12-10-2023 23:00
5407,442,7445ca9f38f1c88e0f7f1ec5ba3f11352a03ebdc93814ae8cc3c4365,SP reward for iUSD,10 October 2023,627,10-01-2024 21:45,12-10-2023 23:00
5408,442,56f657fe0244e7e283418ef04510779eab7f5f4791cfda7ef19b020f,SP reward for iUSD,10 October 2023,8391,10-01-2024 21:45,12-10-2023 23:00
5409,442,8bedd3fd1561aa61bc84af3b1354a73ccd0d25e56ca6ad10d46184c5,SP reward for iUSD,10 October 2023,2535,10-01-2024 21:45,12-10-2023 23:00
5410,442,f08a2242c6a6353ea38c9316dc478cad0d5e53eef6c1833e763eb33d,SP reward for iUSD,10 October 2023,1585,10-01-2024 21:45,12-10-2023 23:00
5411,442,815ea6793d319a3090588b6c39c6a080bcc3483d6e73761bb4473a85,SP reward for iUSD,10 October 2023,5627,10-01-2024 21:45,12-10-2023 23:00
5412,442,0944891a137e8df0f9e8d6bf87f7c77b6b2630c69af3e5281612f484,SP reward for iUSD,10 October 2023,6088,10-01-2024 21:45,12-10-2023 23:00
5413,442,b7e3d8ea466740d71d745657f3078a52f9603a22401ffe10d5f84704,SP reward for iUSD,10 October 2023,798,10-01-2024 21:45,12-10-2023 23:00
5414,442,ef1af1a8910ea15c905f4244cbf01932b9cd343cee3f538be0965412,SP reward for iUSD,10 October 2023,2661,10-01-2024 21:45,12-10-2023 23:00
5415,442,6873f354a534d12ba78b5393b34ff62a34e055198eb763a142dc6d06,SP reward for iUSD,10 October 2023,23705,10-01-2024 21:45,12-10-2023 23:00
5416,442,d906bff43d0cf1f953664eb6ce9d568afb32f84dd5a04d368a052957,SP reward for iUSD,10 October 2023,55445,10-01-2024 21:45,12-10-2023 23:00
5417,442,b5373262fed909ee4b36ac1cb3a3fd9112a45078a09c2bc5d7fff5df,SP reward for iUSD,10 October 2023,3332,10-01-2024 21:45,12-10-2023 23:00
5418,442,88e170617a780709bbdda9f213666a62d7a9b2cba72c82fbce60d039,SP reward for iUSD,10 October 2023,90,10-01-2024 21:45,12-10-2023 23:00
5419,442,dd4ec1a00770d0659820e0083be64e233a9da64af048ed52e2c9bf00,SP reward for iUSD,10 October 2023,1175,10-01-2024 21:45,12-10-2023 23:00
5420,442,2c19a094c5f1193406dbc39958bb9c8ab662b8fd06587e47060c2718,SP reward for iUSD,10 October 2023,293186,10-01-2024 21:45,12-10-2023 23:00
5421,442,67b9e1699f39f1483dbe59aaca3fe0689992c2c0c996d6394e4f7569,SP reward for iUSD,10 October 2023,4036,10-01-2024 21:45,12-10-2023 23:00
5422,442,663197d6c6deb7037a232cb477b7cc4b559e93b8aa392f136e2d1e32,SP reward for iUSD,10 October 2023,25222,10-01-2024 21:45,12-10-2023 23:00
5423,442,b5fc9bc8eb047299ba87a5b613947f9c9abaec6ba994d7a835a2479e,SP reward for iUSD,10 October 2023,3348,10-01-2024 21:45,12-10-2023 23:00
5424,442,65d6303282486d29912b02c301c44d66d1c1ad41c3aa32afde902098,SP reward for iUSD,10 October 2023,139403,10-01-2024 21:45,12-10-2023 23:00
5425,442,24d1ce22399ea1ad15281271e90aa1ff32729eda148ccb70b5ae29de,SP reward for iUSD,10 October 2023,3734,10-01-2024 21:45,12-10-2023 23:00
5426,442,9db8dbdfc35cd01248d7ef8b323d76a072cc6ccec45aca38ddd3f99c,SP reward for iUSD,10 October 2023,165053,10-01-2024 21:45,12-10-2023 23:00
5427,442,7027a58b0e7ba0c62c9c728ed6c39aaeea2a5a6eb7655dae15408d74,SP reward for iUSD,10 October 2023,272,10-01-2024 21:45,12-10-2023 23:00
5428,442,c6cd7420bd85c47570966504ccdc3847422b7fa54b2b2e9da06d49c9,SP reward for iUSD,10 October 2023,10572,10-01-2024 21:45,12-10-2023 23:00
5429,442,37ed0edbae22b1cd07e47eade303eb9911b4ce9c80ca0f96906b277d,SP reward for iUSD,10 October 2023,13481,10-01-2024 21:45,12-10-2023 23:00
5430,442,3fbed1f70aaad0f5450f532262388c6ebbdd08685a91a2f4e2b5aa56,SP reward for iUSD,10 October 2023,487638,10-01-2024 21:45,12-10-2023 23:00
5431,442,3f8f2cdd4da6db7af455c401c0e2108d6e2147856f31f815c0036689,SP reward for iUSD,10 October 2023,540234,10-01-2024 21:45,12-10-2023 23:00
5432,442,84ecc5f7b81ce47c366701b164b6ecb5feff0bdcf2672755a2d2917c,SP reward for iUSD,10 October 2023,20892,10-01-2024 21:45,12-10-2023 23:00
5433,442,33077859854a4c4a6ee59151162d9ad87f180123bf154fd9e8518156,SP reward for iUSD,10 October 2023,9563,10-01-2024 21:45,12-10-2023 23:00
5434,442,82356f5dd9c1d197555f8efeece254a8db19ef9857f7f1fe0d168fc3,SP reward for iUSD,10 October 2023,34427,10-01-2024 21:45,12-10-2023 23:00
5435,442,193cbbdd794fd3f6c3cb96d10463421f633f66509cfc2c50b449dfbc,SP reward for iUSD,10 October 2023,7024,10-01-2024 21:45,12-10-2023 23:00
5436,442,aed65613b6eaa83bacd22c00f0be750f1eb6b3dda9e5639434b8ebfa,SP reward for iUSD,10 October 2023,595,10-01-2024 21:45,12-10-2023 23:00
5437,442,57bd6627620ca97848d563e991aa18abf036fe7cdf1e8dac55e39558,SP reward for iUSD,10 October 2023,2383,10-01-2024 21:45,12-10-2023 23:00
5438,442,114ed1fa4be6d0fc67ac7eb0e7c59955986dc2a646f2dbdb03f98d7b,SP reward for iUSD,10 October 2023,32568,10-01-2024 21:45,12-10-2023 23:00
5439,442,577cd4ebc8dd617a8bd294f1b4bd853e1c2c82a10616ef099601b26d,SP reward for iUSD,10 October 2023,185,10-01-2024 21:45,12-10-2023 23:00
5440,442,f6bec0f37a857e1281e70c22d6f5c1b45f94b6ba6d9bc0e97dd614db,SP reward for iUSD,10 October 2023,524906,10-01-2024 21:45,12-10-2023 23:00
5441,442,9d7c80e92b2d81a528c6f4ce7fb1abcd5efb56c5b3123a27209be50f,SP reward for iUSD,10 October 2023,4166,10-01-2024 21:45,12-10-2023 23:00
5442,442,53ad03696a854631cba8cdf7d2628fe142aae67a9e9ce8a19b81e4fa,SP reward for iUSD,10 October 2023,7960,10-01-2024 21:45,12-10-2023 23:00
5443,442,8ce5d17ed848dc9ee4fbc3bb79271e1efbfaf43d9ead7df700faa0ed,SP reward for iUSD,10 October 2023,5525,10-01-2024 21:45,12-10-2023 23:00
5444,442,5f02661fe9260d523acf4075e2361c9ccd10d6f9b10c5d2837151284,SP reward for iUSD,10 October 2023,3259,10-01-2024 21:45,12-10-2023 23:00
5445,442,5aa3cc24dcf73c5402762bc5aa229f63f6bdb0ddbcdeb4a6f3acb59c,SP reward for iUSD,10 October 2023,1989,10-01-2024 21:45,12-10-2023 23:00
5446,442,64ef8751f97cc1ef51b020ca8f648808e77698aba365802d49840f2f,SP reward for iUSD,10 October 2023,2017,10-01-2024 21:45,12-10-2023 23:00
5447,442,239f2ce7543af3b3c9119a00f53a64ad8e1e4b19d90fd1dfaecd7427,SP reward for iUSD,10 October 2023,0,10-01-2024 21:45,12-10-2023 23:00
5448,442,6747fe860de920bf606e1d93b3bc44d208304c44415a30e4095b7d15,SP reward for iUSD,10 October 2023,5,10-01-2024 21:45,12-10-2023 23:00
5449,442,d5faac42498239db89b4f4b5342a64c36d47ed6300a0b0c03ee460a5,SP reward for iUSD,10 October 2023,326,10-01-2024 21:45,12-10-2023 23:00
5450,442,642050a5c5961494b8342be7339a9021eec09b44b199648ab6f2be18,SP reward for iUSD,10 October 2023,432,10-01-2024 21:45,12-10-2023 23:00
5451,442,58565b9a0b90f766dad48a3cb365453b452565ecb6773a55a5517b48,SP reward for iUSD,10 October 2023,1618593,10-01-2024 21:45,12-10-2023 23:00
5452,442,f946a9da7bc2551c51e8bf0d38a5f7978c825edbd438c8f89a904859,SP reward for iUSD,10 October 2023,1661,10-01-2024 21:45,12-10-2023 23:00
5453,442,91aa6ddecfac713f774fe7635bc6804e96e008cd220186a1382b7f1f,SP reward for iUSD,10 October 2023,1839,10-01-2024 21:45,12-10-2023 23:00
5454,442,37ca722e2027c5cf406b6ab9bfe3a6a3a6121ad56ac88e6039789e3d,SP reward for iUSD,10 October 2023,16331,10-01-2024 21:45,12-10-2023 23:00
5455,442,4bdcb3d0328b899e150cbe4efeedafcb2d46cd97f56d1d1a97b8f99d,SP reward for iUSD,10 October 2023,88814,10-01-2024 21:45,12-10-2023 23:00
5456,442,53313be7f4738a1ad1554126858d052f318ccbf66d88b5016e9155d5,SP reward for iUSD,10 October 2023,58,10-01-2024 21:45,12-10-2023 23:00
5457,442,74d50c0b2a239a06b6ac587434530db68e66bf0fd59e1c103629c8b7,SP reward for iUSD,10 October 2023,117494,10-01-2024 21:45,12-10-2023 23:00
5458,442,a8a8d6cf9f5babf18575b08d03ddcd6a055a0a1dab04bb2213fd69a9,SP reward for iUSD,10 October 2023,9408,10-01-2024 21:45,12-10-2023 23:00
5459,442,f2c550cc77d4c4360fc6b780b2b794ee7b55007d8a441bea3938abb3,SP reward for iUSD,10 October 2023,7703,10-01-2024 21:45,12-10-2023 23:00
5460,442,f3a01380eefce347d7713b4c5d50e311521511808e535fae44fb59f2,SP reward for iUSD,10 October 2023,4155,10-01-2024 21:45,12-10-2023 23:00
5461,442,9b113025f2c6f81786d0214a1970cad776b3db8072262d939286d1fc,SP reward for iUSD,10 October 2023,851,10-01-2024 21:45,12-10-2023 23:00
5462,442,160fbbec0ed081424274993969fd198d802e3b8495837cc20ba07598,SP reward for iUSD,10 October 2023,6864,10-01-2024 21:45,12-10-2023 23:00
5463,442,9eeb45bc82ef7227205a3a13b4b89807a4528463752f76ea433c10e1,SP reward for iUSD,10 October 2023,4510,10-01-2024 21:45,12-10-2023 23:00
5464,442,28b66d8534f750f7e6ce51f398ee9f7436525bfa1b3cb1a7f36f38dc,SP reward for iUSD,10 October 2023,247815,10-01-2024 21:45,12-10-2023 23:00
5465,442,d6a625657c0efe8f8a026c58b4889627baaa18a5526fea421477989f,SP reward for iUSD,10 October 2023,114303,10-01-2024 21:45,12-10-2023 23:00
5466,442,bd35e698c1519cd374228d72345ac3a007aa585b19e1fa76ac768818,SP reward for iUSD,10 October 2023,1786,10-01-2024 21:45,12-10-2023 23:00
5467,442,3d1168af1573bf5b74d0cf10c8fa32a1b4173649f230e1c90960183d,SP reward for iUSD,10 October 2023,4874,10-01-2024 21:45,12-10-2023 23:00
5468,442,8c964a70518a80f577b48a7281cb1843ae4c0a40c8e4dd5af17bd06a,SP reward for iUSD,10 October 2023,13885,10-01-2024 21:45,12-10-2023 23:00
5469,442,5cdf84ad76fb735689a463f081ce64455d07208781b617297b622830,SP reward for iUSD,10 October 2023,34223,10-01-2024 21:45,12-10-2023 23:00
5470,442,6e40bd68f7505ec6b2943305dd1becd267f0bb79b5e46bce75718d41,SP reward for iUSD,10 October 2023,14333,10-01-2024 21:45,12-10-2023 23:00
5471,442,f9f1d44d00b15f63b1aac48dd4e3b4738bec1c79cef84b67ef5c69e4,SP reward for iUSD,10 October 2023,19142,10-01-2024 21:45,12-10-2023 23:00
5472,442,d71882533c70394cfade226a4b2338786ffcb27bb1a360148508c28d,SP reward for iUSD,10 October 2023,26239,10-01-2024 21:45,12-10-2023 23:00
5473,442,559d23a5db8f1b809ba9b48e7504582c96af34f68495f3ed51b2cce5,SP reward for iUSD,10 October 2023,111164,10-01-2024 21:45,12-10-2023 23:00
5474,442,d7346fcd395de69e62f4a2bafbc32af393ceecb3287b0ff4442ff36e,SP reward for iUSD,10 October 2023,2875,10-01-2024 21:45,12-10-2023 23:00
5475,442,4ff84f0ac0bd82a6b10a454e7526a531435890c6da1c01404940d7ee,SP reward for iUSD,10 October 2023,20971,10-01-2024 21:45,12-10-2023 23:00
5476,442,68508e515cb193333cce070a1c36b7ee417313b5648af8965d81bd20,SP reward for iUSD,10 October 2023,238,10-01-2024 21:45,12-10-2023 23:00
5477,442,3993f803206b3c6d823fd5286f5dc1d4c91135afbafd3e54f651a411,SP reward for iUSD,10 October 2023,1266973,10-01-2024 21:45,12-10-2023 23:00
5478,442,962451fcde3d1d3603722efc54a8f7d0d370798ed989947d4bb1b6c8,SP reward for iUSD,10 October 2023,33066,10-01-2024 21:45,12-10-2023 23:00
5479,442,72a59314981c54873af2418f0690f8e52ba89562fd4dfcb5fa7aa4bd,SP reward for iUSD,10 October 2023,176538,10-01-2024 21:45,12-10-2023 23:00
5480,442,4604467a331a2044f37e747d8d081b73538f8d1001a17b6bb55bb0a8,SP reward for iUSD,10 October 2023,48611,10-01-2024 21:45,12-10-2023 23:00
5481,442,3e5e3dc4c45ead7c7e88fcd186620ffe4b292bc02a54aebb5c753815,SP reward for iUSD,10 October 2023,33190,10-01-2024 21:45,12-10-2023 23:00
5482,442,68e1002e7fbfbfae546c4597ec5a986db289ef36a12d40b58a5260be,SP reward for iUSD,10 October 2023,16679,10-01-2024 21:45,12-10-2023 23:00
5483,442,5b1af46cec17d48b26b69b2e643ccd5bece471f4954aeb14bea90586,SP reward for iUSD,10 October 2023,22527,10-01-2024 21:45,12-10-2023 23:00
5484,442,6bfad24902340f4237017493bdf4490613343a1c2f02b7a5b4f4e337,SP reward for iUSD,10 October 2023,7651,10-01-2024 21:45,12-10-2023 23:00
5485,442,a3259647cb4c6a8efc1ba1b6077831fe603f4c1236bf1746e19c88e9,SP reward for iUSD,10 October 2023,161187,10-01-2024 21:45,12-10-2023 23:00
5486,442,76acdf55012635af253d2743b41d17dfa4459293ad2ba44104050c2b,SP reward for iUSD,10 October 2023,4962,10-01-2024 21:45,12-10-2023 23:00
5487,442,7968a748b588347106eebc57fb2cf6afc0bfebd72784ab489dbd0ad5,SP reward for iUSD,10 October 2023,754,10-01-2024 21:45,12-10-2023 23:00
5488,442,94be338db483fec65437c12b87e6a48e49a8b483445d52a9bd0c0c36,SP reward for iUSD,10 October 2023,33232,10-01-2024 21:45,12-10-2023 23:00
5489,442,332640ca63bf1c45ca8f5beafe24f3e68887f052b3a03914e2efd235,SP reward for iUSD,10 October 2023,8210,10-01-2024 21:45,12-10-2023 23:00
5490,442,d4274c2088411d1c7c9bf283cb734d0fb4577bc45278481cfe7505f1,SP reward for iUSD,10 October 2023,18280,10-01-2024 21:45,12-10-2023 23:00
5491,442,ea374c2d569d63853df7d92c816502210495360908aa4df12568e567,SP reward for iUSD,10 October 2023,3720,10-01-2024 21:45,12-10-2023 23:00
5492,442,df3ed3c34530edc62131484128ad73c4a256a8974d6a52ec845b64ed,SP reward for iUSD,10 October 2023,246335,10-01-2024 21:45,12-10-2023 23:00
5493,442,4e5426811df99e191ae0bc3eca64836e561a07d1623b16f94828240b,SP reward for iUSD,10 October 2023,5325,10-01-2024 21:45,12-10-2023 23:00
5494,442,8bb9f1df2cd1d6f7e3c5758eb144bf720666784db45e4fd8fa7ca440,SP reward for iUSD,10 October 2023,1364,10-01-2024 21:45,12-10-2023 23:00
5495,442,89d095d531c5d92be599e65bfe27c44652b2cf99b72a332427e9d8a2,SP reward for iUSD,10 October 2023,44634,10-01-2024 21:45,12-10-2023 23:00
5496,442,34d9199dd24497aeedaaa07324c61c74d192d13417e9c35147c4a56a,SP reward for iUSD,10 October 2023,3678,10-01-2024 21:45,12-10-2023 23:00
5497,442,278c8e15c48d22d81c86ef27d34212b6e3b8ccaab5414d4ee3633b7f,SP reward for iUSD,10 October 2023,3659,10-01-2024 21:45,12-10-2023 23:00
5498,442,cb7cb7825c61148750bb1569f658df2f54872e4a21378797628893f9,SP reward for iUSD,10 October 2023,243887,10-01-2024 21:45,12-10-2023 23:00
5499,442,fc933ffc8d260f40b24fd2dcf83aad2c426a0471e73c7dc87f58d8ad,SP reward for iUSD,10 October 2023,16633,10-01-2024 21:45,12-10-2023 23:00
5500,442,7de337d83081a32aebfcd1e0d193a2bc16a27bd6b79d4cae868e10ef,SP reward for iUSD,10 October 2023,332813,10-01-2024 21:45,12-10-2023 23:00
5501,442,3e10263d5b2ba0da4de992fabb8c5f84d8a1ab8714c671a6d5856b77,SP reward for iUSD,10 October 2023,1474,10-01-2024 21:45,12-10-2023 23:00
5502,442,65fc42e22008193de7a306e5fe9fd2f577c152405566e88cb9799936,SP reward for iUSD,10 October 2023,3914,10-01-2024 21:45,12-10-2023 23:00
5503,442,ef500acce9b7728948264268d5807c40106c9cfc347b884efff9db46,SP reward for iUSD,10 October 2023,136633,10-01-2024 21:45,12-10-2023 23:00
5504,442,2f37e1ed677e0433a6b91609ff613f842e0a1d4ee7d3c180806bff79,SP reward for iUSD,10 October 2023,4255,10-01-2024 21:45,12-10-2023 23:00
5505,442,73064ed9d446fe559dea6a5c0484f4c4876d91e1d7442109f6815770,SP reward for iUSD,10 October 2023,522,10-01-2024 21:45,12-10-2023 23:00
5506,442,e28aba5171ad00a856677709fe5fbfb3a6e298f99c156ac780559240,SP reward for iUSD,10 October 2023,83947,10-01-2024 21:45,12-10-2023 23:00
5507,442,2fbdf41fac86b8215049143086655832bbab1c197f3768f20cd72cc6,SP reward for iUSD,10 October 2023,22687,10-01-2024 21:45,12-10-2023 23:00
5508,442,ccc25cc3789dafa8d0fd76d139cf2380bd9f2f422559672e22ce5604,SP reward for iUSD,10 October 2023,8057,10-01-2024 21:45,12-10-2023 23:00
5509,442,8a4c3daa12883c0f1497bc247769e75a9780ccf05e91a12ff2817052,SP reward for iUSD,10 October 2023,7977,10-01-2024 21:45,12-10-2023 23:00
5510,442,00dbe9c7a086b01849f3b76fc376042ab007d22aeff9fe5ad2717840,SP reward for iUSD,10 October 2023,21364,10-01-2024 21:45,12-10-2023 23:00
5511,442,8d995bf956bbf2a69b6549ca3a6830e9292b0d2641e9fa520d0f294d,SP reward for iUSD,10 October 2023,75478,10-01-2024 21:45,12-10-2023 23:00
5512,442,1741556bb8f73f9ce821d81a273de59e3cbed3ce6ae3358763709f59,SP reward for iUSD,10 October 2023,333,10-01-2024 21:45,12-10-2023 23:00
5513,442,f9f2145a4745019f15d0b21fcdd6a58e7f2e4f7b94337fd9b5c5db63,SP reward for iUSD,10 October 2023,130,10-01-2024 21:45,12-10-2023 23:00
5514,442,324b6c26b4d9b073ddcfa472805dc34452bade6de21f4c03fb2b1818,SP reward for iUSD,10 October 2023,2170,10-01-2024 21:45,12-10-2023 23:00
5515,442,246e54e96104c23bcd7d8c64e2800100761178c08c831385742f1e23,SP reward for iUSD,10 October 2023,252,10-01-2024 21:45,12-10-2023 23:00
5516,442,286ad3b19328beb1a9794af815ad8c71651a0369cd8da4aa57104735,SP reward for iUSD,10 October 2023,3294,10-01-2024 21:45,12-10-2023 23:00
5517,442,5c09e2a58cc302fffed20347693d203662ff73a13dc71dac8d322f50,SP reward for iUSD,10 October 2023,243,10-01-2024 21:45,12-10-2023 23:00
5518,442,b2d0834973ca3f26aee1f012c1b4f03cc0dcd96a5e299c62beb86237,SP reward for iUSD,10 October 2023,91,10-01-2024 21:45,12-10-2023 23:00
5519,442,9df87edb89f15cfbbc1d2bc31d67a045860d2eed2e9b5c7f81317e41,SP reward for iUSD,10 October 2023,3130,10-01-2024 21:45,12-10-2023 23:00
5520,442,57d407e152f15436acb9ae40d001d051d7dfef85f575dd739a6c85c0,SP reward for iUSD,10 October 2023,35085,10-01-2024 21:45,12-10-2023 23:00
5521,442,7a8a0ae460d6803fe27a3ee1d3b10e1f1aab38dea89b608d94f3ff19,SP reward for iUSD,10 October 2023,30126,10-01-2024 21:45,12-10-2023 23:00
5522,442,b36db24351d85ac05fecee1e3e0afd76422db67b1a8cab61b2f57f81,SP reward for iUSD,10 October 2023,125157,10-01-2024 21:45,12-10-2023 23:00
5523,442,07870a95cc8ef51c6813a07f93b76c9e920640902bf176855333a03e,SP reward for iUSD,10 October 2023,192210,10-01-2024 21:45,12-10-2023 23:00
5524,442,24be347acbb7713ebcd0f5b2b131f5d6ec0b9d48f4f142a0da648760,SP reward for iUSD,10 October 2023,2492,10-01-2024 21:45,12-10-2023 23:00
5525,442,fe305441ef512260f2c6a5a88326bff15ea41fb8d5cdf036968988f4,SP reward for iUSD,10 October 2023,31697,10-01-2024 21:45,12-10-2023 23:00
5526,442,47195e22579086e671fd58e9458f9eebe2c2ee4b099138ac0d281714,SP reward for iUSD,10 October 2023,3068,10-01-2024 21:45,12-10-2023 23:00
5527,442,cef48e82717f374be93b1e5bccad65b68e9403e57dcec8f251b35455,SP reward for iUSD,10 October 2023,73516312,10-01-2024 21:45,12-10-2023 23:00
5528,442,a53ec2197f8871174d9b194e7492463e9d6e0cd9706f088a4b803738,SP reward for iUSD,10 October 2023,6928,10-01-2024 21:45,12-10-2023 23:00
5529,442,d59bd2a7dfdda65788e0e5b5028b8af63831b832390bba330a2eee82,SP reward for iUSD,10 October 2023,1243,10-01-2024 21:45,12-10-2023 23:00
5530,442,8c734ed7e636cb450286a7ad6965ac49313d9981213aa6ec3a8c2619,SP reward for iUSD,10 October 2023,124325,10-01-2024 21:45,12-10-2023 23:00
5531,442,8d40f3075338523fa3ab3455dcc2d07d7cbd48f02186b44270367f56,SP reward for iUSD,10 October 2023,5845,10-01-2024 21:45,12-10-2023 23:00
5532,442,8707ca72180e998be7256d3ca209f1018ee51fc9f9e1d55fd1d962ae,SP reward for iUSD,10 October 2023,1663,10-01-2024 21:45,12-10-2023 23:00
5533,442,5e7faea68262c87aec85b67c123673325a4193ab39de773499af83ba,SP reward for iUSD,10 October 2023,3089249,10-01-2024 21:45,12-10-2023 23:00
5534,442,63b3889ebf65aba913b3ca44031d7b2c59b04b0727c3f2e67d52d034,SP reward for iUSD,10 October 2023,2627,10-01-2024 21:45,12-10-2023 23:00
5535,442,64a10c64f24430b1dd073fdd02d0ba3f90aedfbb56a11ebc88f31d9a,SP reward for iUSD,10 October 2023,7589,10-01-2024 21:45,12-10-2023 23:00
5536,442,929695c172f6c2841df1482161ec1a2716ee2f166c27c86b20736e71,SP reward for iUSD,10 October 2023,6108,10-01-2024 21:45,12-10-2023 23:00
5537,442,e794c8df47584e1931c1fbbc03c4375a5d895d675c337668088fcc78,SP reward for iUSD,10 October 2023,61084,10-01-2024 21:45,12-10-2023 23:00
5538,442,15e9e17482c1661f3967fe537414073da9192c7001f7b1477cea24ed,SP reward for iUSD,10 October 2023,1235700,10-01-2024 21:45,12-10-2023 23:00
5539,442,3a5c536f4deb9d98ff6e72f3ee92266964b9312d00e6230e33c218b4,SP reward for iUSD,10 October 2023,35815,10-01-2024 21:45,12-10-2023 23:00
5540,442,5174ab849efa5337d220c79f849aa39ee378cd42b3ea9a2cc55ff905,SP reward for iUSD,10 October 2023,24539,10-01-2024 21:45,12-10-2023 23:00
5541,442,b4cae3fa064ca51caef29fabac5ad516abe965e7ff23fd150a8ac4c7,SP reward for iUSD,10 October 2023,18403,10-01-2024 21:45,12-10-2023 23:00
5542,442,028e1d95bb16f9205f5b7b2f597556c72dd9c67a53663b69a5bcfd5e,SP reward for iUSD,10 October 2023,68824,10-01-2024 21:45,12-10-2023 23:00
5543,442,139bb54cd4877496dd1e6ca754a513b7ef490beb8b9eac610304b27a,SP reward for iUSD,10 October 2023,372,10-01-2024 21:45,12-10-2023 23:00
5544,442,36e7a0d0cc0aa8097eee1cb2c052221d192467310c3fe0964b2f24df,SP reward for iUSD,10 October 2023,1630,10-01-2024 21:45,12-10-2023 23:00
5545,442,d5783eeb99454513796d07833a55b33d041157aa2557f641d50b7f13,SP reward for iUSD,10 October 2023,80,10-01-2024 21:45,12-10-2023 23:00
5546,442,50799f7dba5923c0dbfdba5aab54eb247df7039b260be7fb579b0aa0,SP reward for iUSD,10 October 2023,0,10-01-2024 21:45,12-10-2023 23:00
5547,442,19c1be2fd0ce6e32cde0185dd60a56edc288d8de6243c1ca4e569f51,SP reward for iUSD,10 October 2023,16,10-01-2024 21:45,12-10-2023 23:00
5548,442,a33c563393379855e9b6f66e6830ceac659fac8982b06d4128b21722,SP reward for iUSD,10 October 2023,9539,10-01-2024 21:45,12-10-2023 23:00
5549,442,a2b2868b4ed8cb7d64c181d43729fc2d1ee6349d19244491006b16d1,SP reward for iUSD,10 October 2023,4088,10-01-2024 21:45,12-10-2023 23:00
5550,442,0dbb67ed102393b0bf27cb9d1c2f8f83ad7a9f1689904879a5191c92,SP reward for iUSD,10 October 2023,301353,10-01-2024 21:45,12-10-2023 23:00
5551,442,bc6c5a27cb024bb39c7f0ef9881e65e226e1b89f6e481fc2665718d3,SP reward for iUSD,10 October 2023,246566,10-01-2024 21:45,12-10-2023 23:00
5552,442,fba0d2c2242bf4794c16df6438f63a677f173b53f5e57c3646431f3e,SP reward for iUSD,10 October 2023,303,10-01-2024 21:45,12-10-2023 23:00
5553,442,d9467aa8366e0043e34e255d5aed0241df4a8ea3d53498fb3c4e6be2,SP reward for iUSD,10 October 2023,9105,10-01-2024 21:45,12-10-2023 23:00
5554,442,206d7694ee3d2734f453414972c1758f1462fd8aa3366c7a3dc1f8b8,SP reward for iUSD,10 October 2023,16682,10-01-2024 21:45,12-10-2023 23:00
5555,442,3320216f1ae5b4d1bb1fe4912b28facd2e7cda8774f16d51f12b9824,SP reward for iUSD,10 October 2023,1669225,10-01-2024 21:45,12-10-2023 23:00
5556,442,243143a1edf725605b078e3660ccf3ef4811e54ce8d70b04ae15a4b0,SP reward for iUSD,10 October 2023,884,10-01-2024 21:45,12-10-2023 23:00
5557,442,e7dc57922d735adaed887f06044db8b95f9cb86031d73b266028572b,SP reward for iUSD,10 October 2023,274,10-01-2024 21:45,12-10-2023 23:00
5558,442,508757f097d3f23cb9e51cc9d35a550b2f2f9bedea6326229950647f,SP reward for iUSD,10 October 2023,1714,10-01-2024 21:45,12-10-2023 23:00
5559,442,e0a5fe8d81c61f33e7b47c1a5b07c02ca836cd80b91e2ce18e088db3,SP reward for iUSD,10 October 2023,161646,10-01-2024 21:45,12-10-2023 23:00
5560,442,67269b7b7c3eeba5e7fbc3101a98137e5a61b9b355bfa57ec2d3f60d,SP reward for iUSD,10 October 2023,1119434,10-01-2024 21:45,12-10-2023 23:00
5561,442,2d7f83bee28f29bf82eb41de3d59674e71af6a2faf3cce9eb95d6026,SP reward for iUSD,10 October 2023,28302,10-01-2024 21:45,12-10-2023 23:00
5562,442,45205288ff65fd218fb46790846d21c21e6c17a2935357aab294786e,SP reward for iUSD,10 October 2023,296,10-01-2024 21:45,12-10-2023 23:00
5563,442,451fe314c4e9a41bb5804455fb4057afc1cbf2b74cde2d3d737b3354,SP reward for iUSD,10 October 2023,81039,10-01-2024 21:45,12-10-2023 23:00
5564,442,6b1b3b6c653239a344063df53c885e3bb0aa463431a7a52b1d218c46,SP reward for iUSD,10 October 2023,158298,10-01-2024 21:45,12-10-2023 23:00
5565,442,e1adb2d62927f4ad62b82d8593808a9a3bbd446521e91d72286b9a41,SP reward for iUSD,10 October 2023,404811,10-01-2024 21:45,12-10-2023 23:00
5566,442,bbc6d8e0a8f8fa47238a3df22e1b9a0e39a0de2330ba5b49d69a6bc0,SP reward for iUSD,10 October 2023,29541,10-01-2024 21:45,12-10-2023 23:00
5567,442,73a2384cb145aa11ef7c996728c5715f87b007368e1a4769853927ee,SP reward for iUSD,10 October 2023,35131902,10-01-2024 21:45,12-10-2023 23:00
5568,442,264b3be253f8b7ded1b7c01a483256379777df963ce59e49167e95d4,SP reward for iUSD,10 October 2023,53734,10-01-2024 21:45,12-10-2023 23:00
5569,442,97e4d04ae43b647e81b6329013697a1417c167be759ae49780568c76,SP reward for iUSD,10 October 2023,482100,10-01-2024 21:45,12-10-2023 23:00
5570,442,bb0f5b12be7e2bcd62cdd47940f17714a1f71a29d865e9fef823caac,SP reward for iUSD,10 October 2023,166690,10-01-2024 21:45,12-10-2023 23:00
5571,442,289cee24fb86dd5d5b6f02c8ca80397e03fa83c086d6e698e3ec330b,SP reward for iUSD,10 October 2023,604,10-01-2024 21:45,12-10-2023 23:00
5572,442,543dbea1a4955e257d3568d640b1ceeeefcad09e2cf93f16c15e49d4,SP reward for iUSD,10 October 2023,14592,10-01-2024 21:45,12-10-2023 23:00
5573,442,b2cd3ac1116b5d4d2634eb51a832f9c99dd03abe51b9e05f463bde68,SP reward for iUSD,10 October 2023,175820,10-01-2024 21:45,12-10-2023 23:00
5574,442,405966152e910c43c45f1d21d8420d7ce66c604b9750824741970780,SP reward for iUSD,10 October 2023,10491,10-01-2024 21:45,12-10-2023 23:00
5575,442,752ca73ddf1be8dffa36de008da3efa547f9b96354198896f5961e0e,SP reward for iUSD,10 October 2023,18632,10-01-2024 21:45,12-10-2023 23:00
5576,442,d70718d3e1db70560f6ed8698916bf4fb99ef5f0b7b013b3dd35c115,SP reward for iUSD,10 October 2023,26402,10-01-2024 21:45,12-10-2023 23:00
5577,442,c2ad2086100a4240ecbb70a1c93699235750bed5cc26d56a6220c67f,SP reward for iUSD,10 October 2023,91196,10-01-2024 21:45,12-10-2023 23:00
5578,442,3350a1cb0110a5855f289a0738fdbe0c00c07cf748fd5f5cdf1aa63b,SP reward for iUSD,10 October 2023,78458,10-01-2024 21:45,12-10-2023 23:00
5579,442,4613c7a03b53d3a7de1991289304d848749b9602fb602bab2ed697cd,SP reward for iUSD,10 October 2023,555767,10-01-2024 21:45,12-10-2023 23:00
5580,442,9cc6a5c39d7b0a317daf1c2ac03e490912585b884ac4d922a146117b,SP reward for iUSD,10 October 2023,374021,10-01-2024 21:45,12-10-2023 23:00
5581,442,b7169d51b139306b85aea0b9bf1707d56250572cc8cae113a846a4c5,SP reward for iUSD,10 October 2023,86075,10-01-2024 21:45,12-10-2023 23:00
5582,442,ad47602fd2e1cb7a8f94dd6aa26b927b7006651f8e87123d60386c0e,SP reward for iUSD,10 October 2023,81022,10-01-2024 21:45,12-10-2023 23:00
5583,442,6c348312a0608ec6032c6b58e8570d4eb54a6792e95185b661ecd19e,SP reward for iUSD,10 October 2023,50587,10-01-2024 21:45,12-10-2023 23:00
5584,442,edf2a7b7d47e681123613e5c8c2162dff732ab5c2785a55964344b81,SP reward for iUSD,10 October 2023,112198,10-01-2024 21:45,12-10-2023 23:00
5585,442,93a04efb87bfe0561564998c38839778443fa52b4ed501ae02a77866,SP reward for iUSD,10 October 2023,0,10-01-2024 21:45,12-10-2023 23:00
5586,442,7cd8f3d5d95127141e5843ab2818de72f85efb9e7b8a1cf847e794c4,SP reward for iUSD,10 October 2023,222344,10-01-2024 21:45,12-10-2023 23:00
5587,442,af350112892e7a6b63800ac394548afe1112c24355369c587acc65f3,SP reward for iUSD,10 October 2023,24997,10-01-2024 21:45,12-10-2023 23:00
5588,442,3adcdfb9ffd10f6fe6e9729057aeea9415faf43c87222f70a79b427e,SP reward for iUSD,10 October 2023,225612,10-01-2024 21:45,12-10-2023 23:00
5589,442,ef375afc54458f274bd07dec902e981a581fb46d4ab6d996e40b5bb0,SP reward for iUSD,10 October 2023,595062,10-01-2024 21:45,12-10-2023 23:00
5590,442,c8ca667b94b226c0400fc4f3f8ce935ef841edd752b09fbf28b1cb16,SP reward for iUSD,10 October 2023,2006,10-01-2024 21:45,12-10-2023 23:00
5591,442,cda0141ed9eedd491c294cf9e57b08aed8604c91efc11353b4f630ce,SP reward for iUSD,10 October 2023,71122,10-01-2024 21:45,12-10-2023 23:00
5592,442,6a22c66b1ac47584e99999b61de170878547bb5a6b87946a6f1e018e,SP reward for iUSD,10 October 2023,21309,10-01-2024 21:45,12-10-2023 23:00
5593,442,31ac5363f5d3b6bc5ee0a10aac24f82fb0417a1e53f318833cb34c9b,SP reward for iUSD,10 October 2023,40762,10-01-2024 21:45,12-10-2023 23:00
5594,442,a4bb846ef68110900c05f24352c1648db506ec921bf6011e61e01684,SP reward for iUSD,10 October 2023,32572,10-01-2024 21:45,12-10-2023 23:00
5595,442,6a24d71337297e197a1427892b2c50f5474749fe1b7e73ade6465ab2,SP reward for iUSD,10 October 2023,311653,10-01-2024 21:45,12-10-2023 23:00
5596,442,c91490adde7feb9e01721f33e1ab60e2002bef0b62a0e83a759ff983,SP reward for iUSD,10 October 2023,5944,10-01-2024 21:45,12-10-2023 23:00
5597,442,251afb45009e8cdcc4d95ce402b280fd11751704e540c5c12c5d293c,SP reward for iUSD,10 October 2023,10555,10-01-2024 21:45,12-10-2023 23:00
5598,442,30179de3ec968f9071cb72762baf87ba795033e3555f72da413ff06a,SP reward for iUSD,10 October 2023,74718,10-01-2024 21:45,12-10-2023 23:00
5599,442,103a18c8b3b964841f73d52e0c579fc88f335d20d9c8d7f4de033b3e,SP reward for iUSD,10 October 2023,201299,10-01-2024 21:45,12-10-2023 23:00
5600,442,7bfcb0b4a3974232c21fe4440a2befb5aff58093e9582c9d447c1e0d,SP reward for iUSD,10 October 2023,541660,10-01-2024 21:45,12-10-2023 23:00
5601,442,987894dea0f7cedc976ab26c7384a072f94d38778f876730df6cf3a8,SP reward for iUSD,10 October 2023,453983,10-01-2024 21:45,12-10-2023 23:00
5602,442,a61e01183e93a2bd0cb1ee515fe8c652c33404cb1643c0bb5867cd63,SP reward for iUSD,10 October 2023,2086,10-01-2024 21:45,12-10-2023 23:00
5603,442,23d5170dffbfa8d5cf6534cd1c06d52d6d2e8819b7914995fa9a94f4,SP reward for iUSD,10 October 2023,0,10-01-2024 21:45,12-10-2023 23:00
5604,442,aa8b22272df60f8f0e8fbd918edcff8e2d6a061abfd0510712964da3,SP reward for iUSD,10 October 2023,25258,10-01-2024 21:45,12-10-2023 23:00
5605,442,6f55a9d74db68134d952107df81bfffdec92fed808885f29e3ab39b1,SP reward for iUSD,10 October 2023,25913,10-01-2024 21:45,12-10-2023 23:00
5606,442,3264b50776f1384d46195e028a333fa715897338efed324854bfbd3f,SP reward for iUSD,10 October 2023,166338,10-01-2024 21:45,12-10-2023 23:00
5607,442,002079cd2c353aff567679318c7a4929fe774847c4ee46328ad550ea,SP reward for iUSD,10 October 2023,530528,10-01-2024 21:45,12-10-2023 23:00
5608,442,100747c195d12e8e0c443c5eaf99c8ae8329642720d9f923d6e644fd,SP reward for iUSD,10 October 2023,1252954,10-01-2024 21:45,12-10-2023 23:00
5609,442,e40d6449d63880f6344b1e200dd7e1fba9de3658785727f47247e106,SP reward for iUSD,10 October 2023,1682820,10-01-2024 21:45,12-10-2023 23:00
5610,442,8c738aba609903d995a789c5cde7e59510858da191c3fca173d8ecc8,SP reward for iUSD,10 October 2023,124031,10-01-2024 21:45,12-10-2023 23:00
5611,442,ae8cd1b8b6b4d6219985afb80a2acdb275eff59f4e1cf94ec01c08dd,SP reward for iUSD,10 October 2023,34325,10-01-2024 21:45,12-10-2023 23:00
5612,442,202a05658b2d4f335ac72de9060a6c71c91ccff518723d7fd614899c,SP reward for iUSD,10 October 2023,186796,10-01-2024 21:45,12-10-2023 23:00
5613,442,53d081f4e3093d26ce758b5b34fbdb4f9a838aae83e7257cc8fc5d59,SP reward for iUSD,10 October 2023,3736,10-01-2024 21:45,12-10-2023 23:00
5614,442,810fa90e5670a736eb92bbee8bc538bd6e641667ba73afe3e74f8046,SP reward for iUSD,10 October 2023,2442,10-01-2024 21:45,12-10-2023 23:00
5615,442,ccf0463efcfc0be16312d889a485c827392edb4bf32af4b43af4aad5,SP reward for iUSD,10 October 2023,6408,10-01-2024 21:45,12-10-2023 23:00
5616,442,1c9a3d3314df62b223b8683be48cf9dfd5359058cb23851f8fcff4d9,SP reward for iUSD,10 October 2023,2969,10-01-2024 21:45,12-10-2023 23:00
5617,442,b844eda8d8b99c58609f090d3156ef91488778e92501e1154e797492,SP reward for iUSD,10 October 2023,57567,10-01-2024 21:45,12-10-2023 23:00
5618,442,03eff44005d2c091c2647b45a89f9fe5b0ecea143c4e954cfc2dcedc,SP reward for iUSD,10 October 2023,252,10-01-2024 21:45,12-10-2023 23:00
5619,442,864f7a3b00ec7f36857c76b97cb1b32ea61360522085426dac6de657,SP reward for iUSD,10 October 2023,37716,10-01-2024 21:45,12-10-2023 23:00
5620,442,c56ae41f6148d38ef6528fcaad635917d659e7896dbe4ed9734be7aa,SP reward for iUSD,10 October 2023,9291,10-01-2024 21:45,12-10-2023 23:00
5621,442,d203a585d517315ef60b563878acfd72bd9ba9bd458d8c432ba53f7f,SP reward for iUSD,10 October 2023,27653,10-01-2024 21:45,12-10-2023 23:00
5622,442,73c236c3e865c9a4e66c7262f739b777bab078cbcece1f9d2e413dfb,SP reward for iUSD,10 October 2023,154585,10-01-2024 21:45,12-10-2023 23:00
5623,442,ad7fe2d8b9b3cf82a37e9633c0e48784f788f352c5314d5a5e20bf08,SP reward for iUSD,10 October 2023,9172,10-01-2024 21:45,12-10-2023 23:00
5624,442,e122dfae82cf0dc0f672851fd0051a019fb7cf74edafc30443e2faa4,SP reward for iUSD,10 October 2023,373592,10-01-2024 21:45,12-10-2023 23:00
5625,442,228f7a0a9cf92326f01761f7311eea4f14bab84d35f9222b4900d312,SP reward for iUSD,10 October 2023,236392,10-01-2024 21:45,12-10-2023 23:00
5626,442,8bb9c1842b5df8a44359e65982adb4d2a7d0cb745a2b8488592e3d9f,SP reward for iUSD,10 October 2023,22222,10-01-2024 21:45,12-10-2023 23:00
5627,442,ca9ad9d3aa303cf4205c00bd707881b0dcd2807816e5a6ad59134aa7,SP reward for iUSD,10 October 2023,76880,10-01-2024 21:45,12-10-2023 23:00
5628,442,a66f3589c69139fbd204ad42b34a70b65dba7834ce7641ae649c5171,SP reward for iUSD,10 October 2023,409361,10-01-2024 21:45,12-10-2023 23:00
5629,442,9a48d764ff4b8117da0b37be0f132e319dbb672f9f30a4f136cfe89f,SP reward for iUSD,10 October 2023,58224,10-01-2024 21:45,12-10-2023 23:00
5630,442,fc5543c66855df3872fc1c6bedbd95bb592feb158a7656d0964358b1,SP reward for iUSD,10 October 2023,4215,10-01-2024 21:45,12-10-2023 23:00
5631,442,96fcd31985e22ce4ab339cd92f94a5e54e5ddb4880f0a3a6c6ccb2f5,SP reward for iUSD,10 October 2023,15067,10-01-2024 21:45,12-10-2023 23:00
5632,442,fe822c00f04e3ae7c0c0f92523e6f644645db628621f17a25e88642f,SP reward for iUSD,10 October 2023,29429,10-01-2024 21:45,12-10-2023 23:00
5633,442,75ee02775bcf62517779f638a4184d62ebedc4da72d555aceed1e655,SP reward for iUSD,10 October 2023,637609,10-01-2024 21:45,12-10-2023 23:00
5634,442,5a3d4f39ee17e2b67b6dd93ba71379a098b16f5f1839a069ce9533f4,SP reward for iUSD,10 October 2023,226662,10-01-2024 21:45,12-10-2023 23:00
5635,442,eab5d00ea8449574401c05c7cd7df84d919c9e88b816a262e3a9dbbc,SP reward for iUSD,10 October 2023,340693,10-01-2024 21:45,12-10-2023 23:00
5636,442,b178ffc093995ed4f92326da8cbbae25832bd1c723b4897435ae3ee3,SP reward for iUSD,10 October 2023,38214,10-01-2024 21:45,12-10-2023 23:00
5637,442,4046d7935086947d2c6dba7e4e5f0db6f8fb72f945d1c1f992ab6c9d,SP reward for iUSD,10 October 2023,229,10-01-2024 21:45,12-10-2023 23:00
5638,442,5277d320e4e981971f75599c3c15bc0abebbdb6aea9cbadccb16bff1,SP reward for iUSD,10 October 2023,44239,10-01-2024 21:45,12-10-2023 23:00
5639,442,6c3942ed244be5b4dbb74591d7ea4e7c1aec07ed88ef81b678cac0d9,SP reward for iUSD,10 October 2023,150046,10-01-2024 21:45,12-10-2023 23:00
5640,442,eb7a0af8677832e487f154e7cb7483878208fc5f4bf6cc1ebd63656d,SP reward for iUSD,10 October 2023,21920,10-01-2024 21:45,12-10-2023 23:00
5641,442,eaec8a1a356ed27fb30ce01dca32e642e85c0c7e0c330aa3b5e6143d,SP reward for iUSD,10 October 2023,53798,10-01-2024 21:45,12-10-2023 23:00
5642,442,8349a2fcec7eba3f55e7f7b603f0f2bdf932405669b4b42bca49cad9,SP reward for iUSD,10 October 2023,3737,10-01-2024 21:45,12-10-2023 23:00
5643,442,350370eb8dce8178f824b16c34a1df2ee956a3b488e0890d40e4256d,SP reward for iUSD,10 October 2023,18684,10-01-2024 21:45,12-10-2023 23:00
5644,442,9085a048fd190f237c52943ac271b9b78042747efb1cd553d6e54f4f,SP reward for iUSD,10 October 2023,139373,10-01-2024 21:45,12-10-2023 23:00
5645,442,b1428eb9701f0ebc77e97ea2f7fcb5b6960513c2000db36db80ee52c,SP reward for iUSD,10 October 2023,864,10-01-2024 21:45,12-10-2023 23:00
5646,442,58c052676fe5b1cd52fda1ba62bbdabef2b3f261258e1fcfaa4df833,SP reward for iUSD,10 October 2023,69845,10-01-2024 21:45,12-10-2023 23:00
5647,442,1215c650198e8fe85528c3640a864a2b9202f1fdbc5a63e3c7663db5,SP reward for iUSD,10 October 2023,9584,10-01-2024 21:45,12-10-2023 23:00
5648,442,2954f74123faee312835907b70036cd8086ef1552b1cf04161413269,SP reward for iUSD,10 October 2023,31778,10-01-2024 21:45,12-10-2023 23:00
5649,442,e4140e7cad203c8a050cbc966735f5eaa1110e1719040b5ec18ccdb6,SP reward for iUSD,10 October 2023,1255,10-01-2024 21:45,12-10-2023 23:00
5650,442,8fee6a42565c9c1ebe2fb3caf8c3f6590df4a8aa40aa37fd672605dd,SP reward for iUSD,10 October 2023,20242,10-01-2024 21:45,12-10-2023 23:00
5651,442,bc12846dfe29fb17207d6e11b98fdda7201679227d46d744de5574e8,SP reward for iUSD,10 October 2023,106810,10-01-2024 21:45,12-10-2023 23:00
5652,442,58752f54a31c2eac27269cda36bf0091016a21b4bf6f65f678eb4e3a,SP reward for iUSD,10 October 2023,175976,10-01-2024 21:45,12-10-2023 23:00
5653,442,144a91af110e1f266e04a5fc28a41d897523570b8c8ca12724be3b64,SP reward for iUSD,10 October 2023,25704,10-01-2024 21:45,12-10-2023 23:00
5654,442,5f7d1aba60a090039edbb0294ccb27d3617a8827396b292ee49dec9f,SP reward for iUSD,10 October 2023,79156,10-01-2024 21:45,12-10-2023 23:00
5655,442,df14eb586b1cc9bd64d32ddab4f401239ce21622474b22ba83193f29,SP reward for iUSD,10 October 2023,0,10-01-2024 21:45,12-10-2023 23:00
5656,442,826d2683285bc4a4de68fc10eb78f2631371f48a5d4c0af654badda0,SP reward for iUSD,10 October 2023,366155,10-01-2024 21:45,12-10-2023 23:00
5657,442,9c8aec49d745d235f31947cec55e7d22010df0d07bbe94e7b7b4d18b,SP reward for iUSD,10 October 2023,2202855,10-01-2024 21:45,12-10-2023 23:00
5658,442,7c5a3ffd4843cf9bb750918cb453a87e71b3b21d63b02dd45dd3ea31,SP reward for iUSD,10 October 2023,137649,10-01-2024 21:45,12-10-2023 23:00
5659,442,17d3378cdb60f18ebad70aab20bf4be3fe7415602c2e07313297aa35,SP reward for iUSD,10 October 2023,186939,10-01-2024 21:45,12-10-2023 23:00
5660,442,bfecbbfaf133076c576cf705b8472cd12b28dbfa5d1bc7a48e9838a0,SP reward for iUSD,10 October 2023,19057,10-01-2024 21:45,12-10-2023 23:00
5661,442,d1b4a2e733c66382f3c60bf7a43803b57e44c07d5efe87bf8c4185ee,SP reward for iUSD,10 October 2023,142415,10-01-2024 21:45,12-10-2023 23:00
5662,442,497d04574667e0eaaa3beefd2d3896e6b177c7d8bb445542ba371204,SP reward for iUSD,10 October 2023,29542,10-01-2024 21:45,12-10-2023 23:00
5663,442,19c87ada5b44424a2f54fdd13b556f9306ef9f1356359c57581abd4f,SP reward for iUSD,10 October 2023,60279,10-01-2024 21:45,12-10-2023 23:00
5664,442,8f231e37853682192e02aa25cd60ee701aab8248646a396ebaa67234,SP reward for iUSD,10 October 2023,374,10-01-2024 21:45,12-10-2023 23:00
5665,442,1f7ef810b5dc6ec53922eb17e910a74c3b343b9117c51d4cac82cd88,SP reward for iUSD,10 October 2023,30903,10-01-2024 21:45,12-10-2023 23:00
5666,442,c12e9cc03830ebd3539ff3f6cec70e37fa4d9654ca7b19f3e92add09,SP reward for iUSD,10 October 2023,275,10-01-2024 21:45,12-10-2023 23:00
5667,442,f4111bbae46475ee2fe4ddcc9b4e56b6bde1b12464cf0ffd1da01dbe,SP reward for iUSD,10 October 2023,34002,10-01-2024 21:45,12-10-2023 23:00
5668,442,1d7973ee2e656a214ebd66635ffc5f28ea4b76cd155316ac258d737f,SP reward for iUSD,10 October 2023,0,10-01-2024 21:45,12-10-2023 23:00
5669,442,4482822ba84d47736ecfc0a9647e3d1f6114b32f6bc944ceb6c67b13,SP reward for iUSD,10 October 2023,191972,10-01-2024 21:45,12-10-2023 23:00
5670,442,24c0af03702aca77635142b03003971246b68cd205c38c495b4b39de,SP reward for iUSD,10 October 2023,72321,10-01-2024 21:45,12-10-2023 23:00
5671,442,47a70e7e1e30fa7879992e6d45818928c30ae913cbebafaab2ce71f1,SP reward for iUSD,10 October 2023,1667,10-01-2024 21:45,12-10-2023 23:00
5672,442,82f241eb5dadcc19e9990f85c9e7a93bb655b2c07ed3fe375509b417,SP reward for iUSD,10 October 2023,28849,10-01-2024 21:45,12-10-2023 23:00
5673,442,f3820b9d2e1ff6bc15652ffbc01346225e9d3f5c06adeb77b316f12a,SP reward for iUSD,10 October 2023,46705,10-01-2024 21:45,12-10-2023 23:00
5674,442,2387805ec55905b81396a1744734c4695abaaf620a73e88092018f58,SP reward for iUSD,10 October 2023,72718,10-01-2024 21:45,12-10-2023 23:00
5675,442,cee88901cf864fa86dc84f90f43ef51a081d79457173b1a9c5f5163b,SP reward for iUSD,10 October 2023,4333,10-01-2024 21:45,12-10-2023 23:00
5676,442,ddf0645e036c907d05ea30c896a7412ac7fbe1e0e6cd009a9cc1a28d,SP reward for iUSD,10 October 2023,0,10-01-2024 21:45,12-10-2023 23:00
5677,442,597f95da769ea4d957262de8280c653109cb3b72d5ebf25e894a16e0,SP reward for iUSD,10 October 2023,1,10-01-2024 21:45,12-10-2023 23:00
5678,442,17abbdbbee649dac78243c157c3238f34b9368e0e7d2c0232951484c,SP reward for iUSD,10 October 2023,1629,10-01-2024 21:45,12-10-2023 23:00
5679,442,10a2ea055b227f1d48a0a462ca6048f82693653fdb534eb7cd3ca654,SP reward for iUSD,10 October 2023,129762,10-01-2024 21:45,12-10-2023 23:00
5680,442,514ec5e427280c6bca6a0d79dea12bc793673a7241ba8f6f982a542e,SP reward for iUSD,10 October 2023,103048,10-01-2024 21:45,12-10-2023 23:00
5681,442,a3f63e4cbce10a5560a60dc4c7360da433b03e596e9c61f507eec809,SP reward for iUSD,10 October 2023,82914,10-01-2024 21:45,12-10-2023 23:00
5682,442,1d7f38bdc1dd27e154b6b85e01488580a1be8da0e3e24379c3c41ed5,SP reward for iUSD,10 October 2023,19777,10-01-2024 21:45,12-10-2023 23:00
5683,442,67806817b5a6f5deab56bebd3cb40fe54b33e574c929f66038694808,SP reward for iUSD,10 October 2023,5463,10-01-2024 21:45,12-10-2023 23:00
5684,442,8cbda1c576e20477e63a5b48625b91411ca4ed1c0fe3049792af6647,SP reward for iUSD,10 October 2023,689,10-01-2024 21:45,12-10-2023 23:00
5685,442,e56d333d5f95252d68f7c7bb93abb5597fdb6e7853fd3b391a2896fe,SP reward for iUSD,10 October 2023,80878,10-01-2024 21:45,12-10-2023 23:00
5686,442,1434b0f9b0d42bdfe065dfbde6089def626c28128e2b25234b8409db,SP reward for iUSD,10 October 2023,93664,10-01-2024 21:45,12-10-2023 23:00
5687,442,6bd530b62ab7384bb1c3587cf52c29ee1e58a8f10abe719db749b887,SP reward for iUSD,10 October 2023,3912,10-01-2024 21:45,12-10-2023 23:00
5688,442,e78c4eb4ec3e852b78f8540a7ff65767451cbf7601c4e6a9c4c97d52,SP reward for iUSD,10 October 2023,254550,10-01-2024 21:45,12-10-2023 23:00
5689,442,8882040c52f06ec0ddbb69b43fb12ff177a723f1a87ba44bdb783729,SP reward for iUSD,10 October 2023,784,10-01-2024 21:45,12-10-2023 23:00
5690,442,e4833eff5469ddeeaf0fbd065ad976676be56e8cd67c04526d51c495,SP reward for iUSD,10 October 2023,68679,10-01-2024 21:45,12-10-2023 23:00
5691,442,cd86c7001be335cb5ba746ee9c7b23758eff240e67ae44b4af9f3f85,SP reward for iUSD,10 October 2023,37645,10-01-2024 21:45,12-10-2023 23:00
5692,442,f2a6c0d4cf8b5d29ef1a526543844df74f48e57a723f8dc3aa7d0700,SP reward for iUSD,10 October 2023,3937,10-01-2024 21:45,12-10-2023 23:00
5693,442,e599429457c61531f5ec659442d7e430dc2e1c6152944d6815f4b064,SP reward for iUSD,10 October 2023,746271,10-01-2024 21:45,12-10-2023 23:00
5694,442,2e354a08d7d9618ca9e97625081ec5af50e35ce1ce91aea6081dbb1b,SP reward for iUSD,10 October 2023,8232,10-01-2024 21:45,12-10-2023 23:00
5695,442,af28fb0c496ec12e14bd2b811c3e0b14af9b5f18832209c9403015b3,SP reward for iUSD,10 October 2023,16887,10-01-2024 21:45,12-10-2023 23:00
5696,442,4f3e26f997727f545315520c7ebea39f54580a528754927778354dee,SP reward for iUSD,10 October 2023,162937,10-01-2024 21:45,12-10-2023 23:00
5697,442,e04ad9f221db058997b74653494041917fe1e69e2b9cb027132bf88b,SP reward for iUSD,10 October 2023,0,10-01-2024 21:45,12-10-2023 23:00
5698,442,a3ad69669ecee78b25f6b796d095ca691912481c72cc3ff42ee41ed1,SP reward for iUSD,10 October 2023,61245,10-01-2024 21:45,12-10-2023 23:00
5699,442,dc4f211e154e0a1994da4d0ff78ab6940da37643026fd55640b37266,SP reward for iUSD,10 October 2023,8669,10-01-2024 21:45,12-10-2023 23:00
5700,442,0f74ede103adb7050c0ec12533911dc20b449e1ce9b1e7b19c773f82,SP reward for iUSD,10 October 2023,6152,10-01-2024 21:45,12-10-2023 23:00
5701,442,bc74633bac550bbadaf788c0d83c68087a119dbdd4f75bbde49f154a,SP reward for iUSD,10 October 2023,60770,10-01-2024 21:45,12-10-2023 23:00
5702,442,20dbc91dd83004def0b7b5ee1073d012cd8369571bba1892e37990fe,SP reward for iUSD,10 October 2023,156675,10-01-2024 21:45,12-10-2023 23:00
5703,442,f549c4dfa45a19b8a0ac22a24f491e30cba260e71eb526031e21b7c2,SP reward for iUSD,10 October 2023,194280,10-01-2024 21:45,12-10-2023 23:00
5704,442,8f949023bd7eaa7f381c2ad298b345b7750cf9d04a1f53d0adcab6c2,SP reward for iUSD,10 October 2023,22554,10-01-2024 21:45,12-10-2023 23:00
5705,442,96278b46637b84faf5c2e4d79ca1c3034721972ac784030cdd2f2fe8,SP reward for iUSD,10 October 2023,74991,10-01-2024 21:45,12-10-2023 23:00
5706,442,16acc855c03e081be1599b86632c5fe8ab630fb3f656a018c206ee8a,SP reward for iUSD,10 October 2023,29151,10-01-2024 21:45,12-10-2023 23:00
5707,442,faaf89a26e9d1a69134ad6d814176639b0eda359e7a43ab21934ccd8,SP reward for iUSD,10 October 2023,56997,10-01-2024 21:45,12-10-2023 23:00
5708,442,9d9c672d1261ac30b4605678f451ccda8f90a1cce1633b4fee0f92bd,SP reward for iUSD,10 October 2023,112718,10-01-2024 21:45,12-10-2023 23:00
5709,442,24e2a220f53ccd6ea5908cb441244f1bc2821a24044e2cc0dfb8a241,SP reward for iUSD,10 October 2023,13,10-01-2024 21:45,12-10-2023 23:00
5710,442,ef9de691f4e2a8a57504a10dc805a8e20ab0cf9e2906769420f3aea9,SP reward for iUSD,10 October 2023,5718,10-01-2024 21:45,12-10-2023 23:00
5711,442,80e6c7de0d6efe91cf577b5502f0f7f9fcb5225d49fab2d74cf0cdc7,SP reward for iUSD,10 October 2023,274692,10-01-2024 21:45,12-10-2023 23:00
5712,442,7b2c3d7b795d7cb692b32fe35662bf0c1dc7844185e2af3ee0b3a7eb,SP reward for iUSD,10 October 2023,40239,10-01-2024 21:45,12-10-2023 23:00
5713,442,4e6357b65b3479d5e94963c01f5b6eca88a030a35fd9851dd3b648f3,SP reward for iUSD,10 October 2023,280298,10-01-2024 21:45,12-10-2023 23:00
5714,442,2674b6d8b52070036fd0f1b28a35cd2bac3c079bba31a3fba4e97276,SP reward for iUSD,10 October 2023,47051,10-01-2024 21:45,12-10-2023 23:00
5715,442,df7f42a4594781aabfc866f3baac1486457f32ea8981c17d0f991831,SP reward for iUSD,10 October 2023,3737,10-01-2024 21:45,12-10-2023 23:00
5716,442,8dc87d03f862104a9117247e414f007ea8167226f52de0eed6ccdbfc,SP reward for iUSD,10 October 2023,139948,10-01-2024 21:45,12-10-2023 23:00
5717,442,ac293f8851bccc597d9f23b7b76bb9afca7bf65e42c93fd9e51ebadb,SP reward for iUSD,10 October 2023,0,10-01-2024 21:45,12-10-2023 23:00
5718,442,c9e01dc055bd66469fa16356f9912c27f82caec0bc33240e9ff61f30,SP reward for iUSD,10 October 2023,110998,10-01-2024 21:45,12-10-2023 23:00
5719,442,b4502587636550a7424c0caf9198bb9a64edd628d422268535f103c4,SP reward for iUSD,10 October 2023,126013,10-01-2024 21:45,12-10-2023 23:00
5720,442,7d976df39c7d42ad6ec5309c5930812d1bee7ef3c716066aea81d8ce,SP reward for iUSD,10 October 2023,56236,10-01-2024 21:45,12-10-2023 23:00
5721,442,ec39d10b072cdc5297cdf1683465556b81d641cdd07fad63ae4fcdd0,SP reward for iUSD,10 October 2023,46716,10-01-2024 21:45,12-10-2023 23:00
5722,442,adfa05b38e47fd0dd027217e2e2b26c8bbeef24b73ac056cd653e96a,SP reward for iUSD,10 October 2023,58368,10-01-2024 21:45,12-10-2023 23:00
5723,442,d20b12211611481db8e256e2b04dea47a8cfd875086c6d7a610788e7,SP reward for iUSD,10 October 2023,89709,10-01-2024 21:45,12-10-2023 23:00
5724,442,c89452591e9f783896d9cf6b5b340aac2001d25133f0a9e8df28a0ab,SP reward for iUSD,10 October 2023,122996,10-01-2024 21:45,12-10-2023 23:00
5725,442,50d250e7e540d5c12595729616d0dbbfbbe12ab4060c6a33cf768715,SP reward for iUSD,10 October 2023,29898,10-01-2024 21:45,12-10-2023 23:00
5726,442,49d1c05ce83ea5dfd6abad09021caf4c5806f207ba657091c46a501b,SP reward for iUSD,10 October 2023,12338,10-01-2024 21:45,12-10-2023 23:00
5727,442,422352cc2e0da85c78a0e09b09dfaa78719da049e1be30f81c917cb3,SP reward for iUSD,10 October 2023,35504,10-01-2024 21:45,12-10-2023 23:00
5728,442,387700ae4dfdf8a65b70d7ff59f155f1ee30d2f7e2483337f6d0782d,SP reward for iUSD,10 October 2023,82164,10-01-2024 21:45,12-10-2023 23:00
5729,442,df56067ead947725fb7502ac74c457e8852933f6ef28c7c455236207,SP reward for iUSD,10 October 2023,17462,10-01-2024 21:45,12-10-2023 23:00
5730,442,5b1931f083d9a8fe8fd2ee68265df2ebfa5cb6d3cde6833c60a5aeb8,SP reward for iUSD,10 October 2023,73095,10-01-2024 21:45,12-10-2023 23:00
5731,442,76dbab8dc974000bd173ef0593fa4e50aae01be6e13a19f1dd9cae55,SP reward for iUSD,10 October 2023,83510,10-01-2024 21:45,12-10-2023 23:00
5732,442,5d9de15a9e526c04fba22b12118560b4c7aee4f3bee35e23431b05f0,SP reward for iUSD,10 October 2023,152,10-01-2024 21:45,12-10-2023 23:00
5733,442,03aa5081199a16295e8451a866b93a521747db809eacdef947175ac6,SP reward for iUSD,10 October 2023,9991,10-01-2024 21:45,12-10-2023 23:00
5734,442,53eb9c7601e433f0659a74479e98400d203af061f135354f43e0dad4,SP reward for iUSD,10 October 2023,38494,10-01-2024 21:45,12-10-2023 23:00
5735,442,fdcb2ad56f90c49a73ace602f2f459055f75c9b42f6b186731da60e0,SP reward for iUSD,10 October 2023,118301,10-01-2024 21:45,12-10-2023 23:00
5736,442,420fe4b0b65093169ee9622b1b0c88675e97472513f94170d76bfac9,SP reward for iUSD,10 October 2023,880,10-01-2024 21:45,12-10-2023 23:00
5737,442,d74968060bb951234139833a846b6b81ded3059ad1724915091bac2d,SP reward for iUSD,10 October 2023,945205,10-01-2024 21:45,12-10-2023 23:00
5738,442,d07a74350a813a2daed74dfade4248bb51ff24da457a48fba9b4539b,SP reward for iUSD,10 October 2023,1248400,10-01-2024 21:45,12-10-2023 23:00
5739,442,024856b442278b7d5e63295585fa42f12113724292d75a5288822367,SP reward for iUSD,10 October 2023,3017049,10-01-2024 21:45,12-10-2023 23:00
5740,442,fbc5a2e4982c53a70c6eb71bcbdfca2698bba849a2e5e06ea566fd93,SP reward for iUSD,10 October 2023,56010,10-01-2024 21:45,12-10-2023 23:00
5741,442,f1f046fcc9cd06aa851f3296213d127f954ecba8136ee829a645f3ec,SP reward for iUSD,10 October 2023,498,10-01-2024 21:45,12-10-2023 23:00
5742,442,d33119934f905c46c074d86b01e9ed68d8df9416c1f98311adda04d1,SP reward for iUSD,10 October 2023,60412,10-01-2024 21:45,12-10-2023 23:00
5743,442,92a3a6bc9849096be7edb873d5bda4a39b735d23250bbf9984446ad6,SP reward for iUSD,10 October 2023,157163,10-01-2024 21:45,12-10-2023 23:00
5744,442,c4c6e2c645f453f6f7ca990b7ade2b2b2de868c0aeb5c7511e481fe9,SP reward for iUSD,10 October 2023,2395301,10-01-2024 21:45,12-10-2023 23:00
5745,442,9d94c36c0ba08524969fb2fa100dce63e0eefda22b75eca8ec3e30c4,SP reward for iUSD,10 October 2023,1080580,10-01-2024 21:45,12-10-2023 23:00
5746,442,1ff9f868d6a65ea7dec1b4d37240001097a28168752e2723e624337c,SP reward for iUSD,10 October 2023,37912,10-01-2024 21:45,12-10-2023 23:00
5747,442,ea79af332a33e08d0180ace4940a4bba5e9040ea76bf0f8a884279cd,SP reward for iUSD,10 October 2023,34106,10-01-2024 21:45,12-10-2023 23:00
5748,442,966c8c683271fb81c24235f265eac3d02095b67ca0613e08a0de963f,SP reward for iUSD,10 October 2023,74746,10-01-2024 21:45,12-10-2023 23:00
5749,442,026c8ee36589862c813abaf4142583d8631869cc694bfc393ad229ed,SP reward for iUSD,10 October 2023,97975,10-01-2024 21:45,12-10-2023 23:00
5750,442,270a564190936d5e6199cd157798a1d802e05b5c4d69a756d02a4024,SP reward for iUSD,10 October 2023,26221,10-01-2024 21:45,12-10-2023 23:00
5751,442,1d873b8c37d35e5e322736d5194df4efbcec93bd3e87090998185a10,SP reward for iUSD,10 October 2023,223203,10-01-2024 21:45,12-10-2023 23:00
5752,442,f00f927995925d46c18314ed041f55e32d1e9bc0da7b18b5f9d56602,SP reward for iUSD,10 October 2023,42185,10-01-2024 21:45,12-10-2023 23:00
5753,442,1dfa4ee606a41e8ce99a52d958e3f76f9f1a455a61853efd0e6cc58d,SP reward for iUSD,10 October 2023,50042,10-01-2024 21:45,12-10-2023 23:00
5754,442,9bd32d0c896ecfd22af41a2328d4e1d7bc2e8be07e61ce7eb5caa536,SP reward for iUSD,10 October 2023,6697947,10-01-2024 21:45,12-10-2023 23:00
5755,442,159af115130e7a5e8ac56e11c97ebfc173b379c9ad0a240b112eeefe,SP reward for iUSD,10 October 2023,12884,10-01-2024 21:45,12-10-2023 23:00
5756,442,efdea48b2d455838b64f1bdbf0106eef7cd67041ce4aa429d812183e,SP reward for iUSD,10 October 2023,161224,10-01-2024 21:45,12-10-2023 23:00
5757,442,0392279ce70fc3bc7d60fa0437da097cc264ada08fd59acdba593965,SP reward for iUSD,10 October 2023,46906,10-01-2024 21:45,12-10-2023 23:00
5758,442,a0f890b740b6e870ee690e3d02ca5fdeddf9969aea0a87b3bef425e1,SP reward for iUSD,10 October 2023,156750,10-01-2024 21:45,12-10-2023 23:00
5759,442,55cf69df3e09e88978a5396efa57fb076d25f9089229a52baac18e5d,SP reward for iUSD,10 October 2023,32077,10-01-2024 21:45,12-10-2023 23:00
5760,442,0a36d2059eac53b46045092125f8419d455cf63ba48a7f2285a1a691,SP reward for iUSD,10 October 2023,950253,10-01-2024 21:45,12-10-2023 23:00
5761,442,8d42ea2a53e949ffcdcebccbb0656fd0c66f68dd3e12af30d5232c29,SP reward for iUSD,10 October 2023,33157,10-01-2024 21:45,12-10-2023 23:00
5762,442,7b0fc9c9e92364eb4bcf52d28f9996c8d2278916eb95eb50a18905bd,SP reward for iUSD,10 October 2023,113893,10-01-2024 21:45,12-10-2023 23:00
5763,442,7aeadf295aa5275bb56ee50e2608cc2672d1d01e57ba0bec3dd00daf,SP reward for iUSD,10 October 2023,427,10-01-2024 21:45,12-10-2023 23:00
5764,442,3b7b01b415e7533f8bceb3e9e467dbca6d784c7be99fcadb68b1a9d1,SP reward for iUSD,10 October 2023,1846,10-01-2024 21:45,12-10-2023 23:00
5765,442,728b52d41c48009dca4d9f7331776537533452cc035505ff82ac9079,SP reward for iUSD,10 October 2023,557,10-01-2024 21:45,12-10-2023 23:00
5766,442,56270f8bf55701d31d45a3db4a13d99ef7848fc936616777f4257dcb,SP reward for iUSD,10 October 2023,36235,10-01-2024 21:45,12-10-2023 23:00
5767,442,b86d5dffbc00894203fdf272c003fee91969d85b806859edc242b34a,SP reward for iUSD,10 October 2023,27343,10-01-2024 21:45,12-10-2023 23:00
5768,442,fe214b004cc1504fc1544acd5b5e0d6dfe76484168e6c7d57d752b79,SP reward for iUSD,10 October 2023,3141,10-01-2024 21:45,12-10-2023 23:00
5769,442,90ea3bd89364dbe9084b55fcc578c4f44a9bba7c4a7176cff33b8bb0,SP reward for iUSD,10 October 2023,13610,10-01-2024 21:45,12-10-2023 23:00
5770,442,c49e050f25dd059da1f3ebdd00004e46d22cc1ece96e487ea84cee54,SP reward for iUSD,10 October 2023,20880,10-01-2024 21:45,12-10-2023 23:00
5771,442,3676a8f6fc88d00bb27fa5eb2e25f91b69ad6b211c9931263bbeb39c,SP reward for iUSD,10 October 2023,5158,10-01-2024 21:45,12-10-2023 23:00
5772,442,7eba1da590e93ee9a4da7bf746111c27c6b21f82ca90fd8c7ca5a441,SP reward for iUSD,10 October 2023,20646,10-01-2024 21:45,12-10-2023 23:00
5773,442,b0e1aa74e9c491e73fb3c6625d941a883f95c05069b107021888830e,SP reward for iUSD,10 October 2023,6061,10-01-2024 21:45,12-10-2023 23:00
5774,442,f357aeab5d6038af73b7ce783bf505ecb9ff382a18e2b211b18a513a,SP reward for iUSD,10 October 2023,2249,10-01-2024 21:45,12-10-2023 23:00
5775,442,4b4d2f7ec3cec8a1b3105c8cb94a6e77bd64f3fedc0bd828ffcbcb28,SP reward for iUSD,10 October 2023,190200,10-01-2024 21:45,12-10-2023 23:00
5776,442,3b45d59fb8b82d21d208964521a6bbc8d42f06b2ed7e533f8b7a745a,SP reward for iUSD,10 October 2023,294274,10-01-2024 21:45,12-10-2023 23:00
5777,442,a7c4ad49f24faecad3a91f5e5a4109cfa822faade50e6840a3db3d67,SP reward for iUSD,10 October 2023,2634887,10-01-2024 21:45,12-10-2023 23:00
5778,442,8daf909109e33c204da5034dd588269357cdf89c0947d09c1812955f,SP reward for iUSD,10 October 2023,27185,10-01-2024 21:45,12-10-2023 23:00
5779,442,7c287d80b89068e3f0e5ad9cdcfccd67e264e10c7bac1f1c50b4b4ce,SP reward for iUSD,10 October 2023,60561,10-01-2024 21:45,12-10-2023 23:00
5780,442,8fd369b6dda38f92043d8595e10ba47a47f2f48f71e37951a6af4fcd,SP reward for iUSD,10 October 2023,38956,10-01-2024 21:45,12-10-2023 23:00
5781,442,5a22248acd76b04db2a4f0804b465d7e0e6f9c13d3be980b3f7ef9e7,SP reward for iUSD,10 October 2023,25061,10-01-2024 21:45,12-10-2023 23:00
5782,442,dd8f3e200e38deea7336fefd98ab66572801dfabd658f332105e18fa,SP reward for iUSD,10 October 2023,55244,10-01-2024 21:45,12-10-2023 23:00
5783,442,4dc5cb65b80027553882008cef8ce7356c362e083f00aede47ebc35f,SP reward for iUSD,10 October 2023,0,10-01-2024 21:45,12-10-2023 23:00
5784,442,8b824c5bc7c0c7c6ef3396d567c47dd502e361f62d9f9e6015eb8150,SP reward for iUSD,10 October 2023,3776,10-01-2024 21:45,12-10-2023 23:00
5785,442,e1d69e1f1e390faddb3d82a5d66c971e4bef61893892252dfca99837,SP reward for iUSD,10 October 2023,1,10-01-2024 21:45,12-10-2023 23:00
5786,442,b9127ad6a07fb42d0a5323ce8a79edbf1fbec2c87d010884d650799f,SP reward for iUSD,10 October 2023,15627,10-01-2024 21:45,12-10-2023 23:00
5787,442,480162a64c53e1f9f76d471d5166e722be81296144d422344254a54e,SP reward for iUSD,10 October 2023,847045,10-01-2024 21:45,12-10-2023 23:00
5788,442,93fc1d5eda11f4e015acabe138fdf310674c33e9d82a7dc8a7d73d99,SP reward for iUSD,10 October 2023,91850,10-01-2024 21:45,12-10-2023 23:00
5789,442,55f6685cbc8c1c99948804a10f2eada7ed6121822a45452582ead10a,SP reward for iUSD,10 October 2023,759,10-01-2024 21:45,12-10-2023 23:00
5790,442,4c281c0efad5222fef57cfc5c21e5e07eb358c155406af6c9ef95402,SP reward for iUSD,10 October 2023,377387,10-01-2024 21:45,12-10-2023 23:00
5791,442,bf80faca49b6c4b820d11fd8028343afde02b4e9cfeded543c4650b9,SP reward for iUSD,10 October 2023,136924,10-01-2024 21:45,12-10-2023 23:00
5792,442,b3628e24f6d8e81e31b7c5dc85cbae7ba04e6f17bbdd1f75eae051c5,SP reward for iUSD,10 October 2023,43559,10-01-2024 21:45,12-10-2023 23:00
5793,442,c1ecfddcc1b386980d2cad46efaad99e373cf70398b7c01db68e4f4f,SP reward for iUSD,10 October 2023,299185,10-01-2024 21:45,12-10-2023 23:00
5794,442,602b3643af4dbdab1ac91e39e1901d0c190bd42d192f408efc4bee88,SP reward for iUSD,10 October 2023,59118,10-01-2024 21:45,12-10-2023 23:00
5795,442,509cba9202668605404e5c6a39d0af1f1522fe41d2e679ce8e394469,SP reward for iUSD,10 October 2023,266169,10-01-2024 21:45,12-10-2023 23:00
5796,442,ecf5b1ffca39a9821dc42163dea13dc58d4d9b28767edf02124a271a,SP reward for iUSD,10 October 2023,27025,10-01-2024 21:45,12-10-2023 23:00
5797,442,a239ef61e4b000e08143a86c114827b4e14e8e5bbea3254d947f9c56,SP reward for iUSD,10 October 2023,37112,10-01-2024 21:45,12-10-2023 23:00
5798,442,b8c025a487acc9735d8bc4ae174ef37a96cb3b9445c45f7d94f9b02c,SP reward for iUSD,10 October 2023,52719,10-01-2024 21:45,12-10-2023 23:00
5799,442,17e3d3fc02a43bae98b84a8eab7638749627e2246b2b2804a7d3ae12,SP reward for iUSD,10 October 2023,12190,10-01-2024 21:45,12-10-2023 23:00
5800,442,e8be99d7f6e19ccb5282e5387ddbdc30308653a1ee0478e1fb209e07,SP reward for iUSD,10 October 2023,89611,10-01-2024 21:45,12-10-2023 23:00
5801,442,8c1ddac13237e90ddf09d9a1884ad85b2265ff7930c6848c57750f2f,SP reward for iUSD,10 October 2023,54833,10-01-2024 21:45,12-10-2023 23:00
5802,442,bc3dbd25ddb3da8133ae71b85d66fcc5ce16a42cbdf8313173b61ca6,SP reward for iUSD,10 October 2023,12,10-01-2024 21:45,12-10-2023 23:00
5803,442,b47ead9c1c659d7d927c23212bd62d475f71d986236aafe16bde23ee,SP reward for iUSD,10 October 2023,37502,10-01-2024 21:45,12-10-2023 23:00
5804,442,20d5e801d2da02fbf8e0ed455656e0a7b2f34314cd386806973ce69d,SP reward for iUSD,10 October 2023,7587,10-01-2024 21:45,12-10-2023 23:00
5805,442,6e1beb91f97d5743780e42d9a3deeb8102c716ae69bafe5f99a26e79,SP reward for iUSD,10 October 2023,5333418,10-01-2024 21:45,12-10-2023 23:00
5806,442,9d6a55eb1359d4a6c2f1466d1d65dd5083a6fa692b69702af90b51bb,SP reward for iUSD,10 October 2023,1094508,10-01-2024 21:45,12-10-2023 23:00
5807,442,e0a1a45ac9fc8b2f545ef76355404c31a0650b032d7ebbfe3eb8a5b1,SP reward for iUSD,10 October 2023,195588,10-01-2024 21:45,12-10-2023 23:00
5808,442,53a025fd77be078830865d6918bf8042b3d34bf54b09898d43d5a65c,SP reward for iUSD,10 October 2023,49539,10-01-2024 21:45,12-10-2023 23:00
5809,442,e544d0152f17bacc61736bea720477a416dbd60ead88c42cf6dda564,SP reward for iUSD,10 October 2023,5833,10-01-2024 21:45,12-10-2023 23:00
5810,442,076fe746635376963ae1c07c98dfa6a84168ff429673d2546ee5e744,SP reward for iUSD,10 October 2023,1991,10-01-2024 21:45,12-10-2023 23:00
5811,442,02847e2d52b2bb68326a4d8c20cf22758d8d66a8098b464fb05e388e,SP reward for iUSD,10 October 2023,302372,10-01-2024 21:45,12-10-2023 23:00
5812,442,2d2698946bc0f751dfc642bda9716d9c95065c4bb6aa23fa36379917,SP reward for iUSD,10 October 2023,65403,10-01-2024 21:45,12-10-2023 23:00
5813,442,fd0172cfb6d4f7289491b5316afb91c0f416ce5ca33fc39727bd691c,SP reward for iUSD,10 October 2023,1954,10-01-2024 21:45,12-10-2023 23:00
5814,442,05f8ebd54f40e71508f9cfec116a05dc8256562162f8024666821248,SP reward for iUSD,10 October 2023,260876,10-01-2024 21:45,12-10-2023 23:00
5815,442,8c516966b25c9f4da8ad8fc78ec351c17ddeeb5500c875c73373d2b0,SP reward for iUSD,10 October 2023,522215,10-01-2024 21:45,12-10-2023 23:00
5816,442,1a6bd66047466d65c4a336460ed902a8aef0801554a8bc831a49ea18,SP reward for iUSD,10 October 2023,382,10-01-2024 21:45,12-10-2023 23:00
5817,442,a3857f6dc9fa15ac685d02ad13824292ec40648c7af5b4fbe064c0d8,SP reward for iUSD,10 October 2023,101995,10-01-2024 21:45,12-10-2023 23:00
5818,442,7cf91d208dbe661058d16ea8ef2c387153cf91944aabcb9c7ef7fa1e,SP reward for iUSD,10 October 2023,382,10-01-2024 21:45,12-10-2023 23:00
5819,442,f107be1c8f14b6f7ecd0a826c5a0addb31538b4d91813ca450a664f1,SP reward for iUSD,10 October 2023,773794,10-01-2024 21:45,12-10-2023 23:00
5820,442,244ef5c19b4209da7df61d1f9a41ca599cf12610aed0f9457dbc7353,SP reward for iUSD,10 October 2023,1973,10-01-2024 21:45,12-10-2023 23:00
5821,442,2922bb18ea7225c2905acb96276ea33273c5e07a0860fb276087115f,SP reward for iUSD,10 October 2023,1434,10-01-2024 21:45,12-10-2023 23:00
5822,442,dff1a907d3ac2ba42da4911d6cabe1fa998cd1269fbbdd20651939f9,SP reward for iUSD,10 October 2023,812297,10-01-2024 21:45,12-10-2023 23:00
5823,442,623f00f49ed872b8fde76a4d5520f4ff63e50dec00b938701fe2aedd,SP reward for iUSD,10 October 2023,71193,10-01-2024 21:45,12-10-2023 23:00
5824,442,862f5ad26068a3da287a54bc2fab1c19a99a48c81939d34870be1b85,SP reward for iUSD,10 October 2023,30755,10-01-2024 21:45,12-10-2023 23:00
5825,442,a906c9214bfd42f7299dedeed943496d866cb18ce0f178b0e37d9a97,SP reward for iUSD,10 October 2023,382,10-01-2024 21:45,12-10-2023 23:00
5826,442,08a15c4563f6297afadcb38fdb23a44c8c5771181d618481581f31a7,SP reward for iUSD,10 October 2023,77199,10-01-2024 21:45,12-10-2023 23:00
5827,442,9c8cc3ac2810e440ae1d0d41c4d7cbf79b860b5f315f8d4ed8350d81,SP reward for iUSD,10 October 2023,1223,10-01-2024 21:45,12-10-2023 23:00
5828,442,24715697456eca22df1c613d9f85b0cdb97f2cb5a253d7b7cae5f09f,SP reward for iUSD,10 October 2023,267468,10-01-2024 21:45,12-10-2023 23:00
5829,442,7443fff25d519ebfa4e8783e4180f6b2d7ca64d76b3a3c783694d487,SP reward for iUSD,10 October 2023,4924,10-01-2024 21:45,12-10-2023 23:00
5830,442,ccc6065bab9183933462a4acb0bcea38368806fd4e7435a4e76d3624,SP reward for iUSD,10 October 2023,381527,10-01-2024 21:45,12-10-2023 23:00
5831,442,6f3eb2687c020672e8f99bf2253e22d45fd86bf23d125fe22faf6264,SP reward for iUSD,10 October 2023,11607940,10-01-2024 21:45,12-10-2023 23:00
5832,442,7297266c1e8790a732b07a5a0e0eed06c6c570c69ac34b8e80ac8adb,SP reward for iUSD,10 October 2023,71390,10-01-2024 21:45,12-10-2023 23:00
5833,442,6f860cd15e7d9a0fe71735b338fa4ad81e418ddaae95928bd2994fc1,SP reward for iUSD,10 October 2023,2858970,10-01-2024 21:45,12-10-2023 23:00
5834,442,315da5b171400a2b8d131c70ea53f27b1977bb1fcec1537d70649dac,SP reward for iUSD,10 October 2023,16899,10-01-2024 21:45,12-10-2023 23:00
5835,442,ea8d6023f782f4802d83c0c803c213be848f2a5aec6bceb40a3a71c2,SP reward for iUSD,10 October 2023,180,10-01-2024 21:45,12-10-2023 23:00
5836,442,94b544b36d242aecf2649579a989e97018d5f0003e983e50a0dc2994,SP reward for iUSD,10 October 2023,2971952,10-01-2024 21:45,12-10-2023 23:00
5837,442,6bdf4e6548d770125f81c51ebc92b583787973ead359912e3ccd8e66,SP reward for iUSD,10 October 2023,366186,10-01-2024 21:45,12-10-2023 23:00
5838,442,f013b77ae6ab1f09b5bef9c18f26089ddf57e2e780dc6f1c70746f8c,SP reward for iUSD,10 October 2023,85434,10-01-2024 21:45,12-10-2023 23:00
5839,442,7da76359fef75e30d83f945e689ef4d26db9fd199823020e223169b3,SP reward for iUSD,10 October 2023,616520,10-01-2024 21:45,12-10-2023 23:00
5840,442,fa773cf3b7cb0a80d8ff29e065ad3fc2a4bb075874f3fbac743fd368,SP reward for iUSD,10 October 2023,15267,10-01-2024 21:45,12-10-2023 23:00
5841,442,48e67b9addfc8366aeeebfd3b2bfb1f9f6aa102b44aef6aac664abef,SP reward for iUSD,10 October 2023,382,10-01-2024 21:45,12-10-2023 23:00
5842,442,948214e72eb2e68d27c7a9e8eeffe30d0d2631882d13c1b17552a7ca,SP reward for iUSD,10 October 2023,40060,10-01-2024 21:45,12-10-2023 23:00
5843,442,e3fe1aded971a56dc2ca9fad8d423d3832f7ac0f915911462729f453,SP reward for iUSD,10 October 2023,233749,10-01-2024 21:45,12-10-2023 23:00
5844,442,70f311783e3166f6d6bc39a700b92a2a2610b7cf7f20b5775244b657,SP reward for iUSD,10 October 2023,759397,10-01-2024 21:45,12-10-2023 23:00
5845,442,a78e32382cd9a5a2b8d7700c24cb7ff2b42b14fe8e649beb51d51bf6,SP reward for iUSD,10 October 2023,12209,10-01-2024 21:45,12-10-2023 23:00
5846,442,08abc365d15eb5a450ff8ed2a6207bfa3cb5a0df4ec1ddd0e6636026,SP reward for iUSD,10 October 2023,0,10-01-2024 21:45,12-10-2023 23:00
5847,442,c1b6645d779259c35eb76b24c1246268cab805bccea9e202efa61910,SP reward for iUSD,10 October 2023,179,10-01-2024 21:45,12-10-2023 23:00
5848,442,ef1b8e5788243f98f97c531b88761b54587163b6478ac6ff99fe359e,SP reward for iUSD,10 October 2023,77995,10-01-2024 21:45,12-10-2023 23:00
5849,442,0a6b28124de76240db2832c69d10c2c64d528b08b31d137113083e2d,SP reward for iUSD,10 October 2023,99009,10-01-2024 21:45,12-10-2023 23:00
5850,442,d0e69129e2a6d9a0ff61abf04b9964bee86e44bca28c63e5b783507a,SP reward for iUSD,10 October 2023,76304,10-01-2024 21:45,12-10-2023 23:00
5851,442,56e1526eba166e9060a8d8eb258e59df76cf752827d1be7a6de02119,SP reward for iUSD,10 October 2023,132152,10-01-2024 21:45,12-10-2023 23:00
5852,442,17b20aff00b6cd78f4ac0c68b92d90346171f461a9e6d22aad787dc9,SP reward for iUSD,10 October 2023,95011,10-01-2024 21:45,12-10-2023 23:00
5853,442,3fc99b5ace443b8b20f99280b237d4982e82f01ce5bd5e1317cf9fe8,SP reward for iUSD,10 October 2023,33221,10-01-2024 21:45,12-10-2023 23:00
5854,442,785a9c718e4d80e2b612ccbf605200b61d0562d2f05c4ef3c4b9ed11,SP reward for iUSD,10 October 2023,11490,10-01-2024 21:45,12-10-2023 23:00
5855,442,a5519ef18d12dae09537ad81bef88d2cf26f0a098a611e2c38312c99,SP reward for iUSD,10 October 2023,27893,10-01-2024 21:45,12-10-2023 23:00
5856,442,1dd8c643a330ff68e47b63be8e261996c69d1708ad07a3788e522310,SP reward for iUSD,10 October 2023,131225,10-01-2024 21:45,12-10-2023 23:00
5857,442,1ec7a4dcfcb759b54f5acc35f348f1862a92992cab701e486a46e6b2,SP reward for iUSD,10 October 2023,2672,10-01-2024 21:45,12-10-2023 23:00
5858,442,ecf1cb14a49abe481c4930be126426df3a7468257a129575cd49b41b,SP reward for iUSD,10 October 2023,73820,10-01-2024 21:45,12-10-2023 23:00
5859,442,5f841de490d21c2b60d865852552b8a829e6ef4fabd1fee7ac7977bd,SP reward for iUSD,10 October 2023,57228,10-01-2024 21:45,12-10-2023 23:00
5860,442,a2d70cfaa0036c4e8ff9d67d82c708bedb8555d2d26d27953aa72b89,SP reward for iUSD,10 October 2023,1494367,10-01-2024 21:45,12-10-2023 23:00
5861,442,5a4fad55fdeabf0d0dfb5d4b75464bf5ee33a8f1edd2015dc0b39c24,SP reward for iUSD,10 October 2023,151520,10-01-2024 21:45,12-10-2023 23:00
5862,442,0a88cfdb4ec15ebaf1211179a242c9de1b82c0b7d567db563db83960,SP reward for iUSD,10 October 2023,312621,10-01-2024 21:45,12-10-2023 23:00
5863,442,6932deb22295a31fb022f0ab0542fa2b64c1b7574d6bacbb6e0c3e48,SP reward for iUSD,10 October 2023,3748,10-01-2024 21:45,12-10-2023 23:00
5864,442,00f2483408518f8f77107b4795978a23d7e3419783a1add171a70e01,SP reward for iUSD,10 October 2023,255619,10-01-2024 21:45,12-10-2023 23:00
5865,442,3ff27f47760d508cbc7e9db201e9fa0a985717f9cbfd307d429ba670,SP reward for iUSD,10 October 2023,1875415,10-01-2024 21:45,12-10-2023 23:00
5866,442,f480fbde43ef244fdc26d00d58708b3ebf0d6db3aeedc8d404c3bcd9,SP reward for iUSD,10 October 2023,38152,10-01-2024 21:45,12-10-2023 23:00
5867,442,4ee18dff52099c980cd8d3a1e85c37110cef73ff901eaabdabc12c60,SP reward for iUSD,10 October 2023,384334,10-01-2024 21:45,12-10-2023 23:00
5868,442,ff8e7203f15bca5e4a5daabba94cb4c7d76ec425eee4071a5299533c,SP reward for iUSD,10 October 2023,104615,10-01-2024 21:45,12-10-2023 23:00
5869,442,7e7cf0f8895addc5cee4e2c2139707a3ff156c06ab0158772912a1ae,SP reward for iUSD,10 October 2023,491237,10-01-2024 21:45,12-10-2023 23:00
5870,442,ddc7d434a87369990847553dbe9a0020ccbf868222cb6193b0303eca,SP reward for iUSD,10 October 2023,114689,10-01-2024 21:45,12-10-2023 23:00
5871,442,163e7ed3a11d4f07038eaa7266da150356eb2de38fbfc74992a1b2d2,SP reward for iUSD,10 October 2023,478,10-01-2024 21:45,12-10-2023 23:00
5872,442,b0418646136117e82f751e82489d865a6ec05301689d2ced4beecc3a,SP reward for iUSD,10 October 2023,46399,10-01-2024 21:45,12-10-2023 23:00
5873,442,cbab5a1070c1bb9df2ed2e466cdfd3fb4b1b7bd24af14e65b46ea556,SP reward for iUSD,10 October 2023,57228,10-01-2024 21:45,12-10-2023 23:00
5874,442,b3c0baac03f058345281c6f2e9b3cfb6a1d112ffd8e2dc5398b8ff27,SP reward for iUSD,10 October 2023,1503536,10-01-2024 21:45,12-10-2023 23:00
5875,442,95fa00657c1613aa2f6a3ff39b636d93ae3106ec72498d3e39b0fa8e,SP reward for iUSD,10 October 2023,88650,10-01-2024 21:45,12-10-2023 23:00
5876,442,6c696c0e5a9b92ea0951ea906390087390d29944fa37475729f49681,SP reward for iUSD,10 October 2023,452835,10-01-2024 21:45,12-10-2023 23:00
5877,442,b6cdf3c4560e284a5d05fdc1e919565e5e3b6bd51640855b450ccb41,SP reward for iUSD,10 October 2023,1934573,10-01-2024 21:45,12-10-2023 23:00
5878,442,442473fe94bec21e9f98a2aa1ee59955a336ec53ee7e9571a37919fe,SP reward for iUSD,10 October 2023,47757,10-01-2024 21:45,12-10-2023 23:00
5879,442,e31737eff954647c3cfb076fc5ec72a889d3d7b27a875fdf2fd1b379,SP reward for iUSD,10 October 2023,0,10-01-2024 21:45,12-10-2023 23:00
5880,442,64e14912b40c1db7d2bfd71e19890295f04e4a0bf0569050e379b62e,SP reward for iUSD,10 October 2023,594258,10-01-2024 21:45,12-10-2023 23:00
5881,442,d695b98ba895d0c874d7d3e37fcddc0abed1218af810673d64c9a4f0,SP reward for iUSD,10 October 2023,40048,10-01-2024 21:45,12-10-2023 23:00
5882,442,1de7b5c57a2c321f4d30e829c98ca17967671555659cd4679963a702,SP reward for iUSD,10 October 2023,306485,10-01-2024 21:45,12-10-2023 23:00
5883,442,ec9bd9c5e9a69a42d50d7c1a91d1f0331c0db89cdaff294efbb6f5d5,SP reward for iUSD,10 October 2023,43461,10-01-2024 21:45,12-10-2023 23:00
5884,442,5ba4f7eb27d46622d4728a365e4e78b349d96c40cb8e6b17b32814ad,SP reward for iUSD,10 October 2023,25380,10-01-2024 21:45,12-10-2023 23:00
5885,442,ee0d3f0402347e81228151903cf5249eb6303bf0e78b4f488263db90,SP reward for iUSD,10 October 2023,136,10-01-2024 21:45,12-10-2023 23:00
5886,442,f77212fba1bdb4ff7f24eca2412cabbc6b1b0a3b8f75645fe8f51b9a,SP reward for iUSD,10 October 2023,251612,10-01-2024 21:45,12-10-2023 23:00
5887,442,343a6e2b66f769abf99ad58bc6425690fd647ea7221a738a55d94bd6,SP reward for iUSD,10 October 2023,96482,10-01-2024 21:45,12-10-2023 23:00
5888,442,092b7b9ae9bfed9f25757ce431f885b079ba820ec102294ec9f18c5b,SP reward for iUSD,10 October 2023,31172,10-01-2024 21:45,12-10-2023 23:00
5889,442,7922b7b982018c9fb7dc9eba6ff0130ef2785f3b69febda1b3ebd513,SP reward for iUSD,10 October 2023,30203,10-01-2024 21:45,12-10-2023 23:00
5890,442,8873329f3abcaeb2b1164af90d4709146106c2e5922217d7ae5c82fd,SP reward for iUSD,10 October 2023,703381,10-01-2024 21:45,12-10-2023 23:00
5891,442,0dffd2d5af73d5577a3976d171582cf71c0b9c7ad342c2b148f7a369,SP reward for iUSD,10 October 2023,40967,10-01-2024 21:45,12-10-2023 23:00
5892,442,69db3ddacd4bd728026a19f9e8be6d41771d6cfb8cc1706798b3ad1b,SP reward for iUSD,10 October 2023,9673,10-01-2024 21:45,12-10-2023 23:00
5893,442,fd8b12e5733ab14abac15c45c5640e9b8a8dd42c7da181e367d5a210,SP reward for iUSD,10 October 2023,190543,10-01-2024 21:45,12-10-2023 23:00
5894,442,eb0382a090804495fc3003fde29059573bdb73ec2568ea91dc8c3984,SP reward for iUSD,10 October 2023,1347261,10-01-2024 21:45,12-10-2023 23:00
5895,442,803167cc20ac7658f5d139632317419c5ff0d4eeba12d1c7a7d9cf05,SP reward for iUSD,10 October 2023,228994,10-01-2024 21:45,12-10-2023 23:00
5896,442,9f376f894c2b994121f92765e48368c979e9c029a3f4e4ecea793e16,SP reward for iUSD,10 October 2023,14750253,10-01-2024 21:45,12-10-2023 23:00
5897,442,85bcc68578fe0326ae00e8aac5e6c5e734dfc3fc04d8e9a31d27c1ef,SP reward for iUSD,10 October 2023,12163207,10-01-2024 21:45,12-10-2023 23:00
5898,442,c873c75697322b5db843e9c249e669cc125c0e629ad3700729e101e6,SP reward for iUSD,10 October 2023,200630,10-01-2024 21:45,12-10-2023 23:00
5899,442,e6fdaba56d087a16a9d4cd4a298d537bb25843159bbe8c9dfcfa3530,SP reward for iUSD,10 October 2023,154632,10-01-2024 21:45,12-10-2023 23:00
5900,442,05f18a042f7922dc33589f39660bde4f8db1993b472e142d726ec32e,SP reward for iUSD,10 October 2023,108313,10-01-2024 21:45,12-10-2023 23:00
5901,442,5e13abe277486840e30f1659db877d7419046746b4e263c961e69b28,SP reward for iUSD,10 October 2023,8652880,10-01-2024 21:45,12-10-2023 23:00
5902,442,32f0c1cb0c852e6ae372fe350093a8125db1c779e6b1a3d531b1157a,SP reward for iUSD,10 October 2023,1788353,10-01-2024 21:45,12-10-2023 23:00
5903,442,17d29d0c794995d71da6ea5934500e087a6a17455de61b289c09386b,SP reward for iUSD,10 October 2023,33340,10-01-2024 21:45,12-10-2023 23:00
5904,442,98834a3e6ba9bfb2b67115492791bb63d58c51040303830f0a9143e2,SP reward for iUSD,10 October 2023,39633,10-01-2024 21:45,12-10-2023 23:00
5905,442,9057a63eaa2afa9e1f67bdb5d29fd62c59c91d0c79a30e225f079aca,SP reward for iUSD,10 October 2023,2915699,10-01-2024 21:45,12-10-2023 23:00
5906,442,2f01482df3484b64b0427ed10c3827a1d5219fa6a27a7c178620d97d,SP reward for iUSD,10 October 2023,504675,10-01-2024 21:45,12-10-2023 23:00
5907,442,05b8794c06e90623641bbc36252326edc2040d3f75ee94b9effbbda7,SP reward for iUSD,10 October 2023,25038,10-01-2024 21:45,12-10-2023 23:00
5908,442,18f797c7f4e5f911f82a3d0740bdfe2ee44513cd6cafb0ac425ce961,SP reward for iUSD,10 October 2023,141167,10-01-2024 21:45,12-10-2023 23:00
5909,442,d054a3e88aa7d909469f67c6bbaeab11aa87316f08c1eed2b6c2aed3,SP reward for iUSD,10 October 2023,505987,10-01-2024 21:45,12-10-2023 23:00
5910,442,982897eebb4516bb2e68c969145ed6b60afd9581c5395fd8d5f41671,SP reward for iUSD,10 October 2023,800085,10-01-2024 21:45,12-10-2023 23:00
5911,442,d84e831d588461cb5ee6885956aeebf1e280a9830bbe4a166a8f3ece,SP reward for iUSD,10 October 2023,755893,10-01-2024 21:45,12-10-2023 23:00
5912,442,a90c9789e1cc4e2b2b3f0623af62cf6c143918214776980f29b12d12,SP reward for iUSD,10 October 2023,114084,10-01-2024 21:45,12-10-2023 23:00
5913,442,697ed4b4d37e6505d79692e149459fdae0ccd24d11201f9034b6c006,SP reward for iUSD,10 October 2023,10131,10-01-2024 21:45,12-10-2023 23:00
5914,442,5f14eece267f4274f229339fbe54f9f6c207f3e565d81f17360f7314,SP reward for iUSD,10 October 2023,1370735,10-01-2024 21:45,12-10-2023 23:00
5915,442,50b834c5a9617a6a7d88fc1087764dc7df7d8929a68412245e3ddef9,SP reward for iUSD,10 October 2023,122837,10-01-2024 21:45,12-10-2023 23:00
5916,442,4bc42a51d5b86d192f74c6f89fff93b8b4bd983b5afa88f1f30fc307,SP reward for iUSD,10 October 2023,1813091,10-01-2024 21:45,12-10-2023 23:00
5917,442,a10a23ec8c8bc86c8b39bb8d034a7ea407acf952bab967bbd8797d7f,SP reward for iUSD,10 October 2023,73610,10-01-2024 21:45,12-10-2023 23:00
5918,442,dc463d66e78fedc35745fc23dd9073df8049027d973305017e40c328,SP reward for iUSD,10 October 2023,37330,10-01-2024 21:45,12-10-2023 23:00
5919,442,1c348c0ee2a2c36691e877a0058da0def13243399ab568db8db5825c,SP reward for iUSD,10 October 2023,35892,10-01-2024 21:45,12-10-2023 23:00
5920,442,ce736383a9b512a93405b76edf6c6dacdcbe28d75891ac1de0aa339e,SP reward for iUSD,10 October 2023,2453129,10-01-2024 21:45,12-10-2023 23:00
5921,442,fbffa3ca1aa8b1911628181e1757f2976c4981da8ce4a1cd62cde4f0,SP reward for iUSD,10 October 2023,139021,10-01-2024 21:45,12-10-2023 23:00
5922,442,775ef1ace4264239a1f7713dfcf2509b35664a69ff58631d9ca7b43d,SP reward for iUSD,10 October 2023,120995,10-01-2024 21:45,12-10-2023 23:00
5923,442,0cb386bce313c0fb289c915ac51a6b364064c49a910efe10b25f1131,SP reward for iUSD,10 October 2023,9613,10-01-2024 21:45,12-10-2023 23:00
5924,442,d9c8b98111cec63a1f7e9f91c94c8fb21ead1f9057aee130e360af4c,SP reward for iUSD,10 October 2023,682827,10-01-2024 21:45,12-10-2023 23:00
5925,442,f28382adfa047a0f4258f6ebe2dc27f1b31852ad0afa692e553d75e0,SP reward for iUSD,10 October 2023,101110,10-01-2024 21:45,12-10-2023 23:00
5926,442,85dccd823a8eda33c9f680bb5dd7c09479fae10c95732a968f39ddad,SP reward for iUSD,10 October 2023,209490,10-01-2024 21:45,12-10-2023 23:00
5927,442,2e4fa47bb79e7a949afe7120907ed104d82118f209433130746e7c87,SP reward for iUSD,10 October 2023,698464,10-01-2024 21:45,12-10-2023 23:00
5928,442,694a11f7561643073c68202510f71c96127f1dfae84eeeeee2ae7a97,SP reward for iUSD,10 October 2023,256131,10-01-2024 21:45,12-10-2023 23:00
5929,442,0cc8211b4e1b8ad56ffa00ba5b8a54b14c58f48d692bb0957c1364d1,SP reward for iUSD,10 October 2023,37505,10-01-2024 21:45,12-10-2023 23:00
5930,442,edb0c1b08e873184c25ab99e045c1331c2a8009d5d6abafef20429d7,SP reward for iUSD,10 October 2023,1091033,10-01-2024 21:45,12-10-2023 23:00
5931,442,058a5ab0c66647dcce82d7244f80bfea41ba76c7c9ccaf86a41b00fe,SP reward for iUSD,10 October 2023,381521,10-01-2024 21:45,12-10-2023 23:00
5932,442,268b50ad94f59bf74b844db64a206111490bce164673364de01ade99,SP reward for iUSD,10 October 2023,31369,10-01-2024 21:45,12-10-2023 23:00
5933,442,c835248f41cb65303bec60d767f0299ea458a19c8c04beb125513487,SP reward for iUSD,10 October 2023,392267,10-01-2024 21:45,12-10-2023 23:00
5934,442,ab0a64f658b137b30ef606a422077d26ffa7cb161c883140ea9a1222,SP reward for iUSD,10 October 2023,90275,10-01-2024 21:45,12-10-2023 23:00
5935,442,cb7e89fcaadfed571c5ed0b22579cce20b89e0407cfc051d8d97fc89,SP reward for iUSD,10 October 2023,5395028,10-01-2024 21:45,12-10-2023 23:00
5936,442,0be100b577b01fb14cd3163192a4b4ef9862a633c140ae6f2c8bf6c2,SP reward for iUSD,10 October 2023,19271,10-01-2024 21:45,12-10-2023 23:00
5937,442,f04e3a2f427f303624958a861d18f657e307e65da73922e8d823d573,SP reward for iUSD,10 October 2023,130733,10-01-2024 21:45,12-10-2023 23:00
5938,442,5d0278f262cee5584be34cb2ae2396dd2ce4f77be03268e418460e39,SP reward for iUSD,10 October 2023,424341,10-01-2024 21:45,12-10-2023 23:00
5939,442,d901310b443168e1fc2d91faeb7f64e19312a8f9ffa2280ad775c1fe,SP reward for iUSD,10 October 2023,1752314,10-01-2024 21:45,12-10-2023 23:00
5940,442,c6aef9c4dd86f4d87ee64da60a47365ddefcce6afe4f81ab201dcd59,SP reward for iUSD,10 October 2023,66679,10-01-2024 21:45,12-10-2023 23:00
5941,442,dede5b62baacdf9db0cc4d64e270375f1178959e709025adf86da9ac,SP reward for iUSD,10 October 2023,156967,10-01-2024 21:45,12-10-2023 23:00
5942,442,23a833160c3d6a9c09c95cae9035dacdb5be88b00fd1c34ca6399bd7,SP reward for iUSD,10 October 2023,1315278,10-01-2024 21:45,12-10-2023 23:00
5943,442,a05f633f38a2e39630741c08136382bf304be65bf5173b8de6ea8233,SP reward for iUSD,10 October 2023,95911,10-01-2024 21:45,12-10-2023 23:00
5944,442,5187bd9ddecc2fdfae36f4e67526cc8368478db4478c08bff6a708dc,SP reward for iUSD,10 October 2023,2789,10-01-2024 21:45,12-10-2023 23:00
5945,442,cb57b003edf212f5f09920822915fc2e42c6623428df6c2f9a4aadcd,SP reward for iUSD,10 October 2023,17403028,10-01-2024 21:45,12-10-2023 23:00
5946,442,464d259be57b9500cb956a40b3ac62bf2b6ec3b1d707d77a94e9df70,SP reward for iUSD,10 October 2023,654393,10-01-2024 21:45,12-10-2023 23:00
5947,442,553c24788c7e3923749226ba754c1230965e5a6881e269b89c108012,SP reward for iUSD,10 October 2023,52257,10-01-2024 21:45,12-10-2023 23:00
5948,442,fba609340b44a18a5167d83f7d91d290ee0a6402f9e91518774806fb,SP reward for iUSD,10 October 2023,24177,10-01-2024 21:45,12-10-2023 23:00
5949,442,698ceb483c24a183e0a9efbb33b25789c41494082421f4df6c75803e,SP reward for iUSD,10 October 2023,1584694,10-01-2024 21:45,12-10-2023 23:00
5950,442,c11f654d8903679a66bb77686c7c6f49d09af62f797185f8c7c0e49f,SP reward for iUSD,10 October 2023,419673,10-01-2024 21:45,12-10-2023 23:00
5951,442,282d71e3b5d2f953fda5e9e1060d58339fd99d5addcdad9c83b70e6a,SP reward for iUSD,10 October 2023,385403,10-01-2024 21:45,12-10-2023 23:00
5952,442,e334c9ac9cc8a7f379b6bbd5228bcc12af9b3677a88608f176f592cd,SP reward for iUSD,10 October 2023,318138,10-01-2024 21:45,12-10-2023 23:00
5953,442,d8873d99d8bac628cb99a6bfc97e0c7c1553286d4a62aedde875354b,SP reward for iUSD,10 October 2023,690147,10-01-2024 21:45,12-10-2023 23:00
5954,442,23a4132fbbc480b22e541ce9d36fb2dcf3e97d334f5f1f9cdda8579f,SP reward for iUSD,10 October 2023,4876,10-01-2024 21:45,12-10-2023 23:00
5955,442,94383c0e1505b2041179e4c62e9de5178cd95e9c4884a5a369e4bfdd,SP reward for iUSD,10 October 2023,5859569,10-01-2024 21:45,12-10-2023 23:00
5956,442,9f32afb76121b1f7b8f95eeb67e2e8c13346bd110e2f99ee02647139,SP reward for iUSD,10 October 2023,167750,10-01-2024 21:45,12-10-2023 23:00
5957,442,8fbf2dba947a3e4bcc194190c1bd62b068c0421e7e322c5f63a913f6,SP reward for iUSD,10 October 2023,31446,10-01-2024 21:45,12-10-2023 23:00
5958,442,d74a6efc13c28b96e80fa23036353ec62897443d0ee58a7cae63cb0b,SP reward for iUSD,10 October 2023,202784,10-01-2024 21:45,12-10-2023 23:00
5959,442,d82937c09e5b5a6194fe4f369106beb8d9013941e0546bfe3d674d8d,SP reward for iUSD,10 October 2023,138722,10-01-2024 21:45,12-10-2023 23:00
5960,442,e388024f70a31b9841cda41c8ae43867bce9bae07d348f222edc6081,SP reward for iUSD,10 October 2023,1283387,10-01-2024 21:45,12-10-2023 23:00
5961,442,d20a972f5bddebc47975b4d78f5a5ea7113b8311a84623fe58891b45,SP reward for iUSD,10 October 2023,27870,10-01-2024 21:45,12-10-2023 23:00
5962,442,9ef82b39ec0521ee2054f18b3811007af895c6a3248eb9bf458ebedd,SP reward for iUSD,10 October 2023,1150062,10-01-2024 21:45,12-10-2023 23:00
5963,442,c7433f16ccc68259a53af788ab3d7178af7b97152636957fb2c62dc1,SP reward for iUSD,10 October 2023,261974,10-01-2024 21:45,12-10-2023 23:00
5964,442,84a3845f1764ec4c31ea9d3a5d355b0d7ed82567fb46fc65a18685ad,SP reward for iUSD,10 October 2023,921701,10-01-2024 21:45,12-10-2023 23:00
5965,442,47893efd2d27dd035f8005af5b18cb452af194e3f61b19c57fee1c51,SP reward for iUSD,10 October 2023,5819399,10-01-2024 21:45,12-10-2023 23:00
5966,442,59e2aba1fb0abc61bee1f5f9a772d1681b69dc9b39c50831fd2fa80e,SP reward for iUSD,10 October 2023,14,10-01-2024 21:45,12-10-2023 23:00
5967,442,a98843c2533d5681e29cc5257c9cfa172b4eac792a04c4601962c0f8,SP reward for iUSD,10 October 2023,1726899,10-01-2024 21:45,12-10-2023 23:00
5968,442,57b3dadb9e3e83508002cfb84caf121224704722b831e82aeb9705a2,SP reward for iUSD,10 October 2023,53785,10-01-2024 21:45,12-10-2023 23:00
5969,442,079a22b7bbec3302d9294545f49453f016b7ff5d22a728431ba05ded,SP reward for iUSD,10 October 2023,5368555,10-01-2024 21:45,12-10-2023 23:00
5970,442,5704ede877045beaaf499cf2a9a7f73b1aec49880230fdbd61512f0e,SP reward for iUSD,10 October 2023,458,10-01-2024 21:45,12-10-2023 23:00
5971,442,2650b27630522d003c9542d54127d356f73714d289f491e8daff64f4,SP reward for iUSD,10 October 2023,315558,10-01-2024 21:45,12-10-2023 23:00
5972,442,74abc195569ef29da8d1cf2842d2a34b8e0f7a8b23722ba46606e998,SP reward for iUSD,10 October 2023,1487685,10-01-2024 21:45,12-10-2023 23:00
5973,442,8f72847f16ec95a2ea2a9c6a914ac2d2e45524e7f7665e17c664c32c,SP reward for iUSD,10 October 2023,19714552,10-01-2024 21:45,12-10-2023 23:00
5974,442,09cf80f8ab5cd027f911c64df907e63006e22a1f56f20ba093fe317c,SP reward for iUSD,10 October 2023,2278247,10-01-2024 21:45,12-10-2023 23:00
5975,442,88a1b78ff061c18bf631fed05ffd64139ec46bcfabdb8fd79c99f646,SP reward for iUSD,10 October 2023,8513088,10-01-2024 21:45,12-10-2023 23:00
5976,442,c1cd747fe18cf8260a8115694c82c458f6facfafd5a382447a2a3e03,SP reward for iUSD,10 October 2023,303503,10-01-2024 21:45,12-10-2023 23:00
5977,442,e435792ece3754f9a940629ec319e62c108f06fedc90da30504b776f,SP reward for iUSD,10 October 2023,563161,10-01-2024 21:45,12-10-2023 23:00
5978,442,1227be2193b0f03f9ced11395f01fec9baab09491e545787377e5787,SP reward for iUSD,10 October 2023,1704677,10-01-2024 21:45,12-10-2023 23:00
5979,442,d00c92d92560223d54d47e2332b1937f37e48f8faf44d2735e119b40,SP reward for iUSD,10 October 2023,202755,10-01-2024 21:45,12-10-2023 23:00
5980,442,36f8e2d7f56a884613705fdc41d538014cccd5b812e2628a5ddb0dd7,SP reward for iUSD,10 October 2023,560480,10-01-2024 21:45,12-10-2023 23:00
5981,442,d45412bd659b743dc194f012b7d5fb89e23cb3752460ce286879e9c8,SP reward for iUSD,10 October 2023,573125,10-01-2024 21:45,12-10-2023 23:00
5982,442,7423ab90ed86ee42a4e78d597414b265ae53e202ce56a3b1dfabbef1,SP reward for iUSD,10 October 2023,2511950,10-01-2024 21:45,12-10-2023 23:00
5983,442,2a186360f52023fb2e72d8f9db51d37c9cb73f2a0c9baa970d96b9da,SP reward for iUSD,10 October 2023,4533,10-01-2024 21:45,12-10-2023 23:00
5984,442,155786e476bb13cc43fa713f6f0ce67fd9978b8937adbea7fb9b897e,SP reward for iUSD,10 October 2023,0,10-01-2024 21:45,12-10-2023 23:00
5985,442,b56fdbb66dec9c967d89b574589a540521feb3e33cf3153e02d443e8,SP reward for iUSD,10 October 2023,39813,10-01-2024 21:45,12-10-2023 23:00
5986,442,cb54cfadf73e05aff09561a2fb16e0799fbe9f03b0c4d83b61fa9b4f,SP reward for iUSD,10 October 2023,1966445,10-01-2024 21:45,12-10-2023 23:00
5987,442,cc49c427436479201845dee1a19f6148e015b178c5cace194f9628ef,SP reward for iUSD,10 October 2023,134981,10-01-2024 21:45,12-10-2023 23:00
5988,442,87f24e4fc4a1328618c93c8f4453858062ef19fad9a0da6a58897c3c,SP reward for iUSD,10 October 2023,253259,10-01-2024 21:45,12-10-2023 23:00
5989,442,c8af7ec346eb1242adaeebd3ad327b140d37d084dc75a3e026ce4b39,SP reward for iUSD,10 October 2023,135719,10-01-2024 21:45,12-10-2023 23:00
5990,442,c2174735c17d772c59d5d19d925f29092b36344e24964b3d115637b7,SP reward for iUSD,10 October 2023,110600,10-01-2024 21:45,12-10-2023 23:00
5991,442,8ae7c1900973787d73c17eb1ee974babede3d21b69489f0413815b9b,SP reward for iUSD,10 October 2023,28025,10-01-2024 21:45,12-10-2023 23:00
5992,442,fac447a7a795f2b08ce132a2daa6b394adbe5a6b5a378b705c20dd86,SP reward for iUSD,10 October 2023,8010,10-01-2024 21:45,12-10-2023 23:00
5993,442,a39922fbb194ad7cbb312e63adc84aec33bd4e385ff14dfda64e9eb5,SP reward for iUSD,10 October 2023,1477050,10-01-2024 21:45,12-10-2023 23:00
5994,442,c3fa4890e46c7b8ea2fe782727a74534b4340aced4e80ced7b0b5089,SP reward for iUSD,10 October 2023,121845,10-01-2024 21:45,12-10-2023 23:00
5995,442,6584bcf113af500d0a3da31cf71613891b5ec591bf920e03518cd20a,SP reward for iUSD,10 October 2023,1565994,10-01-2024 21:45,12-10-2023 23:00
5996,442,338f6ad73e0886541751486f71ceb084279c1ef0babe1ca9a2d58687,SP reward for iUSD,10 October 2023,3079812,10-01-2024 21:45,12-10-2023 23:00
5997,442,337cc0ebe91c677d32b45378aa718afb46e731d20dedca7e71fab356,SP reward for iUSD,10 October 2023,597132,10-01-2024 21:45,12-10-2023 23:00
5998,442,6e905d1b63238bc14a154abf1caf7d960df681fe54b912080253f388,SP reward for iUSD,10 October 2023,224566,10-01-2024 21:45,12-10-2023 23:00
5999,442,a74340a486e8463d7574049adacae6920b126c6776c41ff1fb0ed2ce,SP reward for iUSD,10 October 2023,40714,10-01-2024 21:45,12-10-2023 23:00
6000,442,da206c89b87c2a2e2d5230fa43b194e02a947da30dbf996d01e28a50,SP reward for iUSD,10 October 2023,59549,10-01-2024 21:45,12-10-2023 23:00
6001,442,991cdf984dad30fa2dcd54085e6d4b8689be3edbad0b8d4186c69e7f,SP reward for iUSD,10 October 2023,404053,10-01-2024 21:45,12-10-2023 23:00
6002,442,6cfbc28fa54b2920b6cad9531f7071724ecaf253e52c0c7686613e98,SP reward for iUSD,10 October 2023,63622,10-01-2024 21:45,12-10-2023 23:00
6003,442,c19c3361c08376eaf1baaf5c4663dd51eea289a28b4e864a4bdfdd78,SP reward for iUSD,10 October 2023,58635800,10-01-2024 21:45,12-10-2023 23:00
6004,442,5cdd7f4959486306226ebcf1e43d45d7bfe2c4acd7ebafaf2c647248,SP reward for iUSD,10 October 2023,851836,10-01-2024 21:45,12-10-2023 23:00
6005,442,161478c8f8376606bcc5ae29a3d3c4efe4a06ae5009285f447daa51f,SP reward for iUSD,10 October 2023,552533,10-01-2024 21:45,12-10-2023 23:00
6006,442,fd79020d34bdd47dbdfbc9bd9b330d43a0ab87be0e6f96a7328591d0,SP reward for iUSD,10 October 2023,1010601,10-01-2024 21:45,12-10-2023 23:00
6007,442,ba9cdccfb43c0bb8236d5819a7086f1093d0c0a4d6b631ea5eed67bc,SP reward for iUSD,10 October 2023,2130651,10-01-2024 21:45,12-10-2023 23:00
6008,442,fcc20a843a102f03b5a67e2d9567fc74c70c2c2c294b85fa83086611,SP reward for iUSD,10 October 2023,61756614,10-01-2024 21:45,12-10-2023 23:00
6009,442,a4ae6b7d6fde02966811a441c04d72af1ad8a1bafd8684192c5c99f7,SP reward for iUSD,10 October 2023,95626,10-01-2024 21:45,12-10-2023 23:00
6010,442,d293f90ea2fd8c346edc313e42d1d8e3e739282dca078926377f6e1d,SP reward for iUSD,10 October 2023,1041320,10-01-2024 21:45,12-10-2023 23:00
6011,442,7b265e114f73e3211208c90e4ad81cc9c33949b1b14cf64f7bb83b90,SP reward for iUSD,10 October 2023,4531306,10-01-2024 21:45,12-10-2023 23:00
6012,442,3ad5dd18668f5b377db54b25779327cc864e6dfc639209a302c79c9a,SP reward for iUSD,10 October 2023,199915,10-01-2024 21:45,12-10-2023 23:00
6013,442,0b6d4094acb71999783c5f632377b48f9df9fc9e2d90e0fda2fdbdec,SP reward for iUSD,10 October 2023,736382,10-01-2024 21:45,12-10-2023 23:00
6014,442,e0ea68c3e09114bb8b746e67a3e44b5e4c0cdce33c07391dc1f61be2,SP reward for iUSD,10 October 2023,3086453,10-01-2024 21:45,12-10-2023 23:00
6015,442,f7315c71937b8ee2b38ba0cabbb3d24b34186c415cb1a75e1f383666,SP reward for iUSD,10 October 2023,18684,10-01-2024 21:45,12-10-2023 23:00
6016,442,9f95cb7929fd219396797e5ed4c48b69cd18f58370858927236619cf,SP reward for iUSD,10 October 2023,928835,10-01-2024 21:45,12-10-2023 23:00
6017,442,10b776dcc1840a0606e0cad33d6641d643d7e13ace69c9646edf99dd,SP reward for iUSD,10 October 2023,3516670,10-01-2024 21:45,12-10-2023 23:00
6018,442,98c9ede2d55f7f080a56fae1fdaf13fba514696d0ca759c8994b7967,SP reward for iUSD,10 October 2023,1618790,10-01-2024 21:45,12-10-2023 23:00
6019,442,3d4d56f02ddccf47cbebceccd1d5fdf9e2f8020e8fd929e08318922b,SP reward for iUSD,10 October 2023,10319811,10-01-2024 21:45,12-10-2023 23:00
6020,442,fa9c7e0beaad372083bafd39c7cef554824a1e9eb21556676864ab7e,SP reward for iUSD,10 October 2023,10652910,10-01-2024 21:45,12-10-2023 23:00
6021,442,b895c57b4e6630d050de5e09138efc20f7e640d2bc8ffe1c0d14cfba,SP reward for iUSD,10 October 2023,1709454,10-01-2024 21:45,12-10-2023 23:00
6022,442,064bdec62473f25d5eb0cb4e051a3bfb6fd889f02e86c496539846b0,SP reward for iUSD,10 October 2023,46513,10-01-2024 21:45,12-10-2023 23:00
6023,442,35fc0d9a0b03f48768465620b16a3d5902a30dab99d4a7d2c08add5c,SP reward for iUSD,10 October 2023,3888549,10-01-2024 21:45,12-10-2023 23:00
6024,442,c5854b3494829859718d554f59b8fdef5ccec8fdccc9751344e24b3e,SP reward for iUSD,10 October 2023,6339,10-01-2024 21:45,12-10-2023 23:00
6025,442,6ab1e8f492b0ade359dcc23754a37711b11e09f3c300db387a7df62a,SP reward for iUSD,10 October 2023,890819,10-01-2024 21:45,12-10-2023 23:00
6026,442,d6e3d66efb7fa4952880722480e66467a350a17d78a96cdadf979d53,SP reward for iUSD,10 October 2023,1605984,10-01-2024 21:45,12-10-2023 23:00
6027,442,2b895e4b71b00c1b791f9f19402cd8a08898720bf4e990cc4eef77b9,SP reward for iUSD,10 October 2023,77376,10-01-2024 21:45,12-10-2023 23:00
6028,442,2a2acc24ba402b8086208c7018a49ae417d95461d2979b9d994f9035,SP reward for iUSD,10 October 2023,2685033,10-01-2024 21:45,12-10-2023 23:00
6029,442,0cc3fd8d76cf6637dd2bcf040015bb20a7845bee40ac164df50254b6,SP reward for iUSD,10 October 2023,3872219,10-01-2024 21:45,12-10-2023 23:00
6030,442,e6eea7abac12ee5189c640fc562f48ea59a2f121c8403ca97e34cb69,SP reward for iUSD,10 October 2023,51178,10-01-2024 21:45,12-10-2023 23:00
6031,442,df9ea106bd220f6e95c0d6f5a718f8815bafdb5e0421399feff70205,SP reward for iUSD,10 October 2023,144225,10-01-2024 21:45,12-10-2023 23:00
6032,442,9730f04ab71ff759ededcbc4f7b4c8b2353af6885f2741194c98ed61,SP reward for iUSD,10 October 2023,172295,10-01-2024 21:45,12-10-2023 23:00
6033,442,a181fb98e93e123144d85fee0993bd560ed91d82ccb4b9681bdecc95,SP reward for iUSD,10 October 2023,519833,10-01-2024 21:45,12-10-2023 23:00
6034,442,3faabb3508ee0fb5a909dd6e5b73d101c7e0d69fe91f75593c8033e0,SP reward for iUSD,10 October 2023,304975,10-01-2024 21:45,12-10-2023 23:00
6035,442,946c74a18ccd97a6cdb64318cb3374ab72e83c616d30d604e1cb8d20,SP reward for iUSD,10 October 2023,56934691,10-01-2024 21:45,12-10-2023 23:00
6036,442,149c6cbb53238fec80d8e323309c8d81a1ee81ff15cf45af7a16516b,SP reward for iUSD,10 October 2023,0,10-01-2024 21:45,12-10-2023 23:00
6037,442,6c543f866d7e82c724ab7bf7b8ca2568f3a72061fef7a192e8f34616,SP reward for iUSD,10 October 2023,3879623,10-01-2024 21:45,12-10-2023 23:00
6038,442,979f9f2d799f4b0fdc0c6503d435fd4d79d21411095c222a2226d19c,SP reward for iUSD,10 October 2023,3036968,10-01-2024 21:45,12-10-2023 23:00
6039,442,01da9d4fea55755b1bd3017417aeae4b69e15fda2bbdb49d739351ff,SP reward for iUSD,10 October 2023,8079,10-01-2024 21:45,12-10-2023 23:00
6040,442,8aa76b18d1a22584264b2e660df4cca898199cc0cdbb41af9f12fd0f,SP reward for iUSD,10 October 2023,1220554,10-01-2024 21:45,12-10-2023 23:00
6041,442,f1fd5fd7154759c785737edd86ea83fcedaa305ca780e20d69cf294a,SP reward for iUSD,10 October 2023,1417280,10-01-2024 21:45,12-10-2023 23:00
6042,442,8732d6ae48c07b2694e9918fcdfff84e0995b165d4615c32fc76a978,SP reward for iUSD,10 October 2023,1727029,10-01-2024 21:45,12-10-2023 23:00
6043,442,00d5a046be21b4c6c5c6c90c6f831f2b6413cf7c22bd0e0affddf169,SP reward for iUSD,10 October 2023,371308,10-01-2024 21:45,12-10-2023 23:00
6044,442,66245022306cc7bc7c408845ef8eff4b6f3e43b47de7941c95889e62,SP reward for iUSD,10 October 2023,1550956,10-01-2024 21:45,12-10-2023 23:00
6045,442,e09afca138bcdc4bf4da58eb17b98db2572818ba7ac17328f9db9118,SP reward for iUSD,10 October 2023,9647500,10-01-2024 21:45,12-10-2023 23:00
6046,442,e135f30c9c5c572d9dfa6bdc3d20f58403d163e6fb11aeae583a78f0,SP reward for iUSD,10 October 2023,30718,10-01-2024 21:45,12-10-2023 23:00
6047,442,a79e3310327ff57aec9921c729d9a81389fe10aaa398fda3e5ae0fb3,SP reward for iUSD,10 October 2023,885896,10-01-2024 21:45,12-10-2023 23:00
6048,442,2795b7b51bdf9be9e61f92f50bf27bf425f80dcb1044d6bc240c1ed0,SP reward for iUSD,10 October 2023,334595,10-01-2024 21:45,12-10-2023 23:00
6049,442,b85dff549239e4a2cb2ee05686b291f7e251c661364e610fd913475e,SP reward for iUSD,10 October 2023,197708,10-01-2024 21:45,12-10-2023 23:00
6050,442,b7f7ae08769181fd6287c83f74fe18cce31b5bad2e39eeb4ae982f68,SP reward for iUSD,10 October 2023,1856751,10-01-2024 21:45,12-10-2023 23:00
6051,442,072569588caa5cdfcfc07a1bc6e8731d835f6a6f5c077d1d6dee0756,SP reward for iUSD,10 October 2023,414001,10-01-2024 21:45,12-10-2023 23:00
6052,442,04b2d0d78cb7211ad2f3f155d56973076eb41dbe51040db046525ecf,SP reward for iUSD,10 October 2023,18213747,10-01-2024 21:45,12-10-2023 23:00
6053,442,5f75978f9c34609c4720a15d2cb51b1384ef0711a8e4afa7de0d060a,SP reward for iUSD,10 October 2023,475591,10-01-2024 21:45,12-10-2023 23:00
6054,442,8d936446136ef1c56b2be4d5a4f98e6fa1012788406a466f9b713fd0,SP reward for iUSD,10 October 2023,1808932,10-01-2024 21:45,12-10-2023 23:00
6055,442,51ba77a69f4bd280866f41ca99f33f4d0d82db2d7bd7d854b915fc06,SP reward for iUSD,10 October 2023,530323,10-01-2024 21:45,12-10-2023 23:00
6056,442,f5fc2163bd928f1bd4be6463323d1341eb5709ad2fc7780f3a0110bf,SP reward for iUSD,10 October 2023,3616182,10-01-2024 21:45,12-10-2023 23:00
6057,442,930a5a40fb419b4ca1a3d0a2f8cba25c0baeb5949e794034a7fbd1b4,SP reward for iUSD,10 October 2023,104500,10-01-2024 21:45,12-10-2023 23:00
6058,442,ca79ad389e53d6d78f64b08613237df256252d328a6adf8cd3fddaad,SP reward for iUSD,10 October 2023,1243410,10-01-2024 21:45,12-10-2023 23:00
6059,442,426dc9a8ffd26f37ef26cc1e2619df3223ecc9718d8d57801efc5ddc,SP reward for iUSD,10 October 2023,39515,10-01-2024 21:45,12-10-2023 23:00
6060,442,dddc26bc5c16b1fdccc13e72abfc5bbab373d7ceb98132fe51b39e33,SP reward for iUSD,10 October 2023,7537980,10-01-2024 21:45,12-10-2023 23:00
6061,442,9e424dfa5b06d4e6acfe6749af8d6a19bab26f56b09b4c321661e890,SP reward for iUSD,10 October 2023,125413,10-01-2024 21:45,12-10-2023 23:00
6062,442,e30a204b11986043cac4fca3022600e309ad1bd06963affb22fcf3a5,SP reward for iUSD,10 October 2023,4023414,10-01-2024 21:45,12-10-2023 23:00
6063,442,a13cf52d79177a8df19463e96c2d0629cb8affd4c658c60f7c618597,SP reward for iUSD,10 October 2023,9622963,10-01-2024 21:45,12-10-2023 23:00
6064,442,8c861a9b2a144a55f0c8ca8314bc57c3a580324b51fdc6ff2dd4a9d6,SP reward for iUSD,10 October 2023,3228677,10-01-2024 21:45,12-10-2023 23:00
6065,442,0696bd335a574f62f105d7e9eee0f7a2c84c21b9779fa4885654d8e2,SP reward for iUSD,10 October 2023,121118,10-01-2024 21:45,12-10-2023 23:00
6066,442,771cfa350bd4fdc1e17319971cc30b1f224eb81d8afd8ab7866deeb6,SP reward for iUSD,10 October 2023,4015770,10-01-2024 21:45,12-10-2023 23:00
6067,442,d683ff7b8b7ec25d210d61d015c0aa66c0befccaa031851d067af87b,SP reward for iUSD,10 October 2023,220768,10-01-2024 21:45,12-10-2023 23:00
6068,442,a8fe5934b7f4cb3a24db0ae235b002f777c72614d127bb3649809961,SP reward for iUSD,10 October 2023,46467,10-01-2024 21:45,12-10-2023 23:00
6069,442,c1199d9f8fec89635975b43432249e58999e9e1d85e8cff60ad5b329,SP reward for iUSD,10 October 2023,478438,10-01-2024 21:45,12-10-2023 23:00
6070,442,3b51d0cc84f801364b28475d2d494f4f3fb23fe7ab720ebb6bb75437,SP reward for iUSD,10 October 2023,93035,10-01-2024 21:45,12-10-2023 23:00
6071,442,548fece8d2f6e55efda4a70452343bc1f92cac3c1cf8ef250535c048,SP reward for iUSD,10 October 2023,1088438,10-01-2024 21:45,12-10-2023 23:00
6072,442,972bbf37a804f90fae9fee48576beb8611cf3da5cf4834df0cf7160c,SP reward for iUSD,10 October 2023,25253,10-01-2024 21:45,12-10-2023 23:00
6073,442,e2db0579454041b6d16ddc4745cf7f3ad3e0535ee838258f7af685f3,SP reward for iUSD,10 October 2023,120416,10-01-2024 21:45,12-10-2023 23:00
6074,442,0f87c9e4a0a8103f4c6ada1bffe2b608dbcfed9f22ead6d6541ea7f7,SP reward for iUSD,10 October 2023,14243,10-01-2024 21:45,12-10-2023 23:00
6075,442,520656bf9131c244f7925816da91de7e7b8f96b868d358641128120b,SP reward for iUSD,10 October 2023,475660,10-01-2024 21:45,12-10-2023 23:00
6076,442,4161da6570a522b9de574b45ae1ade7338a5dd8e69a40138fa57ac67,SP reward for iUSD,10 October 2023,1724628,10-01-2024 21:45,12-10-2023 23:00
6077,442,3e253558970a2b5956a66d2b5d7ef2a57edb8aaefe9c3ed9f96a4019,SP reward for iUSD,10 October 2023,1352479,10-01-2024 21:45,12-10-2023 23:00
6078,442,c59dfaaf43c38d28e4bf38064a298f6adff6f0ac28a81ca2ba81efd4,SP reward for iUSD,10 October 2023,41157,10-01-2024 21:45,12-10-2023 23:00
6079,442,058f356380a71f1d3d1e14c7f1abba5f716847dfe200f36c3a5aa949,SP reward for iUSD,10 October 2023,801892,10-01-2024 21:45,12-10-2023 23:00
6080,442,d1660b25e17cb23c44f9161fd71df2a4e847f5b1e0b23a4bae71423a,SP reward for iUSD,10 October 2023,127964900,10-01-2024 21:45,12-10-2023 23:00
6081,442,ebb3c77c9d613815a380172a1ccc3f14b656b3a637c068209100501e,SP reward for iUSD,10 October 2023,317960,10-01-2024 21:45,12-10-2023 23:00
6082,442,1be221caa2e043e3f2ac88126788bbab75a92f69f96c4ebd85e5d3da,SP reward for iUSD,10 October 2023,3532523,10-01-2024 21:45,12-10-2023 23:00
6083,442,597619e9233ddb715df243a0d183d89891f3204dcac08dcd692732ef,SP reward for iUSD,10 October 2023,1089625,10-01-2024 21:45,12-10-2023 23:00
6084,442,a0ff3365ef9cd002c84b6d003102a2c1004a3cc675b81d72e1afbf9d,SP reward for iUSD,10 October 2023,801896,10-01-2024 21:45,12-10-2023 23:00
6085,442,d5ffa4e09c6eaa4c882e10d3cc94b6c604e5982bf3715d40d4ec5351,SP reward for iUSD,10 October 2023,102410,10-01-2024 21:45,12-10-2023 23:00
6086,442,9442130f8971114afb57ca22fc0c8bbf9cdd009faba8c714a571d88a,SP reward for iUSD,10 October 2023,60275,10-01-2024 21:45,12-10-2023 23:00
6087,442,e0a01d855bcf78a32e506af2e884320d922b7e884afa2356776dada9,SP reward for iUSD,10 October 2023,1385473,10-01-2024 21:45,12-10-2023 23:00
6088,442,759b2ad795fb741546cb47086bf90dcbfc4e8144e62a824c815c1ffb,SP reward for iUSD,10 October 2023,1296984,10-01-2024 21:45,12-10-2023 23:00
6089,442,c05d3ab97abdcac7e81855b92b59afe40f18b059e9d8cceedc5ef511,SP reward for iUSD,10 October 2023,115482,10-01-2024 21:45,12-10-2023 23:00
6090,442,7ff4364ce33d555ba76e0f7fe601a9a8d5a4c33aadf2caa3c1277225,SP reward for iUSD,10 October 2023,34869,10-01-2024 21:45,12-10-2023 23:00
6091,442,6537c4f74f158a9511a2540c52d32fc302f74acb820acb7e938138dd,SP reward for iUSD,10 October 2023,70968,10-01-2024 21:45,12-10-2023 23:00
6092,442,15606a30af237ef3bfca6b3b7f22d22fe320630f02c84787d533896d,SP reward for iUSD,10 October 2023,1313076,10-01-2024 21:45,12-10-2023 23:00
6093,442,5b06d393e8dfcfc2b19ca8ecc91c242dd437ed72d917391264183f36,SP reward for iUSD,10 October 2023,222568,10-01-2024 21:45,12-10-2023 23:00
6094,442,0aaca0ecc770cb15636d6835e7d1800a38b28741c2eb0e51cddac52f,SP reward for iUSD,10 October 2023,500339,10-01-2024 21:45,12-10-2023 23:00
6095,442,867d0bbc161fa9b4c7fb242b55ac34e39a4c5cb3945ecee645ad2061,SP reward for iUSD,10 October 2023,801629,10-01-2024 21:45,12-10-2023 23:00
6096,442,38912a457ed1811244cdbc1c358671491a7b2844953774a86fa765dc,SP reward for iUSD,10 October 2023,568682,10-01-2024 21:45,12-10-2023 23:00
6097,442,ce654cc45f56f912cea1031b56bf9fdbbd49f77c0717e017805850a5,SP reward for iUSD,10 October 2023,371263,10-01-2024 21:45,12-10-2023 23:00
6098,442,ea29ab4f2420255302bd2c56e8fe74a36f0fcc96a30cf5fad9994b4a,SP reward for iUSD,10 October 2023,6253026,10-01-2024 21:45,12-10-2023 23:00
6099,442,adf9274c6b2a09d1f352088cee4c939f9c8b95f75f761e6927bded63,SP reward for iUSD,10 October 2023,65373,10-01-2024 21:45,12-10-2023 23:00
6100,442,616ae6f4803b2d581ebd1d5cf6b74c35cd5ab3a1b9bd992a9cbee44b,SP reward for iUSD,10 October 2023,142743,10-01-2024 21:45,12-10-2023 23:00
6101,442,fc1c84e08e8e47cda82dfe5d2778002da43570516efe2517c7878226,SP reward for iUSD,10 October 2023,1229,10-01-2024 21:45,12-10-2023 23:00
6102,442,9adca998ba0dd97e2f2720c2ae640088796272ec3f41a6cdf8819fe4,SP reward for iUSD,10 October 2023,50590,10-01-2024 21:45,12-10-2023 23:00
6103,442,9d2414ab252cdd877f2b5aafa6eb7dd60cbf1bb4871ed9e184ed1078,SP reward for iUSD,10 October 2023,1389386,10-01-2024 21:45,12-10-2023 23:00
6104,442,ec189db91bbc7706bf3725f0d2ef8cef34d22b069510395f09fe78c6,SP reward for iUSD,10 October 2023,331422,10-01-2024 21:45,12-10-2023 23:00
6105,442,67b7442696af08df16dc9ca0202f8103f63c679a45df9719c7640e70,SP reward for iUSD,10 October 2023,1601750,10-01-2024 21:45,12-10-2023 23:00
6106,442,dd6b9922e6ee77ff126984d10a13695ac05b46949d0ab4751a9d0e1d,SP reward for iUSD,10 October 2023,1276517,10-01-2024 21:45,12-10-2023 23:00
6107,442,c05a3bb916f898f5a4bb6886e7eca889c8f0e337ca7d0ac8a23aadf3,SP reward for iUSD,10 October 2023,1315787,10-01-2024 21:45,12-10-2023 23:00
6108,442,8c1879394f01e671306b6e8f2d2f67383a3ce75a387ecf3c18e3d87d,SP reward for iUSD,10 October 2023,448682,10-01-2024 21:45,12-10-2023 23:00
6109,442,31161a3f479812bb1b676672d89d870a9eb53209c5ac33bec960388e,SP reward for iUSD,10 October 2023,1558739,10-01-2024 21:45,12-10-2023 23:00
6110,442,48d0e3a17973c514a8e6d4f8bb3642a6873ce9b2240ccce4ef953e09,SP reward for iUSD,10 October 2023,13591653,10-01-2024 21:45,12-10-2023 23:00
6111,442,3caee35d0a5e9a6cf25a30b78787b18bef083a4b6342b9717af1bd73,SP reward for iUSD,10 October 2023,1019,10-01-2024 21:45,12-10-2023 23:00
6112,442,5f431f57ad76f9c3feaf03809fb3ba95da61f53fda601021a73f8040,SP reward for iUSD,10 October 2023,2616077,10-01-2024 21:45,12-10-2023 23:00
6113,442,3fd2e25d97a94982155facf50aa12a8b8d12b594d4056660e4a3b86e,SP reward for iUSD,10 October 2023,540646,10-01-2024 21:45,12-10-2023 23:00
6114,442,8c52a614e258853f5194998ddc2ea49943152e67b55e2dddb08f031d,SP reward for iUSD,10 October 2023,3925672,10-01-2024 21:45,12-10-2023 23:00
6115,442,019f3d35ef1c1067784c46f9b165150919cdefda177dd301af373051,SP reward for iUSD,10 October 2023,64677,10-01-2024 21:45,12-10-2023 23:00
6116,442,df027e77e46f186b37c7dd5ef8df0aa6e03402fc383f90bcb28eec6c,SP reward for iUSD,10 October 2023,468684,10-01-2024 21:45,12-10-2023 23:00
6117,442,a37fab79f14d68ea324942d0acb658d887671d6c09f3a5c9284f2348,SP reward for iUSD,10 October 2023,434352,10-01-2024 21:45,12-10-2023 23:00
6118,442,d94f9bc0ffe11ad1005b22a6e5c2b471b29c53510aa81514fc24d95a,SP reward for iUSD,10 October 2023,27303,10-01-2024 21:45,12-10-2023 23:00
6119,442,58c7f9acba6b471706387121c33623fa2d810fe5df6b4b11b72710d6,SP reward for iUSD,10 October 2023,1101575,10-01-2024 21:45,12-10-2023 23:00
6120,442,9bd3f69b4c63d599fdad5b151e8ea20bb61a05995cba211562730ec5,SP reward for iUSD,10 October 2023,408433,10-01-2024 21:45,12-10-2023 23:00
6121,442,f772160fc113955ca1abcd75d7ad581be0665505aabdd70106d59cde,SP reward for iUSD,10 October 2023,97690,10-01-2024 21:45,12-10-2023 23:00
6122,442,9c2b04c3d361d4d72878e7c0c067ce6cdf9f29561bfab5c59728c4e2,SP reward for iUSD,10 October 2023,1515296,10-01-2024 21:45,12-10-2023 23:00
6123,442,85c66ed26b27050fbc7bebe3c85f283ea848da45f15dd05469477684,SP reward for iUSD,10 October 2023,40933,10-01-2024 21:45,12-10-2023 23:00
6124,442,07be0c021a1d4a26ad6e2761767b186961d184259a365cda60002925,SP reward for iUSD,10 October 2023,2673989,10-01-2024 21:45,12-10-2023 23:00
6125,442,c7844a7008ebbd1b2d88d0897769094aca05b7146c3e54cb92182efd,SP reward for iUSD,10 October 2023,3860447,10-01-2024 21:45,12-10-2023 23:00
6126,442,69cc71ae506283df9ddbc57cdbf9a22e090ac05fcb9ba3d1c88445b6,SP reward for iUSD,10 October 2023,148931,10-01-2024 21:45,12-10-2023 23:00
6127,442,32ccbda6329e7a4eeb9c07b53d1b65e9b2c0816c637638070e4b8e22,SP reward for iUSD,10 October 2023,20607,10-01-2024 21:45,12-10-2023 23:00
6128,442,97bf01e140f1cd68d8f3e3fa882f1f10784d33847cbdd3562934fca0,SP reward for iUSD,10 October 2023,6806184,10-01-2024 21:45,12-10-2023 23:00
6129,442,2fa90762885118cf0d7de7ae738a15b63e6faef020101de74c581ffb,SP reward for iUSD,10 October 2023,1081023,10-01-2024 21:45,12-10-2023 23:00
6130,442,ed67c1814130e1843ff71ecceb55817834bc41071a996d3c3683ff07,SP reward for iUSD,10 October 2023,124324,10-01-2024 21:45,12-10-2023 23:00
6131,442,65486825d3effecd2864af2faf9252aca837c7a765deb51ed27ce39c,SP reward for iUSD,10 October 2023,46900,10-01-2024 21:45,12-10-2023 23:00
6132,442,134772ad86746619dd39c1bcfd82c5cbec2872f3fbbae1c289e2c7c4,SP reward for iUSD,10 October 2023,18097,10-01-2024 21:45,12-10-2023 23:00
6133,442,28e6f2f013c597fb1c39699e5bb4c81671f48d77facd478638908785,SP reward for iUSD,10 October 2023,516246,10-01-2024 21:45,12-10-2023 23:00
6134,442,1afac53a4d1a00fdc5c19991c9ab585d92ed50cb9c71ba9c61a36106,SP reward for iUSD,10 October 2023,32594,10-01-2024 21:45,12-10-2023 23:00
6135,442,3da346f70a54cbb8b92754bca59a712f0fbdee9ec98a719610fc516d,SP reward for iUSD,10 October 2023,91434,10-01-2024 21:45,12-10-2023 23:00
6136,442,15f8cfb4da9cb42c4d6e84279d1b38591c14757ffdc34c84d1bcf18d,SP reward for iUSD,10 October 2023,458692,10-01-2024 21:45,12-10-2023 23:00
6137,442,a7793000be35ab0dd64570208d714684e292588d3067948d9cab4b62,SP reward for iUSD,10 October 2023,2236526,10-01-2024 21:45,12-10-2023 23:00
6138,442,f94f3a43cb63e533445462c97e7234f2ea625b1927446f5b9ae7687e,SP reward for iUSD,10 October 2023,2260128,10-01-2024 21:45,12-10-2023 23:00
6139,442,f523a5f3501a8277b92972279f52a33a739695801150b40b93894095,SP reward for iUSD,10 October 2023,229286,10-01-2024 21:45,12-10-2023 23:00
6140,442,e464f30caf386f8e7e5c26271a2ec64ac5fe6225d60ba008143b26f8,SP reward for iUSD,10 October 2023,208717,10-01-2024 21:45,12-10-2023 23:00
6141,442,49c2c4f76f238563c5990a35705da21a365ec249e73a1f9bac2893a7,SP reward for iUSD,10 October 2023,2005303,10-01-2024 21:45,12-10-2023 23:00
6142,442,20e6fbd5dc1f0edd267fd7d81a4ee11caa622a2d9f0bf88f98bdec4f,SP reward for iUSD,10 October 2023,5110290,10-01-2024 21:45,12-10-2023 23:00
6143,442,566ee768618e6939c13d38bd4a6b23e2693713d7b7c32ee6f5ec327e,SP reward for iUSD,10 October 2023,257251,10-01-2024 21:45,12-10-2023 23:00
6144,442,463a5cf576b278f5b6ab89f7c531d77640d68b6984c5243b76eeafc7,SP reward for iUSD,10 October 2023,42855128,10-01-2024 21:45,12-10-2023 23:00
6145,442,1d78675c4c641307a6ee67c1632f84df8df0a86997fd07f1c2722d5b,SP reward for iUSD,10 October 2023,24058222,10-01-2024 21:45,12-10-2023 23:00
6146,442,31eec5d71937555a28119e20dadcbe20b67b367b2f31f21957466444,SP reward for iUSD,10 October 2023,1973829,10-01-2024 21:45,12-10-2023 23:00
6147,442,3068b11c69d8a302fc06eeafbf4925a5f538082cb460ee4fe572affb,SP reward for iUSD,10 October 2023,1142698,10-01-2024 21:45,12-10-2023 23:00
6148,442,9c27d064a05530a230fd70489e45395ffe983454d84321fe4e75f3f9,SP reward for iUSD,10 October 2023,199051,10-01-2024 21:45,12-10-2023 23:00
6149,442,790f75f1646bc1e3b0011ba02ba4aafdc814e628089b279c26496bfa,SP reward for iUSD,10 October 2023,77309,10-01-2024 21:45,12-10-2023 23:00
6150,442,e33786fcf09ced1747bbd86e3e123a529483cc477932d9f25c4b0d56,SP reward for iUSD,10 October 2023,20047,10-01-2024 21:45,12-10-2023 23:00
6151,442,ee5592e3bff712a914258c52f57873c0cfc73a7b2c25008fedbcdf9d,SP reward for iUSD,10 October 2023,651870,10-01-2024 21:45,12-10-2023 23:00
6152,442,58acdc666be0607f37ef7af4e459bff0d7e376987c21ef77e8e31f6d,SP reward for iUSD,10 October 2023,393161,10-01-2024 21:45,12-10-2023 23:00
6153,442,3106f6e4a4134df3c3b01a609be2569822f8d662843ad0c6b129ef57,SP reward for iUSD,10 October 2023,167530,10-01-2024 21:45,12-10-2023 23:00
6154,442,bd1facdfaebaaa1e6ad72fe8875efa4365dec911f322dd62e5cc1108,SP reward for iUSD,10 October 2023,1701161,10-01-2024 21:45,12-10-2023 23:00
6155,442,c480783df5b96cc1a051c2bbe8c96d842a2743c747f303c656613e19,SP reward for iUSD,10 October 2023,284418,10-01-2024 21:45,12-10-2023 23:00
6156,442,c89afc2da9175089b41172171fccd8eab4fab0a4c4576d3240e0e2a0,SP reward for iUSD,10 October 2023,378685,10-01-2024 21:45,12-10-2023 23:00
6157,442,b6756686f4eb2913773cd154afd06f721a1eeeb6dd84d37b099acb14,SP reward for iUSD,10 October 2023,250935,10-01-2024 21:45,12-10-2023 23:00
6158,442,7726c3a8c946ad37f87999b66a310d03022322dc54f1a1483b65caf7,SP reward for iUSD,10 October 2023,612206,10-01-2024 21:45,12-10-2023 23:00
6159,442,356ab0d504a33050409178365d8033dfafdcb47f3c68c96db35ed1dc,SP reward for iUSD,10 October 2023,1439030,10-01-2024 21:45,12-10-2023 23:00
6160,442,34b9eb31c69076b836788f32cc4f00a21725cbccace3077105c00801,SP reward for iUSD,10 October 2023,151756,10-01-2024 21:45,12-10-2023 23:00
6161,442,38a6b071d8b300a0a8219cb49ae293024f466985a89f62d6188d0388,SP reward for iUSD,10 October 2023,340,10-01-2024 21:45,12-10-2023 23:00
6162,442,c3945d89b9f99ee385a09971bc4d7bdeedf5e6f809f8f72816ddd692,SP reward for iUSD,10 October 2023,298927,10-01-2024 21:45,12-10-2023 23:00
6163,442,bbd31c139830bdb621bc7f6eb3a95a2f1a9e338466cc28e67e0e9176,SP reward for iUSD,10 October 2023,200888,10-01-2024 21:45,12-10-2023 23:00
6164,442,f8eb5d7378d4d251f3bceece697da34c1d0948481df35d21627dc12e,SP reward for iUSD,10 October 2023,7590682,10-01-2024 21:45,12-10-2023 23:00
6165,442,2e36826d65aabaeb8de141a240ba66e04b5b95764abb00acbe9462f6,SP reward for iUSD,10 October 2023,1429688,10-01-2024 21:45,12-10-2023 23:00
6166,442,602b1ace1b71e19ed66c18aea5034eba1835fcd1f1af03ccdafccd8a,SP reward for iUSD,10 October 2023,2325051,10-01-2024 21:45,12-10-2023 23:00
6167,442,03957962e6d6b35f0c6198ab2869a543a2b940ced3c2ef5c1b067297,SP reward for iUSD,10 October 2023,2673176,10-01-2024 21:45,12-10-2023 23:00
6168,442,d8dc639f4acfae62f5542765643c3dbed62ff861834dbe3ffe374e2f,SP reward for iUSD,10 October 2023,189854,10-01-2024 21:45,12-10-2023 23:00
6169,442,477246487885da2080ac3ba82751d27a45e14f90175f8f358547939e,SP reward for iUSD,10 October 2023,5292865,10-01-2024 21:45,12-10-2023 23:00
6170,442,6362594e81cc4bf5946e14a30cf676df0db656ba14dadf367ab90167,SP reward for iUSD,10 October 2023,2271174,10-01-2024 21:45,12-10-2023 23:00
6171,442,b0d6004a93f5ebcbca3d9df0d90dd40d56118c2d092bf4073450c7cf,SP reward for iUSD,10 October 2023,55411,10-01-2024 21:45,12-10-2023 23:00
6172,442,675b807ea9db6ba3e0c36d27e7372ed6fbe458369582f43cc40d204b,SP reward for iUSD,10 October 2023,2291978,10-01-2024 21:45,12-10-2023 23:00
6173,442,c97315e414c9b15a013f216d0345e1669cfbdd86681ed6891e1eb33f,SP reward for iUSD,10 October 2023,1601732,10-01-2024 21:45,12-10-2023 23:00
6174,442,db54bcae18acd1d59a371bd68630025ea86c34496cd7a50f66941c8c,SP reward for iUSD,10 October 2023,354566,10-01-2024 21:45,12-10-2023 23:00
6175,442,57e92d3e09431522de9fc2d1a499f59e997484bb93eb418d77ca727d,SP reward for iUSD,10 October 2023,2605972,10-01-2024 21:45,12-10-2023 23:00
6176,442,8a116fd370e6f96a9c008b885423555af7b57a39644593768bd24ec9,SP reward for iUSD,10 October 2023,200237,10-01-2024 21:45,12-10-2023 23:00
6177,442,e3c282ec2d0472122cdab3e4c64988c7ea90154a2c3b0b3842b13812,SP reward for iUSD,10 October 2023,1278607,10-01-2024 21:45,12-10-2023 23:00
6178,442,15899010c8fcdb8ed1062e163dd8b6398c62e39192d0f1a3e28dd52e,SP reward for iUSD,10 October 2023,21642,10-01-2024 21:45,12-10-2023 23:00
6179,442,b9a88f9937812d62270598b7d72d15364271ece5276dac5636f3612a,SP reward for iUSD,10 October 2023,408914,10-01-2024 21:45,12-10-2023 23:00
6180,442,e60036e669f3f5eeb7b9eaa7634b5f6559b63f452c1c07b561dabdd6,SP reward for iUSD,10 October 2023,1202840,10-01-2024 21:45,12-10-2023 23:00
6181,442,06126a123250e0920b44678709da9d6d06d9edca5ecc7c532ac49aad,SP reward for iUSD,10 October 2023,6252985,10-01-2024 21:45,12-10-2023 23:00
6182,442,b1cf6e2d6f48b04ca81b5240c6863c43be3dde6202a121800a79efad,SP reward for iUSD,10 October 2023,111101,10-01-2024 21:45,12-10-2023 23:00
6183,442,84c9a45c5123c84cb6186adf1f103d3cb4793808002903cca2cbf9d3,SP reward for iUSD,10 October 2023,180957,10-01-2024 21:45,12-10-2023 23:00
6184,442,24f988ff2d6c698e40546682235b29ce08d28d58610087a8b51d4f7b,SP reward for iUSD,10 October 2023,104248,10-01-2024 21:45,12-10-2023 23:00
6185,442,37659fd936489ba08c0f7122f30d034594d20804392ba14cd2a6d362,SP reward for iUSD,10 October 2023,5967,10-01-2024 21:45,12-10-2023 23:00
6186,442,d815c1f4f8e6ea1b4dc012b9d6d48d8ca315c7cddc030c3c7bf780bf,SP reward for iUSD,10 October 2023,2996311,10-01-2024 21:45,12-10-2023 23:00
6187,442,3763f45c7d35bfe90ca08bf7715f3bb84347e80cb3ed92ee67367b1e,SP reward for iUSD,10 October 2023,702088,10-01-2024 21:45,12-10-2023 23:00
6188,442,1df63cc335e2a445f6966f645c3bf1150e8bea0bf025a17431df1b19,SP reward for iUSD,10 October 2023,1904719,10-01-2024 21:45,12-10-2023 23:00
6189,442,568b65fadfb32178198768d1bff91956f5dba957701ce300719237b4,SP reward for iUSD,10 October 2023,2692062,10-01-2024 21:45,12-10-2023 23:00
6190,442,9b5ca3c44c5b45ec37beb7dba0a3376e091d5d78dd13e3f5d6900701,SP reward for iUSD,10 October 2023,153634,10-01-2024 21:45,12-10-2023 23:00
6191,442,83f774ceadbc91b2bf50c6f36088196389100ad4145260fa555011b2,SP reward for iUSD,10 October 2023,32205955,10-01-2024 21:45,12-10-2023 23:00
6192,442,f9923c442169c78c8497d522bc88de59231aa0f68a45a7d70432fcf7,SP reward for iUSD,10 October 2023,202489,10-01-2024 21:45,12-10-2023 23:00
6193,442,fbef6731c54624c0a119298ccf1f1d4a764c8c8ca250c1a855e4cb98,SP reward for iUSD,10 October 2023,100593,10-01-2024 21:45,12-10-2023 23:00
6194,442,b6c8fe09bf3e01359bb5e52c84ff99fc767338874c39af9ae0a6ff61,SP reward for iUSD,10 October 2023,518421,10-01-2024 21:45,12-10-2023 23:00
6195,442,ff459cbd1daf01031d056e85b0495b66ae7167dca9cbfa0f6a77b73c,SP reward for iUSD,10 October 2023,7391,10-01-2024 21:45,12-10-2023 23:00
6196,442,d1e84ced90cffff9442cc47648e7e407a8fc75dbd8eda0c7940d0ba7,SP reward for iUSD,10 October 2023,8413045,10-01-2024 21:45,12-10-2023 23:00
6197,442,f90286cdbcbcace1a08c240643031a82a7e443d38affc318b3203340,SP reward for iUSD,10 October 2023,74114,10-01-2024 21:45,12-10-2023 23:00
6198,442,bac21d6e640bca31e1e2192d788000937e1aeebc73ffebf36f8e3f61,SP reward for iUSD,10 October 2023,2704448,10-01-2024 21:45,12-10-2023 23:00
6199,442,19b46b0b16bbbc3a6f7b67ddd2a5e21dbe1b3b232a9e02109c20350f,SP reward for iUSD,10 October 2023,4942390,10-01-2024 21:45,12-10-2023 23:00
6200,442,39877111400f9a79d24abcc719b82f76dfe94cdb01f2cc8108f6bc87,SP reward for iUSD,10 October 2023,164417,10-01-2024 21:45,12-10-2023 23:00
6201,442,793e0684fd2dfa7d12295503072537909790139c8f47c8d84a54a58a,SP reward for iUSD,10 October 2023,915091,10-01-2024 21:45,12-10-2023 23:00
6202,442,62669c7b2fa3a398a172523e076ee963f74cf17345505391d2cbbe81,SP reward for iUSD,10 October 2023,5011989,10-01-2024 21:45,12-10-2023 23:00
6203,442,b11f12e256590d6f349702a08a9def66cbc7b490cba621d3a6b51f81,SP reward for iUSD,10 October 2023,34824174,10-01-2024 21:45,12-10-2023 23:00
6204,442,e1a8082c47e07a5033dac58e317d904b814c3a3d26d9abe1647274b7,SP reward for iUSD,10 October 2023,701865,10-01-2024 21:45,12-10-2023 23:00
6205,442,c3830b9a5c243a77b2326f19f0edcbdaf25b24d271c10effc510dd1e,SP reward for iUSD,10 October 2023,343572,10-01-2024 21:45,12-10-2023 23:00
6206,442,f0759375e806e0212efd939c5734c9894fd1f309d3da6471e068bdde,SP reward for iUSD,10 October 2023,3388883,10-01-2024 21:45,12-10-2023 23:00
6207,442,fc20e842413e9a330b9af6cfc94c587341c3d17171a0745bd7760c7b,SP reward for iUSD,10 October 2023,271259,10-01-2024 21:45,12-10-2023 23:00
6208,442,7d5b6a4c6a729bcc64f2d0fda08165edee4cbe08d27c3469d6310ab5,SP reward for iUSD,10 October 2023,2399403,10-01-2024 21:45,12-10-2023 23:00
6209,442,0f602b5d99125a213ff9978c6dfca3147a2daf71d7baa9807b6d395b,SP reward for iUSD,10 October 2023,59136,10-01-2024 21:45,12-10-2023 23:00
6210,442,2cecd0fd37e5687e134176c75bd4ce60bbe35b5d44f9f35831a6fc6b,SP reward for iUSD,10 October 2023,604124,10-01-2024 21:45,12-10-2023 23:00
6211,442,dc02a9a676d69f4e922c09f33317f719240fbb8b2e53993055b5bfa8,SP reward for iUSD,10 October 2023,45770,10-01-2024 21:45,12-10-2023 23:00
6212,442,50b984ca982d833e08f2bd2124164aef4193d86503cb484ecbeb1abc,SP reward for iUSD,10 October 2023,398382,10-01-2024 21:45,12-10-2023 23:00
6213,442,3440301225c582d0a5a6a0a5beec84e9589d670ed742b1cf94d7200c,SP reward for iUSD,10 October 2023,244086,10-01-2024 21:45,12-10-2023 23:00
6214,442,6529526c142d3ad732905661d94ccde0cb84f9c32b804a94c6f0d496,SP reward for iUSD,10 October 2023,21502,10-01-2024 21:45,12-10-2023 23:00
6215,442,16af0db2d287df23f43f80b06b04415537fd9b6408c1cb5894da1329,SP reward for iUSD,10 October 2023,2982566,10-01-2024 21:45,12-10-2023 23:00
6216,442,7502c5c924fda27047c2cdff8e5a3ebf823c8427387b674b12b0203d,SP reward for iUSD,10 October 2023,63646,10-01-2024 21:45,12-10-2023 23:00
6217,442,ebb991fd7a308e0c5801dea21c6f29c56a0a7f0718eaab26f17cfd71,SP reward for iUSD,10 October 2023,17193,10-01-2024 21:45,12-10-2023 23:00
6218,442,4fef1de46ca4dffc70cafbce94918dc9e28000d395411532f418a73d,SP reward for iUSD,10 October 2023,1228783,10-01-2024 21:45,12-10-2023 23:00
6219,442,18e4a3d3fcc5dee4b932b901795dd9f7e6ac57c448fca07e2f564029,SP reward for iUSD,10 October 2023,272410,10-01-2024 21:45,12-10-2023 23:00
6220,442,01f8201d8a816667a60991c48558305e0b2bafa074ff269a195b000b,SP reward for iUSD,10 October 2023,146764,10-01-2024 21:45,12-10-2023 23:00
6221,442,f28c3220c1ae8fc4846b5a19a3f967b01d23baf00eceb0a1d20798a4,SP reward for iUSD,10 October 2023,1395999,10-01-2024 21:45,12-10-2023 23:00
6222,442,f3130be9403c8d8e8ceb4803c8ebd09bca4bc858cc1a2f3d5df7df44,SP reward for iUSD,10 October 2023,1024396,10-01-2024 21:45,12-10-2023 23:00
6223,442,acbe358480fadcc61b45f05bb1a0ce24fac05c7ceb808b6426f19a32,SP reward for iUSD,10 October 2023,876356,10-01-2024 21:45,12-10-2023 23:00
6224,442,adbbc6153ee01f33a02b4e5d803dc50fb0c1085c9641ac1c69967038,SP reward for iUSD,10 October 2023,158992,10-01-2024 21:45,12-10-2023 23:00
6225,442,a753860cbfd3884ffd93ee7ae4762a618855a982c2bcff3da2623281,SP reward for iUSD,10 October 2023,40095,10-01-2024 21:45,12-10-2023 23:00
6226,442,eff15a8eee7dbe991d1c3779f3bd9c07e99324872ae6cc7dadd673c4,SP reward for iUSD,10 October 2023,610216,10-01-2024 21:45,12-10-2023 23:00
6227,442,ac2046ccb667a00d612e1d217598538ff8534c61a606aa5cea610b0e,SP reward for iUSD,10 October 2023,527394,10-01-2024 21:45,12-10-2023 23:00
6228,442,fd604bfce2089228bb84742efa2a90ad7f678753149f4949b376143f,SP reward for iUSD,10 October 2023,6787052,10-01-2024 21:45,12-10-2023 23:00
6229,442,5d6cf27ed5bb7540f7d6c438ca36abddf5d14e80c1296c53e8528428,SP reward for iUSD,10 October 2023,803607,10-01-2024 21:45,12-10-2023 23:00
6230,442,b13f6eedf1c86039db072fa86c1dcfdc43e2521cdd829816c4eeebfa,SP reward for iUSD,10 October 2023,645524,10-01-2024 21:45,12-10-2023 23:00
6231,442,4666d47f11e1b5bb0466790bd92e1ffc477a94229862fe75e2bac853,SP reward for iUSD,10 October 2023,1612213,10-01-2024 21:45,12-10-2023 23:00
6232,442,3e608b808ac2b73e56d957e5fd8cf54a8e3aba6cd767ea493d43c857,SP reward for iUSD,10 October 2023,327988,10-01-2024 21:45,12-10-2023 23:00
6233,442,0de7c3f3373ee0b1fa6291fddb92a9f4c95e4d641aa2a3d95ed3427f,SP reward for iUSD,10 October 2023,354380,10-01-2024 21:45,12-10-2023 23:00
6234,442,55ef464ca22cf92698284b40810e51777b3bbaece5007d513dd80d3d,SP reward for iUSD,10 October 2023,182491,10-01-2024 21:45,12-10-2023 23:00
6235,442,3c214daef68d919ae91cc5eb7447fc6d795b6019a6df4e3191028999,SP reward for iUSD,10 October 2023,1337953,10-01-2024 21:45,12-10-2023 23:00
6236,442,ac50c97a84362198cd8fde5a960e06f04f3599bc381042bdef7504c4,SP reward for iUSD,10 October 2023,5227794,10-01-2024 21:45,12-10-2023 23:00
6237,442,e045f130feb7516719cd65015be7c19c14472d8eb4ad366646b710b4,SP reward for iUSD,10 October 2023,120456,10-01-2024 21:45,12-10-2023 23:00
6238,442,c0a18966da2223d1debc23c3d6e0c6da5a98f8dd524afebad47606a8,SP reward for iUSD,10 October 2023,4677462,10-01-2024 21:45,12-10-2023 23:00
6239,442,d23af189dfd9dca942127a0859d3f9067f14a39da809165eea25ceea,SP reward for iUSD,10 October 2023,2153647,10-01-2024 21:45,12-10-2023 23:00
6240,442,80cd4da4e55a97f5c7f7e66de2162101e9725b2aa44aff4e6a4e1e33,SP reward for iUSD,10 October 2023,15048169,10-01-2024 21:45,12-10-2023 23:00
6241,442,512f425cedae5c11513155242686e5039b766c7ae798515b68a364e7,SP reward for iUSD,10 October 2023,3940188,10-01-2024 21:45,12-10-2023 23:00
6242,442,004bf5f83e7a21b3955d26b5d1c5b0384fdb1b04c4f86ab83bd380e0,SP reward for iUSD,10 October 2023,654073,10-01-2024 21:45,12-10-2023 23:00
6243,442,96623e8c15842d11060747474564901af30f1cc64ecceafcd118ae8f,SP reward for iUSD,10 October 2023,2475488,10-01-2024 21:45,12-10-2023 23:00
6244,442,b5fa924a6516810a8829c4a262f2a000b3d0e6650da99da8283ff7f2,SP reward for iUSD,10 October 2023,2141093,10-01-2024 21:45,12-10-2023 23:00
6245,442,a39926586271cd40910a9efa7a9bb2d6a53d7852b444ec240a99f0f9,SP reward for iUSD,10 October 2023,552082,10-01-2024 21:45,12-10-2023 23:00
6246,442,00f552d264a6ea476b3110914a7d22ae1b9dc63642bf28b8ab868370,SP reward for iUSD,10 October 2023,802947,10-01-2024 21:45,12-10-2023 23:00
6247,442,289a3c0892e0aeed1136e982f9c81ce4e7f4cddb43c271b8ed06022e,SP reward for iUSD,10 October 2023,3897512,10-01-2024 21:45,12-10-2023 23:00
6248,442,c791b0468b1d96791a8bfa48e1bf1b8896bed00f4b019fd2c74e3d45,SP reward for iUSD,10 October 2023,346640,10-01-2024 21:45,12-10-2023 23:00
6249,442,320e55778975e8adfa8f6c4f7122ce55e42352035ab0ce806652566c,SP reward for iUSD,10 October 2023,81699,10-01-2024 21:45,12-10-2023 23:00
6250,442,5446c91da475b225e7ce82798f89ec461f909b2d79d1abda178b5578,SP reward for iUSD,10 October 2023,2012022,10-01-2024 21:45,12-10-2023 23:00
6251,442,b8c95d9c879fe985c2a59cd6de2baeda050c5010e8eee6bb84c65be5,SP reward for iUSD,10 October 2023,23859,10-01-2024 21:45,12-10-2023 23:00
6252,442,093d90f3179c6ef978ad029694d305ec504508859a0370f81ff4b8e6,SP reward for iUSD,10 October 2023,4731672,10-01-2024 21:45,12-10-2023 23:00
6253,442,725fca12f5495b2d9c9be40376355bb56f673261a0c0fefcc0e83128,SP reward for iUSD,10 October 2023,1931829,10-01-2024 21:45,12-10-2023 23:00
6254,442,b08acb2a5e023f462f8bb88f048af578c5309cf48fcc4060fba31d67,SP reward for iUSD,10 October 2023,381820,10-01-2024 21:45,12-10-2023 23:00
6255,442,bed90820701ec88d79cb4536bc0f0d5d9eadea4038f704ea26aebd7b,SP reward for iUSD,10 October 2023,259315,10-01-2024 21:45,12-10-2023 23:00
6256,442,cb078d63d583cfe46b0b9a49c3987707adacd6e8b850fc1b5c299330,SP reward for iUSD,10 October 2023,181634,10-01-2024 21:45,12-10-2023 23:00
6257,442,3e73960a6b141b9fae4ce09bfd1edcb6c94e4f397cec014d5ba78d5a,SP reward for iUSD,10 October 2023,98294,10-01-2024 21:45,12-10-2023 23:00
6258,442,bf97ad99b5269c15e3726290f95f0fc0ec8dbada31183778548d9da0,SP reward for iUSD,10 October 2023,118,10-01-2024 21:45,12-10-2023 23:00
6259,442,a599571d436d6d4796f955247b1e358fa4275e063273d81dc5845a47,SP reward for iUSD,10 October 2023,319091,10-01-2024 21:45,12-10-2023 23:00
6260,442,a2b3fc71aa466e489bef35c30ca8b4a9388f701ab0cd73c9c81a5409,SP reward for iUSD,10 October 2023,4921451,10-01-2024 21:45,12-10-2023 23:00
6261,442,e57655e6fd41f82f6fd30e24ff080f774abe81f53acd6c9e7b2ed26f,SP reward for iUSD,10 October 2023,4278,10-01-2024 21:45,12-10-2023 23:00
6262,442,344b062d324fb1d5c2604c5381acd0e0dc8eac7fe94613a1dd1c9ee5,SP reward for iUSD,10 October 2023,5294493,10-01-2024 21:45,12-10-2023 23:00
6263,442,6e4656048dfe8b0c4f754c0d409f5e186e2f4589f7ac9924fb6022b2,SP reward for iUSD,10 October 2023,28488137,10-01-2024 21:45,12-10-2023 23:00
6264,442,f2787e5a6b51190244f3acb36a6b9a248466f12f27ab702d9f197299,SP reward for iUSD,10 October 2023,13707562,10-01-2024 21:45,12-10-2023 23:00
6265,442,c26c7ab05aad4fc7c613886e5d59553b1289b6b349991bf7ae3a2771,SP reward for iUSD,10 October 2023,1028218,10-01-2024 21:45,12-10-2023 23:00
6266,442,5f72d303494a69c373f7274fdda564ac7701ce6a2aead2bbcf5922c7,SP reward for iUSD,10 October 2023,280077,10-01-2024 21:45,12-10-2023 23:00
6267,442,b853f02fc861b655e981baba6d5966f508073101756edc0a8acf015f,SP reward for iUSD,10 October 2023,4145767,10-01-2024 21:45,12-10-2023 23:00
6268,442,20f8b4934963ae0ba07830e3d41e2ed682f8b2a40d6a1d3934e00358,SP reward for iUSD,10 October 2023,526687,10-01-2024 21:45,12-10-2023 23:00
6269,442,356aa4fa03e001aafa876b3eff7ed8f2abd9bc2cb3533de1432ebd07,SP reward for iUSD,10 October 2023,3909263,10-01-2024 21:45,12-10-2023 23:00
6270,442,06c41cc6030933d2dc73d3a4c7c929b7e1c75c7d5b1429ff7e16c950,SP reward for iUSD,10 October 2023,152712,10-01-2024 21:45,12-10-2023 23:00
6271,442,e73f8221818a9210e967ecb08660f46173cbf8e00e4abc582d751bcd,SP reward for iUSD,10 October 2023,130810,10-01-2024 21:45,12-10-2023 23:00
6272,442,0c879d816213df21eea5927738fb62a99c6c3d83b0ddf741a6cbffd5,SP reward for iUSD,10 October 2023,60644,10-01-2024 21:45,12-10-2023 23:00
6273,442,9cd08cc76ae69ff518811af8d0a51a88d43a4c657a0c04e9224cc8cb,SP reward for iUSD,10 October 2023,227072,10-01-2024 21:45,12-10-2023 23:00
6274,442,e2bb2644330629dff10fd78d7117ced090e0dd84edcab0dba9428825,SP reward for iUSD,10 October 2023,338304,10-01-2024 21:45,12-10-2023 23:00
6275,442,16715d026650c3515527dd5417e77b80705d6fe5bd257aab4281ee88,SP reward for iUSD,10 October 2023,241443,10-01-2024 21:45,12-10-2023 23:00
6276,442,e30fca4c9c548c925fe71b35bd611143d6c305a5ce0ab3d4dc89e483,SP reward for iUSD,10 October 2023,144383,10-01-2024 21:45,12-10-2023 23:00
6277,442,1c17a2b47f85fbfb39d92c74636c3febf1c4171c923fcb69f1d9cc15,SP reward for iUSD,10 October 2023,13400742,10-01-2024 21:45,12-10-2023 23:00
6278,442,be552efef0ae24a7f47968faea2c71fe28a7b64a31469cfde8731017,SP reward for iUSD,10 October 2023,367614,10-01-2024 21:45,12-10-2023 23:00
6279,442,a75b85adb72818fe321fa0338f5a48f5e52b2d8dfe28ac947e692fca,SP reward for iUSD,10 October 2023,2032706,10-01-2024 21:45,12-10-2023 23:00
6280,442,ff935aa9517ed6dbb666d91a00c0172972ac4f6de32420c025a23e37,SP reward for iUSD,10 October 2023,315478381,10-01-2024 21:45,12-10-2023 23:00
6281,442,cb1f173c0e4e3624f51a0b1c2706174478d1cda344a04a9fb9224b1c,SP reward for iUSD,10 October 2023,6647466,10-01-2024 21:45,12-10-2023 23:00
6282,442,e59513fe36ef7f5a94ef7c7dde91d74f3d7a1e30d34fbdf00fb1ff51,SP reward for iUSD,10 October 2023,9442572,10-01-2024 21:45,12-10-2023 23:00
6283,442,8d727e5efe8b4f92eec8dc33c48f000e3c6a310b8c7931468eef5695,SP reward for iUSD,10 October 2023,8067,10-01-2024 21:45,12-10-2023 23:00
6284,442,5834339402f6bd810d57a87203feb467b602289e6cdce6d204216ce2,SP reward for iUSD,10 October 2023,318043,10-01-2024 21:45,12-10-2023 23:00
6285,442,ac7c9aa9dcf6170c1c1bbd03ca3d73d28aae0faa179aed78b2f57e0c,SP reward for iUSD,10 October 2023,4729373,10-01-2024 21:45,12-10-2023 23:00
6286,442,c03296235e1dc8ce38f8081530a426f6c14e0a1d50beef76c99c5b7e,SP reward for iUSD,10 October 2023,6014375,10-01-2024 21:45,12-10-2023 23:00
6287,442,54f8269df233658b118fa1e8733a1a87d080a4fa52f9fcdfb6f792c5,SP reward for iUSD,10 October 2023,4914666,10-01-2024 21:45,12-10-2023 23:00
6288,442,15b1c955c67f473e448f7a4cd7bc5ffeff8d8bf29a3ab67677b28166,SP reward for iUSD,10 October 2023,4643354,10-01-2024 21:45,12-10-2023 23:00
6289,442,c83c13c91af421b95b9187ac7dd6aef77250ba8717f172cc1225835d,SP reward for iUSD,10 October 2023,11726521,10-01-2024 21:45,12-10-2023 23:00
6290,442,78774ad9d2f51203d1174cd8aba30079bfdf9167a1cef196cb3f1591,SP reward for iUSD,10 October 2023,11333386,10-01-2024 21:45,12-10-2023 23:00
6291,442,bd0e265030bc20473b5439118a11afdfcd1f68b726312d2f0878a695,SP reward for iUSD,10 October 2023,1675732,10-01-2024 21:45,12-10-2023 23:00
6292,442,4cdab7ea3cade7fb97f1439fe55d27d1a460b4e62b8a092cf72fd94f,SP reward for iUSD,10 October 2023,2529330,10-01-2024 21:45,12-10-2023 23:00
6293,442,1481f185759f8a258cfa7eff8c2dbf98e999cd0f989b6277d3128f7e,SP reward for iUSD,10 October 2023,277470,10-01-2024 21:45,12-10-2023 23:00
6294,442,6dd90c50b0f1fd4ae1572055e46891b05022b475a29d0d78802ddecb,SP reward for iUSD,10 October 2023,17719238,10-01-2024 21:45,12-10-2023 23:00
6295,442,8792ebecb003fca8841e4209dea309bb7e13dbec3ea086585bfe7a8f,SP reward for iUSD,10 October 2023,1494690,10-01-2024 21:45,12-10-2023 23:00
6296,442,7bdd0506ab1adc6beaadc78e64b18d9c9773d0a67a79e788f83c7d7c,SP reward for iUSD,10 October 2023,184453,10-01-2024 21:45,12-10-2023 23:00
6297,442,eb399c4149c7004a187d460e10d8e524215b9b39e600560ce8f42806,SP reward for iUSD,10 October 2023,406135,10-01-2024 21:45,12-10-2023 23:00
6298,442,788c8c4c496ee4e6f0c1afcf6f69e70ca54eac58e5bec216100c3c2c,SP reward for iUSD,10 October 2023,10417089,10-01-2024 21:45,12-10-2023 23:00
6299,442,72a5906a5f5265ec69132dccdf9ca9575c707ae00afa2c04edff9420,SP reward for iUSD,10 October 2023,347520,10-01-2024 21:45,12-10-2023 23:00
6300,442,c590affd526db47b19bcb411793bba5d639c1f5885fafc47838cd22e,SP reward for iUSD,10 October 2023,60612,10-01-2024 21:45,12-10-2023 23:00
6301,442,22778de05c70977723ea69a0ba94506ab39b2cc9e76b8f47e69c260a,SP reward for iUSD,10 October 2023,2876039,10-01-2024 21:45,12-10-2023 23:00
6302,442,3491b29d4e106d7ab7f964cdc2dcb1702ad1167958c7627d08e538b7,SP reward for iUSD,10 October 2023,11260,10-01-2024 21:45,12-10-2023 23:00
6303,442,0937ceb93300c18f55c5fa769aca62b3351eff447ce774ce48917074,SP reward for iUSD,10 October 2023,86218,10-01-2024 21:45,12-10-2023 23:00
6304,442,ba09c8e4dbf16e2a30135173b2d4cff506adcc55110cb5279f7f606f,SP reward for iUSD,10 October 2023,110356,10-01-2024 21:45,12-10-2023 23:00
6305,442,18bb77afff9a31c784156be903ecc9e454ca741847a5970b1fbb848a,SP reward for iUSD,10 October 2023,601420,10-01-2024 21:45,12-10-2023 23:00
6306,442,38f0144422fa44ab4880fe15fbf9056968ea7abe89c7e5a07b347f61,SP reward for iUSD,10 October 2023,256526,10-01-2024 21:45,12-10-2023 23:00
6307,442,07c59e348504d75a47aa875c80c5f7c537f4153637fb942f8f21f7e4,SP reward for iUSD,10 October 2023,104788,10-01-2024 21:45,12-10-2023 23:00
6308,442,b5e29b13b00ba8a4b4e60c434ac0b462f3dabfbc3be5ab7bfb81450d,SP reward for iUSD,10 October 2023,202452,10-01-2024 21:45,12-10-2023 23:00
6309,442,7d5258011fecab08aae5aebab8b28abbe2d0667777ba836007a62f80,SP reward for iUSD,10 October 2023,9837884,10-01-2024 21:45,12-10-2023 23:00
6310,442,804812f6f6bfe1c64c605f45d33cf18ddd77baca1a269796b4e318fa,SP reward for iUSD,10 October 2023,0,10-01-2024 21:45,12-10-2023 23:00
6311,442,97abddf0ccc26df60a24679fe7080de9ead18fa0d973a115ce072ca8,SP reward for iUSD,10 October 2023,1252248,10-01-2024 21:45,12-10-2023 23:00
6312,442,ca0f77040a2b74ee79cb3a2c8046083e364c853648d64885a75ae35e,SP reward for iUSD,10 October 2023,11622,10-01-2024 21:45,12-10-2023 23:00
6313,442,4ffd983ef901bb1e55290fc75d3fc487fa5b5dce965ec6ecc9380d8e,SP reward for iUSD,10 October 2023,515524,10-01-2024 21:45,12-10-2023 23:00
6314,442,b7cb900c5e8740430eb0b9aca279498d523fb6da96c2bf3ac424ea2f,SP reward for iUSD,10 October 2023,222679,10-01-2024 21:45,12-10-2023 23:00
6315,442,731f87d5ee7275023a1a2e34e209e32844edf304e4f34ad54ace3ec9,SP reward for iUSD,10 October 2023,8490001,10-01-2024 21:45,12-10-2023 23:00
6316,442,8d9f07138fbec27a505c2800f79653639a09487e702622bc52bc7ac4,SP reward for iUSD,10 October 2023,82445,10-01-2024 21:45,12-10-2023 23:00
6317,442,3fa947e323dbb04a99340158948804eab323afdc3bd5cf37e28f90f2,SP reward for iUSD,10 October 2023,264724980,10-01-2024 21:45,12-10-2023 23:00
6318,442,3afa612c1bef384caa2dfa6c02a2b90515ea5daaaaafbf63421a4288,SP reward for iUSD,10 October 2023,1097871,10-01-2024 21:45,12-10-2023 23:00
6319,442,ddef66ce8b077adb0fba93f624cc313017ce71831268f1b77c56d4bb,SP reward for iUSD,10 October 2023,4808145,10-01-2024 21:45,12-10-2023 23:00
6320,442,7d2f89e8109a3d667ec7c3434e33d59cab1f194e93cec686e132154a,SP reward for iUSD,10 October 2023,50240263,10-01-2024 21:45,12-10-2023 23:00
6321,442,0211d6442d3174f57a65754564de7e85bba87230a5be71f4918dd0de,SP reward for iUSD,10 October 2023,320478,10-01-2024 21:45,12-10-2023 23:00
6322,442,284839fc9946e6331dada95c3f7c14e995b738b0e580d8079c50bac1,SP reward for iUSD,10 October 2023,2170,10-01-2024 21:45,12-10-2023 23:00
6323,442,72c9e78affd169b3c516b8c8c4c453135ce82c3d931655e39466e5f4,SP reward for iUSD,10 October 2023,115624,10-01-2024 21:45,12-10-2023 23:00
6324,442,eec262031b5b78bd61e1f5aaeb37110ab6599407ab82682ad1798d21,SP reward for iUSD,10 October 2023,607300,10-01-2024 21:45,12-10-2023 23:00
6325,442,cf59324e35572473a1c164ace3b16a04c1893f82aae9557abe429d89,SP reward for iUSD,10 October 2023,431336,10-01-2024 21:45,12-10-2023 23:00
6326,442,a199d2ec461153020ee18bbdfe5e4e3a2c9778bc4d265ef7dc64a6b8,SP reward for iUSD,10 October 2023,496729,10-01-2024 21:45,12-10-2023 23:00
6327,442,9b314b76487603dec62a43cfeea584dae73cd42e7f83871495974fdb,SP reward for iUSD,10 October 2023,165126,10-01-2024 21:45,12-10-2023 23:00
6328,442,6f51c66d3a29c2d5f030cfb8e21376e24c1cf22150ac86f5bc9c9ba2,SP reward for iUSD,10 October 2023,1667953,10-01-2024 21:45,12-10-2023 23:00
6329,442,b17f5c642012ab04e7a5be4be1874ac440a47a833a9f7b51068725a8,SP reward for iUSD,10 October 2023,66067,10-01-2024 21:45,12-10-2023 23:00
6330,442,7346e0ad8dce5c04702ca60dd0d4526e2df5d483f1761718ee53aad5,SP reward for iUSD,10 October 2023,164517,10-01-2024 21:45,12-10-2023 23:00
6331,442,fc55c89d46d1d91ae22800425a8b9a02b75ab9ec6a1b5eec94da8643,SP reward for iUSD,10 October 2023,27335,10-01-2024 21:45,12-10-2023 23:00
6332,442,cadfdb0549c45784f9a15dc15dc655dd67e6e256a544835945d36116,SP reward for iUSD,10 October 2023,98721,10-01-2024 21:45,12-10-2023 23:00
6333,442,6c2969be3ba190cae7a10d817dbdc74a6c2a1a897607151d4f1d41b6,SP reward for iUSD,10 October 2023,26223,10-01-2024 21:45,12-10-2023 23:00
6334,442,213a6315a3adfd1ec92b7975944a66e033cafbc8af03c734093cdaec,SP reward for iUSD,10 October 2023,13387042,10-01-2024 21:45,12-10-2023 23:00
6335,442,d0ec8085d919d5923b24bc9f6ec992581a58fcca9e552c5a65ba6699,SP reward for iUSD,10 October 2023,2735255,10-01-2024 21:45,12-10-2023 23:00
6336,442,4cb2eb343a9f29be1c2550732c532cf3d2a846cce4b12691379bdc70,SP reward for iUSD,10 October 2023,19269,10-01-2024 21:45,12-10-2023 23:00
6337,442,c327beebd731f0bb58b05726c2730c899b4153536cf1d329abf24400,SP reward for iUSD,10 October 2023,1212340,10-01-2024 21:45,12-10-2023 23:00
6338,442,f7ed694b5400755f16abd854b61b1229087d37ebc1560ca5237290e9,SP reward for iUSD,10 October 2023,134876,10-01-2024 21:45,12-10-2023 23:00
6339,442,ba37698916d66971b377b10f0c6a0f267b7d7b0db565d3a27267c2b8,SP reward for iUSD,10 October 2023,698336,10-01-2024 21:45,12-10-2023 23:00
6340,442,dbd9c61554e7f039b6d4eeaa12977fd06872e65ee8b7069c967c8ead,SP reward for iUSD,10 October 2023,76266,10-01-2024 21:45,12-10-2023 23:00
6341,442,ac0aef286f1f60dd4f08fe7ca834192eb1eeeb7995b77c8d37f16cc0,SP reward for iUSD,10 October 2023,89081,10-01-2024 21:45,12-10-2023 23:00
6342,442,d60e724de921571ec9a732fad7ec0673fb9665e2b41040cfc8193289,SP reward for iUSD,10 October 2023,709330,10-01-2024 21:45,12-10-2023 23:00
6343,442,d28984c713366768ef92d78cdf6375539bc637d329226151e915c315,SP reward for iUSD,10 October 2023,5321,10-01-2024 21:45,12-10-2023 23:00
6344,442,39c9cbc0d355ef4b7d5338c0279c3c8cb299f08ba70a62222116b638,SP reward for iUSD,10 October 2023,973,10-01-2024 21:45,12-10-2023 23:00
6345,442,35f31e0e99aa11179513402c64432bf50299e9a87276e8acd9fe765a,SP reward for iUSD,10 October 2023,2005804,10-01-2024 21:45,12-10-2023 23:00
6346,442,63aade055d90301cd816870ee5a3c9fc67d769274b8633e7a7893f05,SP reward for iUSD,10 October 2023,3905152,10-01-2024 21:45,12-10-2023 23:00
6347,442,9cffd98682b61f22ad13b19130b79edf9efba37b87b1bb216786bb22,SP reward for iUSD,10 October 2023,338995,10-01-2024 21:45,12-10-2023 23:00
6348,442,939599008b9c90675392a3352031aa45ab10e13d3d3ee551560cb222,SP reward for iUSD,10 October 2023,103228,10-01-2024 21:45,12-10-2023 23:00
6349,442,a21b4bac0ec5723e223e741f675761f2c57c67be59ad3ce0e04ea732,SP reward for iUSD,10 October 2023,14033507,10-01-2024 21:45,12-10-2023 23:00
6350,442,0b1db916e7560c61e187d688e00f936a0730a88d1049e89f4ece9e9a,SP reward for iUSD,10 October 2023,1796465,10-01-2024 21:45,12-10-2023 23:00
6351,442,45abdcb44b0185fd8070fddfb5bcfdde6dacb8c0a51a77aa9a00bff1,SP reward for iUSD,10 October 2023,285320,10-01-2024 21:45,12-10-2023 23:00
6352,442,9fc0aa81aa9df42604e00ff8d2d2f9de39a47b2a3f82a4bde0e9a18f,SP reward for iUSD,10 October 2023,1504885,10-01-2024 21:45,12-10-2023 23:00
6353,442,4c80764f5b682045f12a83303d017d4dbe90f09f76b2108a5c44ae54,SP reward for iUSD,10 October 2023,225345,10-01-2024 21:45,12-10-2023 23:00
6354,442,7328ab6d917830c7db07347e34d628bd76421d260b9064231a34955e,SP reward for iUSD,10 October 2023,40222,10-01-2024 21:45,12-10-2023 23:00
6355,442,15463608644619930e85359a450203791e94e59274cdd04115529ca1,SP reward for iUSD,10 October 2023,411470,10-01-2024 21:45,12-10-2023 23:00
6356,442,741934bd37c4397abd4a082de2246e631b9e217eda5e0fc2d49f962e,SP reward for iUSD,10 October 2023,5671498,10-01-2024 21:45,12-10-2023 23:00
6357,442,718607c6f9f1e8594a276ef720e9700b9a3c8ef74994c63ea81a8a48,SP reward for iUSD,10 October 2023,12109165,10-01-2024 21:45,12-10-2023 23:00
6358,442,78286944b6758ecbd9179c981466d8a007296b1e09fc3cf53add1fd8,SP reward for iUSD,10 October 2023,57,10-01-2024 21:45,12-10-2023 23:00
6359,442,add22687547b52ee682e6d576776af097ef9374ecce09681b9b43715,SP reward for iUSD,10 October 2023,1655463,10-01-2024 21:45,12-10-2023 23:00
6360,442,f900131a6e5bcf3de88bfa2d0399806c5f3b11d7f5318bb0c8caa560,SP reward for iUSD,10 October 2023,6014200,10-01-2024 21:45,12-10-2023 23:00
6361,442,d50c73e053e8b346e743d4fed861c4d41ef1fbef7be51b945c07626d,SP reward for iUSD,10 October 2023,12830,10-01-2024 21:45,12-10-2023 23:00
6362,442,ec3543779054d04588489cf33d9ec5889566af60493f4cbc45a06b20,SP reward for iUSD,10 October 2023,210928,10-01-2024 21:45,12-10-2023 23:00
6363,442,824f1b5399d6885e6330925fcba1472da21731a3d9f33802dd308f7f,SP reward for iUSD,10 October 2023,1523613,10-01-2024 21:45,12-10-2023 23:00
6364,442,1c5c66accafe1e7b1d68e2a98c71a638f0b11c1b453cfae08bcc9d44,SP reward for iUSD,10 October 2023,1953762,10-01-2024 21:45,12-10-2023 23:00
6365,442,b373312847450184a46f876faa486f624c049338c180197e1f582109,SP reward for iUSD,10 October 2023,791671,10-01-2024 21:45,12-10-2023 23:00
6366,442,3fbdca8a85a77bb7448f2aed7fc255737afce334c27beb34abea0f98,SP reward for iUSD,10 October 2023,8671630,10-01-2024 21:45,12-10-2023 23:00
6367,442,da5777317d38da5dd141983fcca79dabf42358f94571a700f362b2e3,SP reward for iUSD,10 October 2023,51662,10-01-2024 21:45,12-10-2023 23:00
6368,442,34681117b76a59dfe3be7ee5477d224c819cf365c3f533eb2b1f9518,SP reward for iUSD,10 October 2023,32065,10-01-2024 21:45,12-10-2023 23:00
6369,442,1fb1c72ebf96a6768fae696c153566f58d9e115accc56b2fb34d1e8a,SP reward for iUSD,10 October 2023,194454,10-01-2024 21:45,12-10-2023 23:00
6370,442,311581cc43e3438d6a4ab9010493ac484e2c6fbc602bc9a974b28905,SP reward for iUSD,10 October 2023,25108228,10-01-2024 21:45,12-10-2023 23:00
6371,442,ecdd6a81ee434c3d773a0b6b27d426b3d86ee4f8edbb4016e5a6883d,SP reward for iUSD,10 October 2023,44542,10-01-2024 21:45,12-10-2023 23:00
6372,442,112a2e39403b4c465eba58266531b82db8c7950ebae17b0aed8a6d88,SP reward for iUSD,10 October 2023,1301558,10-01-2024 21:45,12-10-2023 23:00
6373,442,36f4acc790ade8685561ee452d290cddfaae730872d02a25fd4d65cc,SP reward for iUSD,10 October 2023,27200,10-01-2024 21:45,12-10-2023 23:00
6374,442,4a327222227863b7a44a7d9ef1e8148060bf75334ea1015e18617e17,SP reward for iUSD,10 October 2023,161709,10-01-2024 21:45,12-10-2023 23:00
6375,442,ad397033e75060b31ecb2d07be8b315c9c27ec739aa7779703d70a6f,SP reward for iUSD,10 October 2023,231533,10-01-2024 21:45,12-10-2023 23:00
6376,442,b1f361d9b52c1685ae487c85a5e85581681b7955a1690aaf8f8f859e,SP reward for iUSD,10 October 2023,8699785,10-01-2024 21:45,12-10-2023 23:00
6377,442,6c8ecb2a0a26b86449201ea03fe11aeefc109c8e5e1d650779c01b7c,SP reward for iUSD,10 October 2023,197692,10-01-2024 21:45,12-10-2023 23:00
6378,442,2c1ef015c1c1f7ebd56316e4f1e06504b9c2fe0542b70c2651235b5f,SP reward for iUSD,10 October 2023,5412787,10-01-2024 21:45,12-10-2023 23:00
6379,442,d9c22f53b65de245d53960e0ebc869bcce325869e0474dbac405ce2a,SP reward for iUSD,10 October 2023,5412879,10-01-2024 21:45,12-10-2023 23:00
6380,442,c1ca0e406c026b2c5bea93a87adcdb47d35ff84fa11aad36bf508bdb,SP reward for iUSD,10 October 2023,5412839,10-01-2024 21:45,12-10-2023 23:00
6381,442,f704a30ed24b42848a7f70f6deac1c07abb2ea48d7945f9a42e0ad57,SP reward for iUSD,10 October 2023,5412901,10-01-2024 21:45,12-10-2023 23:00
6382,442,6a533d3d8b24b11eb758e2ffc8fc95fed6a5bde46e2f504d72526c21,SP reward for iUSD,10 October 2023,166012740,10-01-2024 21:45,12-10-2023 23:00
6383,442,9cdf11e9f7832510865cf609be23fce37c331324a087d334801d435d,SP reward for iUSD,10 October 2023,119101,10-01-2024 21:45,12-10-2023 23:00
6384,442,3d1a58cebecdb0438ecfca3282dae61aa698c1e04023c0901802aa07,SP reward for iUSD,10 October 2023,9484930,10-01-2024 21:45,12-10-2023 23:00
6385,442,25f72ed81edb52dae35faab76d1b7c204e8c6d6883595945ba813405,SP reward for iUSD,10 October 2023,986614,10-01-2024 21:45,12-10-2023 23:00
6386,442,56f9881cc7b8f0499c7484239db1487686d0a50a99966e0cc207b4b9,SP reward for iUSD,10 October 2023,244733,10-01-2024 21:45,12-10-2023 23:00
6387,442,d399a98b14f6eee4454a0b840974ac6a305258a268bef3241822b2a1,SP reward for iUSD,10 October 2023,102809,10-01-2024 21:45,12-10-2023 23:00
6388,442,0e6cdb5fa7bf493d9ed69f78d665fce1444b9ab01581708f065883a8,SP reward for iUSD,10 October 2023,4813145,10-01-2024 21:45,12-10-2023 23:00
6389,442,13b074156634e2289f02e34616d97b9aad91069a43173660645f4f04,SP reward for iUSD,10 October 2023,7784,10-01-2024 21:45,12-10-2023 23:00
6390,442,5bdd4037f2764926f4dd31d36b409f8e8bcaa81bf28557e1ff770a77,SP reward for iUSD,10 October 2023,322058,10-01-2024 21:45,12-10-2023 23:00
6391,442,b52cb42a74956b4f7e0ab073697063b5747dee86d66492ab392aa4bf,SP reward for iUSD,10 October 2023,118148,10-01-2024 21:45,12-10-2023 23:00
6392,442,d38b26fb9b460883ad49b8be8efae6a39413a4cf65ca3a84b6a14f65,SP reward for iUSD,10 October 2023,2615240,10-01-2024 21:45,12-10-2023 23:00
6393,442,0fcd5515a7c42ff375fbe24915bf94140f3ae6559957291e2fc8cb98,SP reward for iUSD,10 October 2023,637506,10-01-2024 21:45,12-10-2023 23:00
6394,442,e105290df587390be33d256392f378bfd7709dca5c16de6ff1958de1,SP reward for iUSD,10 October 2023,270,10-01-2024 21:45,12-10-2023 23:00
6395,442,418be7cbf9d37e1ed38d316e3f1f21a33cd6733ebd7457145447a830,SP reward for iUSD,10 October 2023,3542594,10-01-2024 21:45,12-10-2023 23:00
6396,442,bd96fe20f8f49764a9bf949244b85abf65f8e99cd523619b535e4b96,SP reward for iUSD,10 October 2023,1558514,10-01-2024 21:45,12-10-2023 23:00
6397,442,2663f0e32ebd95e4ec3ed063b659ade8a2a963b9a1aa7baa3307f9f6,SP reward for iUSD,10 October 2023,4943841,10-01-2024 21:45,12-10-2023 23:00
6398,442,d171c764b68e3006a17366dbbd2b5b1d1641e584991c8524ac72458f,SP reward for iUSD,10 October 2023,823200,10-01-2024 21:45,12-10-2023 23:00
6399,442,3c3d75ff35d353865c8f20c885325cf161c155252484fa9e87c330aa,SP reward for iUSD,10 October 2023,40281,10-01-2024 21:45,12-10-2023 23:00
6400,442,8351381f3d57006ab1ad26a61f27eb351978dfb81900f26c6c09ae9c,SP reward for iUSD,10 October 2023,21270050,10-01-2024 21:45,12-10-2023 23:00
6401,442,a843952052121af4fbe1030d1f04efc1e600e34c01c56f48ac6c7dda,SP reward for iUSD,10 October 2023,116520,10-01-2024 21:45,12-10-2023 23:00
6402,442,e292dc90457553865ecf16f586d72185fe4ef1afb2dc708f7099e4dd,SP reward for iUSD,10 October 2023,545697,10-01-2024 21:45,12-10-2023 23:00
6403,442,72b2ee7e7da3d21829fc9e4ef5cb12279c153c3698c60c1d756e3802,SP reward for iUSD,10 October 2023,107599,10-01-2024 21:45,12-10-2023 23:00
6404,442,384e4f4c87a5bd3dd8d09c1a1c6338326c83a6a2269c1c184402d6f2,SP reward for iUSD,10 October 2023,14491080,10-01-2024 21:45,12-10-2023 23:00
6405,442,9a2468984f0481f9e23b7537207c3f5ebee0803e8cd93be6e89b18da,SP reward for iUSD,10 October 2023,2045060,10-01-2024 21:45,12-10-2023 23:00
6406,442,df4963de19f6c6e078c717c629a8f6c2f76288212972bd31a8506cf1,SP reward for iUSD,10 October 2023,120375911,10-01-2024 21:45,12-10-2023 23:00
6407,442,8e253a76b29eb45b7574793772261b6bcfb20df13aa0a71708db9025,SP reward for iUSD,10 October 2023,3207903,10-01-2024 21:45,12-10-2023 23:00
6408,442,b5da9e118db3222b3e37d8a6efff50f8ea09c66841a73d89a4e800d8,SP reward for iUSD,10 October 2023,26966431,10-01-2024 21:45,12-10-2023 23:00
6409,442,4d5da618c7b48388366354c11d5e897d2449b087b523fd083fa0970f,SP reward for iUSD,10 October 2023,1833171,10-01-2024 21:45,12-10-2023 23:00
6410,442,d2ea9a7da4080401add22f56da15e04c0782243c196215658ee9da65,SP reward for iUSD,10 October 2023,1520822,10-01-2024 21:45,12-10-2023 23:00
6411,442,a21ad32e6fdf1ed6d0ffdec01e71a481dc2b0c8ec0290f2ed9f227c1,SP reward for iUSD,10 October 2023,487510,10-01-2024 21:45,12-10-2023 23:00
6412,442,339b73b1b15979d187c162f22707d3d86918dedd5716e748d9a8478b,SP reward for iUSD,10 October 2023,2672672,10-01-2024 21:45,12-10-2023 23:00
6413,442,f4035fabf6ceffc8d7ba6defb2a76bf77e2fd6f447f37c9037340990,SP reward for iUSD,10 October 2023,2003,10-01-2024 21:45,12-10-2023 23:00
6414,442,342b901edef65bf1a7dc2e6cf40a410d0e2b94104e6995e0de3ced6c,SP reward for iUSD,10 October 2023,4815864,10-01-2024 21:45,12-10-2023 23:00
6415,442,9a4ba27a659af4a3e6fda495dc7720eb94ff861f40139bf935f37053,SP reward for iUSD,10 October 2023,57883,10-01-2024 21:45,12-10-2023 23:00
6416,442,a7be8a752e7a0674fd8a0ca46842080d422d7e2beb34eeb64ab71d50,SP reward for iUSD,10 October 2023,156128,10-01-2024 21:45,12-10-2023 23:00
6417,442,138e6f1324b88fc7e3c520e1ce26fb28d0fd99871c45b0e83c80f900,SP reward for iUSD,10 October 2023,843049,10-01-2024 21:45,12-10-2023 23:00
6418,442,0f26b4a346fa82ee79b28cc898586a3b735d74002f54fa170f4e6e8a,SP reward for iUSD,10 October 2023,120296,10-01-2024 21:45,12-10-2023 23:00
6419,442,a40e609ccc120bb815930cd6ce47826e6c41aa94ec92c9f5e93ec9dd,SP reward for iUSD,10 October 2023,0,10-01-2024 21:45,12-10-2023 23:00
6420,442,78b355ef81f783f5efe26565142565159adb6d0fe2ff17631c37540c,SP reward for iUSD,10 October 2023,178655,10-01-2024 21:45,12-10-2023 23:00
6421,442,71995412f0cdf4fb3b1d74d635c4aa6b9ccc26aa02f37b966ff7917d,SP reward for iUSD,10 October 2023,2087543,10-01-2024 21:45,12-10-2023 23:00
6422,442,eeb30b031f8ddd6c5766289a4faebc9fb55ea39eaff3dbaf28d106dd,SP reward for iUSD,10 October 2023,197943,10-01-2024 21:45,12-10-2023 23:00
6423,442,450549a64ff2191f5f8ec657f941a3e5c18e855f05ca3d60aec82ef6,SP reward for iUSD,10 October 2023,86212,10-01-2024 21:45,12-10-2023 23:00
6424,442,fd84357990c85741e74703ffc003798059eecfc6cd9ee37c98e93fd8,SP reward for iUSD,10 October 2023,246336,10-01-2024 21:45,12-10-2023 23:00
6425,442,5375703a1815206253bce83d4c52cc18b6571def1bedf6c257575293,SP reward for iUSD,10 October 2023,19585728,10-01-2024 21:45,12-10-2023 23:00
6426,442,ae21d695a4bbcd6814a06c40ed6418c314e69cc4c4ab0825696d09b8,SP reward for iUSD,10 October 2023,9527025,10-01-2024 21:45,12-10-2023 23:00
6427,442,7efb273865feb908d7ddba513de17352e1554b62e62f9f417113749b,SP reward for iUSD,10 October 2023,3538,10-01-2024 21:45,12-10-2023 23:00
6428,442,687653ac9ebf1ad73d6b6fe9dff1cfea8a863ea63ceea35d614da592,SP reward for iUSD,10 October 2023,3363678,10-01-2024 21:45,12-10-2023 23:00
6429,442,fb3ff81c860fdb7fe4ac1c77e05c94d7a2a68b070e6ed6c32139287d,SP reward for iUSD,10 October 2023,198932,10-01-2024 21:45,12-10-2023 23:00
6430,442,f5cbf0a3e518fc57aec9d6ff992e084610aedbbc53695c4d200c0c3e,SP reward for iUSD,10 October 2023,278539,10-01-2024 21:45,12-10-2023 23:00
6431,442,bd30ea6190963a733df8cbcd7c4685011e47309ea6ac059adc61897b,SP reward for iUSD,10 October 2023,8128995,10-01-2024 21:45,12-10-2023 23:00
6432,442,1d51ddeeed19f4b9ea5580dadec3f4d2b3faffaf9733c0ea48e7e51b,SP reward for iUSD,10 October 2023,40216940,10-01-2024 21:45,12-10-2023 23:00
6433,442,5549e47cc751bd3ea39c302038ed15de03593797992f85d62ec3588b,SP reward for iUSD,10 October 2023,41796559,10-01-2024 21:45,12-10-2023 23:00
6434,442,b9979b3a9ceee50179595a54a5e1224aee35f9d541d2bb807636c085,SP reward for iUSD,10 October 2023,113900,10-01-2024 21:45,12-10-2023 23:00
6435,442,fba8d8b4540834cf4a429dd21d96df1b9aa9232c87cb7c22e5a91ec4,SP reward for iUSD,10 October 2023,1541292,10-01-2024 21:45,12-10-2023 23:00
6436,442,fdc9272f3ac1db456c05ea777081d86566f69baf4bc13fb50ff98f6e,SP reward for iUSD,10 October 2023,5401019,10-01-2024 21:45,12-10-2023 23:00
6437,442,ac3c50ea2d28002aa9ec67009a7e17deb2aa49e77864a4c3f9b70682,SP reward for iUSD,10 October 2023,1091302,10-01-2024 21:45,12-10-2023 23:00
6438,442,619db89e32d3347ca98cb4718f91695154e3a3f7d383af693a4dabc8,SP reward for iUSD,10 October 2023,414230,10-01-2024 21:45,12-10-2023 23:00
6439,442,6a265f49673f07dfe98986652005699b530568459255901f1d4dcfce,SP reward for iUSD,10 October 2023,1596202,10-01-2024 21:45,12-10-2023 23:00
6440,442,6a454ac65fe62709fb8b2f46b6ed76a6497997c2eb9cfd9b4de35940,SP reward for iUSD,10 October 2023,5755578,10-01-2024 21:45,12-10-2023 23:00
6441,442,b8068204d500dc3f05682f175a6ef0d68e8b9d9744f928156c1bd9ed,SP reward for iUSD,10 October 2023,988340,10-01-2024 21:45,12-10-2023 23:00
6442,442,690b0a92962d8e5940212f11e4e414db2a6a773f06923adaa063bf7a,SP reward for iUSD,10 October 2023,42265479,10-01-2024 21:45,12-10-2023 23:00
6443,442,cdfe95c99540a11b593c69e1426a76245c3d76ed3b905a09aa8d011a,SP reward for iUSD,10 October 2023,2919928,10-01-2024 21:45,12-10-2023 23:00
6444,442,742e13aeb9130597e75cb1e4201368884b223a027760b1614ddcd514,SP reward for iUSD,10 October 2023,332786,10-01-2024 21:45,12-10-2023 23:00
6445,442,0a7bc8293ae50dd74ae399b261446abff238ea7c564ad52a52168e0b,SP reward for iUSD,10 October 2023,29528984,10-01-2024 21:45,12-10-2023 23:00
6446,442,14746b63e5284f875a9fca071d78a2950106356ea2f8837e3d362fa9,SP reward for iUSD,10 October 2023,1061519,10-01-2024 21:45,12-10-2023 23:00
6447,442,00023775abacb7c31af161e5d0faebd84067299748396171df0a4143,SP reward for iUSD,10 October 2023,1606296,10-01-2024 21:45,12-10-2023 23:00
6448,442,29512c5afb810967ddccd68d0b66bdcd884b0a6d84cfb0c0fb5a1c89,SP reward for iUSD,10 October 2023,435185,10-01-2024 21:45,12-10-2023 23:00
6449,442,a485b6436c9f49a331655fa1574405c3e9bb1ead65e84b91f28fe826,SP reward for iUSD,10 October 2023,23783521,10-01-2024 21:45,12-10-2023 23:00
6450,442,09ade3dcf55b892702acbac162b2e04fe41a747b70c505fd141ad07e,SP reward for iUSD,10 October 2023,1279822,10-01-2024 21:45,12-10-2023 23:00
6451,442,d13077d5b036f1895fba9b1ecd9c5fae30d8cd30022c6481c175eed0,SP reward for iUSD,10 October 2023,2778,10-01-2024 21:45,12-10-2023 23:00
6452,442,e67cc70986bb4859cda7576c229bb9ae82e41ff0f203f5bb52741364,SP reward for iUSD,10 October 2023,3955321,10-01-2024 21:45,12-10-2023 23:00
6453,442,2b4aa51896041c905eac490447f886afe8eb67f3b05b1000ce976cb8,SP reward for iUSD,10 October 2023,12090601,10-01-2024 21:45,12-10-2023 23:00
6454,442,b10c7dd14700813748087d6fbfd03a8c3b83f6cb191743f5e35f7d84,SP reward for iUSD,10 October 2023,16338070,10-01-2024 21:45,12-10-2023 23:00
6455,442,b01f0c44e67df1b4b6554d0e86a6b3d2529cdabb099bb8cba9af32f9,SP reward for iUSD,10 October 2023,4905951,10-01-2024 21:45,12-10-2023 23:00
6456,442,dceb6f76062e47c7f0824460a7cead1eeb4f9d450f5af0d6fb9b4b07,SP reward for iUSD,10 October 2023,240963,10-01-2024 21:45,12-10-2023 23:00
6457,442,02b80d9935da7f00d97323735ff2641d938b14f3ecd24b01a990afe5,SP reward for iUSD,10 October 2023,471398,10-01-2024 21:45,12-10-2023 23:00
6458,442,3b8deaefd44267932f302932ae4e7bf60479ab503133a93330c58929,SP reward for iUSD,10 October 2023,12247249,10-01-2024 21:45,12-10-2023 23:00
6459,442,26924e62701e99facb3ceffef5a050c51412503eb7054af52f573e96,SP reward for iUSD,10 October 2023,176502,10-01-2024 21:45,12-10-2023 23:00
6460,442,abd768ffa460e4578bd7a72296552532e2e463ac8727396b752aeef9,SP reward for iUSD,10 October 2023,300741,10-01-2024 21:45,12-10-2023 23:00
6461,442,f345ef8a03058d65c9e5f976341e69412829c42e452322faa7f5fcdc,SP reward for iUSD,10 October 2023,7499085,10-01-2024 21:45,12-10-2023 23:00
6462,442,2b651b38935e59a8d891f5201514253c9763e2da2a246462dc25cc98,SP reward for iUSD,10 October 2023,204729,10-01-2024 21:45,12-10-2023 23:00
6463,442,9449ea44d82d0f7827c5af04370b8bf2b3b913786a650c20b3b5de78,SP reward for iUSD,10 October 2023,532035,10-01-2024 21:45,12-10-2023 23:00
6464,442,0bb67baf3148157625daeb00d942466bc473a3ff85dd49afa7658f89,SP reward for iUSD,10 October 2023,4327432,10-01-2024 21:45,12-10-2023 23:00
6465,442,d0bada51ac1cbd906f6d2310bab8e20f8dbb9f90c9719969a5ae8f66,SP reward for iUSD,10 October 2023,1263465,10-01-2024 21:45,12-10-2023 23:00
6466,442,f9ebcc2a02bd2984112729a5cc52f5fc0bfc126efaa2b38d4bef4637,SP reward for iUSD,10 October 2023,19827,10-01-2024 21:45,12-10-2023 23:00
6467,442,5e9e787d528af67785b3b595843acc232258ada6191b40ffa80cd0d2,SP reward for iUSD,10 October 2023,80197752,10-01-2024 21:45,12-10-2023 23:00
6468,442,bee0a1dd013242217879e8ef07ef28d22dad8ef7022d14f2353109d2,SP reward for iUSD,10 October 2023,281122,10-01-2024 21:45,12-10-2023 23:00
6469,442,fa9b92b3f0c4a0a756c6d39c8e7015bdb593ca4c4e3f051b10d5eaa5,SP reward for iUSD,10 October 2023,924452,10-01-2024 21:45,12-10-2023 23:00
6470,442,92f06e24bbb228d53258680895e44237dfe20aaea32e957011ee14f7,SP reward for iUSD,10 October 2023,44838,10-01-2024 21:45,12-10-2023 23:00
6471,442,6a2c3a7d1e485d49c7efe91575984b72c9fdaf47da535a79cf8c455e,SP reward for iUSD,10 October 2023,918282,10-01-2024 21:45,12-10-2023 23:00
6472,442,1344c6719d8058b88f756f2ee293581dab8214b388113a46e95cb2e8,SP reward for iUSD,10 October 2023,401,10-01-2024 21:45,12-10-2023 23:00
6473,442,bd7adeef28fe4dac020bd73ea7c095c9f634682f730d7ef6cd8d3a93,SP reward for iUSD,10 October 2023,693,10-01-2024 21:45,12-10-2023 23:00
6474,442,152a6505f54a619ab12dd37022a00aae01bd5c8348c84cf0f16463b5,SP reward for iUSD,10 October 2023,25610540,10-01-2024 21:45,12-10-2023 23:00
6475,442,8aae701fce6c665a60987e720af72af63c4dc2c4ed1e5c11d3f15f2e,SP reward for iUSD,10 October 2023,68220964,10-01-2024 21:45,12-10-2023 23:00
6476,442,6aa8471da93aeb4bea5c68f4fc59a449537af1485b0ec34e1e3e3239,SP reward for iUSD,10 October 2023,10904667,10-01-2024 21:45,12-10-2023 23:00
6477,442,299eca15c1fa5d35980dc122ac3799ee69dfb47b6e92dbb4106487b6,SP reward for iUSD,10 October 2023,5955714,10-01-2024 21:45,12-10-2023 23:00
6478,442,94e8a4d1c409af5498095aafa61edb23fdbd9714f45d104cbe148425,SP reward for iBTC,10 October 2023,33469,10-01-2024 21:45,12-10-2023 23:00
6479,442,4652c04766dfb925145dd332a511ae47fc2404afe0bebeee3627a71a,SP reward for iBTC,10 October 2023,1257,10-01-2024 21:45,12-10-2023 23:00
6480,442,b116a13787a0e3908128fb3d218193ebbe31f14bb1564e3b17e56474,SP reward for iBTC,10 October 2023,940,10-01-2024 21:45,12-10-2023 23:00
6481,442,f8dc2687e7efb9814a0258337bbead8dbcf6dac7a0237e3b600f404d,SP reward for iBTC,10 October 2023,7709,10-01-2024 21:45,12-10-2023 23:00
6482,442,2774b527cc66118eeb772ca5553089dc2f9d0a675d5d4bb0615afa56,SP reward for iBTC,10 October 2023,24,10-01-2024 21:45,12-10-2023 23:00
6483,442,2ce68896a2812bcceaeea3837e33e4d24b1c88151c1a0b6cd02b182d,SP reward for iBTC,10 October 2023,15689,10-01-2024 21:45,12-10-2023 23:00
6484,442,559d23a5db8f1b809ba9b48e7504582c96af34f68495f3ed51b2cce5,SP reward for iBTC,10 October 2023,33893,10-01-2024 21:45,12-10-2023 23:00
6485,442,625a80682693f31e617ecbd92d269d226fd5ebd2f8584ef00577a658,SP reward for iBTC,10 October 2023,6076,10-01-2024 21:45,12-10-2023 23:00
6486,442,baeeed00be50eeef2fc6f4089780abd4fc3cc461052fe8f271fd93b4,SP reward for iBTC,10 October 2023,9484,10-01-2024 21:45,12-10-2023 23:00
6487,442,f1edb36c4546c43d547ef1568ab271ca79841977d8816f6f85cffd09,SP reward for iBTC,10 October 2023,12,10-01-2024 21:45,12-10-2023 23:00
6488,442,2797b6e8e72817175772048734122bdfb686c41776318690f1cc5f79,SP reward for iBTC,10 October 2023,12,10-01-2024 21:45,12-10-2023 23:00
6489,442,d522cfaab057a5a8aed4e83723ae0fa5150f007e009aab2e77659701,SP reward for iBTC,10 October 2023,176,10-01-2024 21:45,12-10-2023 23:00
6490,442,903d332a30ff8a7beb13268a99e2fdd35e8a7f20368edda4416158e3,SP reward for iBTC,10 October 2023,137180,10-01-2024 21:45,12-10-2023 23:00
6491,442,ed3122194af84dbc350676f420b1927209b40cf0d239ec26a5cc8623,SP reward for iBTC,10 October 2023,151847,10-01-2024 21:45,12-10-2023 23:00
6492,442,2e1573f020d7dc42fb1befd459287f0e620fb799cee111e43c50d676,SP reward for iBTC,10 October 2023,16218,10-01-2024 21:45,12-10-2023 23:00
6493,442,bffe2a2f3dde97b96f94f5cdde3957828c61db930faba0e4b2afbb46,SP reward for iBTC,10 October 2023,18909,10-01-2024 21:45,12-10-2023 23:00
6494,442,12f5110ed7d627702788e4e38eaee59c8a22b5df19ed9ec664a82738,SP reward for iBTC,10 October 2023,7768,10-01-2024 21:45,12-10-2023 23:00
6495,442,fd604bfce2089228bb84742efa2a90ad7f678753149f4949b376143f,SP reward for iBTC,10 October 2023,118,10-01-2024 21:45,12-10-2023 23:00
6496,442,435ac6984516a80bf6a9e7d16ba8431add7b4f44083131ab8dce0097,SP reward for iBTC,10 October 2023,57784,10-01-2024 21:45,12-10-2023 23:00
6497,442,df3ed3c34530edc62131484128ad73c4a256a8974d6a52ec845b64ed,SP reward for iBTC,10 October 2023,10377,10-01-2024 21:45,12-10-2023 23:00
6498,442,847fe7a38c4292370b7254e6da0d9684769b31a10040e8f8ecf9686b,SP reward for iBTC,10 October 2023,15031,10-01-2024 21:45,12-10-2023 23:00
6499,442,ce6885bef0ae899503bec94142f5c2d8f8d25973ddb50e1c5dca5c1e,SP reward for iBTC,10 October 2023,6981,10-01-2024 21:45,12-10-2023 23:00
6500,442,41c36d3ddc84ef66b56f1a8ad1bd87779262caeab0b0ec2ba129dbbc,SP reward for iBTC,10 October 2023,266369,10-01-2024 21:45,12-10-2023 23:00
6501,442,89d095d531c5d92be599e65bfe27c44652b2cf99b72a332427e9d8a2,SP reward for iBTC,10 October 2023,17322,10-01-2024 21:45,12-10-2023 23:00
6502,442,f18f251f8eddc1825371c53d9fdd05d62aad37584a7b0f9e72cb0d5a,SP reward for iBTC,10 October 2023,23845,10-01-2024 21:45,12-10-2023 23:00
6503,442,270a564190936d5e6199cd157798a1d802e05b5c4d69a756d02a4024,SP reward for iBTC,10 October 2023,2914,10-01-2024 21:45,12-10-2023 23:00
6504,442,1bf3be13ff8e559f0aa594266d0cd164be15cd0fd1252943d97e1edb,SP reward for iBTC,10 October 2023,317,10-01-2024 21:45,12-10-2023 23:00
6505,442,c7a34f1bdd69aee0196ba58d21999dd00a349820247b24041201649c,SP reward for iBTC,10 October 2023,16229,10-01-2024 21:45,12-10-2023 23:00
6506,442,4e5426811df99e191ae0bc3eca64836e561a07d1623b16f94828240b,SP reward for iBTC,10 October 2023,118,10-01-2024 21:45,12-10-2023 23:00
6507,442,d8432e121bd1d5bc137bcaecbece07f1793c31be59f83b18324c5606,SP reward for iBTC,10 October 2023,12,10-01-2024 21:45,12-10-2023 23:00
6508,442,bd8dc08c011f804f96be2b9d6a085b68cbfb7235b362f821e4bd996f,SP reward for iBTC,10 October 2023,12727,10-01-2024 21:45,12-10-2023 23:00
6509,442,38182d9874dbabb161ffff5e21c81a58b8134ff7f34f2407903dba6c,SP reward for iBTC,10 October 2023,4771,10-01-2024 21:45,12-10-2023 23:00
6510,442,77dbc24ca98002157cc36a53b2f84c3080d85cf1946c83fb47d6d86e,SP reward for iBTC,10 October 2023,517,10-01-2024 21:45,12-10-2023 23:00
6511,442,e292dc90457553865ecf16f586d72185fe4ef1afb2dc708f7099e4dd,SP reward for iBTC,10 October 2023,35,10-01-2024 21:45,12-10-2023 23:00
6512,442,222c33a3ddf56799694bb262eec3e8eea2b543200dc8c19cb05e91af,SP reward for iBTC,10 October 2023,1316,10-01-2024 21:45,12-10-2023 23:00
6513,442,4bc68e944b110d752d552bd07df288e2a21102e7fcb8f66bf0fa6b03,SP reward for iBTC,10 October 2023,18709,10-01-2024 21:45,12-10-2023 23:00
6514,442,3bc2ce369c678c1a5115f7949487434175f01002469df0b3183c1a65,SP reward for iBTC,10 October 2023,35162,10-01-2024 21:45,12-10-2023 23:00
6515,442,d454f318a8c6566f00c68a23802c71ef7a6b675fe95d0db765a1bea9,SP reward for iBTC,10 October 2023,1116,10-01-2024 21:45,12-10-2023 23:00
6516,442,24be347acbb7713ebcd0f5b2b131f5d6ec0b9d48f4f142a0da648760,SP reward for iBTC,10 October 2023,1293,10-01-2024 21:45,12-10-2023 23:00
6517,442,1e55b5dd30127909ce59b07ec00664030565822c232536f659139900,SP reward for iBTC,10 October 2023,26477,10-01-2024 21:45,12-10-2023 23:00
6518,442,85efbfc96dbff3982879b8689ec1c4755ea8e4b64281d1ac19a855f2,SP reward for iBTC,10 October 2023,2468,10-01-2024 21:45,12-10-2023 23:00
6519,442,5c3d04a6fd9ff6f0ec72ef6f5213b307db3910cdec68ed15fab76aa7,SP reward for iBTC,10 October 2023,17581,10-01-2024 21:45,12-10-2023 23:00
6520,442,6b5976099e509e58d6d3d04d10a63bdc511b3de937dd839cfb876076,SP reward for iBTC,10 October 2023,411141,10-01-2024 21:45,12-10-2023 23:00
6521,442,5174ab849efa5337d220c79f849aa39ee378cd42b3ea9a2cc55ff905,SP reward for iBTC,10 October 2023,9531,10-01-2024 21:45,12-10-2023 23:00
6522,442,5e7faea68262c87aec85b67c123673325a4193ab39de773499af83ba,SP reward for iBTC,10 October 2023,595917,10-01-2024 21:45,12-10-2023 23:00
6523,442,16af0db2d287df23f43f80b06b04415537fd9b6408c1cb5894da1329,SP reward for iBTC,10 October 2023,1312784,10-01-2024 21:45,12-10-2023 23:00
6524,442,929695c172f6c2841df1482161ec1a2716ee2f166c27c86b20736e71,SP reward for iBTC,10 October 2023,3020,10-01-2024 21:45,12-10-2023 23:00
6525,442,9db8dbdfc35cd01248d7ef8b323d76a072cc6ccec45aca38ddd3f99c,SP reward for iBTC,10 October 2023,358093,10-01-2024 21:45,12-10-2023 23:00
6526,442,db9b636e1b467ad9fa1c99c5820477f235d024c6079471192b750ce4,SP reward for iBTC,10 October 2023,59,10-01-2024 21:45,12-10-2023 23:00
6527,442,3cdcafabe8d5a88419c7cb447f0467d81cd4086c97b489b49ddd0dca,SP reward for iBTC,10 October 2023,220842,10-01-2024 21:45,12-10-2023 23:00
6528,442,01bb74d6a09834970c7e1cb6883cfaecbd3982e7fcc8d24116deaa84,SP reward for iBTC,10 October 2023,2938,10-01-2024 21:45,12-10-2023 23:00
6529,442,30f71e8f66d9f908f0a47173cccb4127341e557e9f3d9d60e0d60178,SP reward for iBTC,10 October 2023,1757888,10-01-2024 21:45,12-10-2023 23:00
6530,442,c55b4e912c5d71dfaa4f0b7487eecf8ed26a9ae779a9ad422639fd45,SP reward for iBTC,10 October 2023,9366,10-01-2024 21:45,12-10-2023 23:00
6531,442,cef48e82717f374be93b1e5bccad65b68e9403e57dcec8f251b35455,SP reward for iBTC,10 October 2023,33810055,10-01-2024 21:45,12-10-2023 23:00
6532,442,289cee24fb86dd5d5b6f02c8ca80397e03fa83c086d6e698e3ec330b,SP reward for iBTC,10 October 2023,388,10-01-2024 21:45,12-10-2023 23:00
6533,442,61cc93b6feaaf71fb0a4133fc103134b9e0057b17a96b5b8ab064345,SP reward for iBTC,10 October 2023,69419,10-01-2024 21:45,12-10-2023 23:00
6534,442,31352abda9a60e8a89222a049834cdd603dcc4fa2f9f3dbfc0a0b25f,SP reward for iBTC,10 October 2023,4865,10-01-2024 21:45,12-10-2023 23:00
6535,442,73064ed9d446fe559dea6a5c0484f4c4876d91e1d7442109f6815770,SP reward for iBTC,10 October 2023,353,10-01-2024 21:45,12-10-2023 23:00
6536,442,63b3889ebf65aba913b3ca44031d7b2c59b04b0727c3f2e67d52d034,SP reward for iBTC,10 October 2023,59,10-01-2024 21:45,12-10-2023 23:00
6537,442,8b542601309e158b422074b4a53ec9aa0f09a0b50f58bce55a68b4a0,SP reward for iBTC,10 October 2023,2068,10-01-2024 21:45,12-10-2023 23:00
6538,442,7bfcb0b4a3974232c21fe4440a2befb5aff58093e9582c9d447c1e0d,SP reward for iBTC,10 October 2023,24,10-01-2024 21:45,12-10-2023 23:00
6539,442,86072393fd16edefa5aa60ad88220dda3560bfdefa40eb96e3070075,SP reward for iBTC,10 October 2023,5747,10-01-2024 21:45,12-10-2023 23:00
6540,442,998a487e8caad608417916a0378d4886f64d23d4eaa192af56ff886e,SP reward for iBTC,10 October 2023,68902,10-01-2024 21:45,12-10-2023 23:00
6541,442,4385f6e1941b54b06ddfad16a7d19ee7f713d9f4fd7d3d9334b9b566,SP reward for iBTC,10 October 2023,153,10-01-2024 21:45,12-10-2023 23:00
6542,442,11b4ac68cf0d110247dc7d2bc139c92fd7a21af0a798a913e06fecd1,SP reward for iBTC,10 October 2023,61968,10-01-2024 21:45,12-10-2023 23:00
6543,442,ae17e9f63022e30bddc7f2c9189140dfdc434af23e26f37f75394229,SP reward for iBTC,10 October 2023,10436,10-01-2024 21:45,12-10-2023 23:00
6544,442,08abc365d15eb5a450ff8ed2a6207bfa3cb5a0df4ec1ddd0e6636026,SP reward for iBTC,10 October 2023,12,10-01-2024 21:45,12-10-2023 23:00
6545,442,53313be7f4738a1ad1554126858d052f318ccbf66d88b5016e9155d5,SP reward for iBTC,10 October 2023,552,10-01-2024 21:45,12-10-2023 23:00
6546,442,8d995bf956bbf2a69b6549ca3a6830e9292b0d2641e9fa520d0f294d,SP reward for iBTC,10 October 2023,280213,10-01-2024 21:45,12-10-2023 23:00
6547,442,5f9483631a382320cd149d20a120f71c1f8c7030b72408f44fccd795,SP reward for iBTC,10 October 2023,24,10-01-2024 21:45,12-10-2023 23:00
6548,442,243143a1edf725605b078e3660ccf3ef4811e54ce8d70b04ae15a4b0,SP reward for iBTC,10 October 2023,8144,10-01-2024 21:45,12-10-2023 23:00
6549,442,8ced098872686355fd3accc2329d595bf2ac9c6e7e981a8bc89d4540,SP reward for iBTC,10 October 2023,59100,10-01-2024 21:45,12-10-2023 23:00
6550,442,6f860cd15e7d9a0fe71735b338fa4ad81e418ddaae95928bd2994fc1,SP reward for iBTC,10 October 2023,3100264,10-01-2024 21:45,12-10-2023 23:00
6551,442,4647b9163e069f291328c22c76051780a8e8616e00354aa8cbc5cf6e,SP reward for iBTC,10 October 2023,12,10-01-2024 21:45,12-10-2023 23:00
6552,442,b178ffc093995ed4f92326da8cbbae25832bd1c723b4897435ae3ee3,SP reward for iBTC,10 October 2023,30026,10-01-2024 21:45,12-10-2023 23:00
6553,442,222afda7939e082f26e12d2ce9cf584b44538b31a60e2e1f3f333821,SP reward for iBTC,10 October 2023,1058,10-01-2024 21:45,12-10-2023 23:00
6554,442,0a72021d32d5893231aef79b5b87f086fd32119a0f301957705506e4,SP reward for iBTC,10 October 2023,130164,10-01-2024 21:45,12-10-2023 23:00
6555,442,71b03bb1f2db64f230e74c08d8bee62313660b1bf9649fbc28f690bc,SP reward for iBTC,10 October 2023,82499,10-01-2024 21:45,12-10-2023 23:00
6556,442,0dbb67ed102393b0bf27cb9d1c2f8f83ad7a9f1689904879a5191c92,SP reward for iBTC,10 October 2023,676159,10-01-2024 21:45,12-10-2023 23:00
6557,442,96ea86b6481fa765de3718fae818186c426d848761d5e574b5d9078d,SP reward for iBTC,10 October 2023,260763,10-01-2024 21:45,12-10-2023 23:00
6558,442,c05d3ab97abdcac7e81855b92b59afe40f18b059e9d8cceedc5ef511,SP reward for iBTC,10 October 2023,15947,10-01-2024 21:45,12-10-2023 23:00
6559,442,9342a76f7de030e7df3e37249b14ef9ea67bbdde1e95e654aab21fb5,SP reward for iBTC,10 October 2023,35667,10-01-2024 21:45,12-10-2023 23:00
6560,442,bc12846dfe29fb17207d6e11b98fdda7201679227d46d744de5574e8,SP reward for iBTC,10 October 2023,32506,10-01-2024 21:45,12-10-2023 23:00
6561,442,ad4c1b0b50a32c00b7798cc93a249f5702d7e23c91601657d52c56ad,SP reward for iBTC,10 October 2023,122373,10-01-2024 21:45,12-10-2023 23:00
6562,442,b485a4652f1572808586882af82ef45d6219992c2b3dc68412fa6502,SP reward for iBTC,10 October 2023,122420,10-01-2024 21:45,12-10-2023 23:00
6563,442,1989462784de66a8e08b553e196bb609d62853586a741ce3abb34e13,SP reward for iBTC,10 October 2023,119658,10-01-2024 21:45,12-10-2023 23:00
6564,442,f393547fdc57f678fdd9827cb603e9a60d57282bd37416a327094f56,SP reward for iBTC,10 October 2023,80936,10-01-2024 21:45,12-10-2023 23:00
6565,442,945cd17ae5a96a439a8191283c8459e67ab18c7e2d93fa1dfce4671c,SP reward for iBTC,10 October 2023,11811,10-01-2024 21:45,12-10-2023 23:00
6566,442,4484d456440c1956679e21e1d66e924d649c00666227046c3f1c96f7,SP reward for iBTC,10 October 2023,12,10-01-2024 21:45,12-10-2023 23:00
6567,442,53494b753f7670d751b575f6d4559aeb0d1a55e8e1b60a85e73e2df0,SP reward for iBTC,10 October 2023,50310,10-01-2024 21:45,12-10-2023 23:00
6568,442,54305958538cfe7e957863cc9f844dd6eedb9a0e654df4405636a554,SP reward for iBTC,10 October 2023,7897,10-01-2024 21:45,12-10-2023 23:00
6569,442,5f7d1aba60a090039edbb0294ccb27d3617a8827396b292ee49dec9f,SP reward for iBTC,10 October 2023,24562,10-01-2024 21:45,12-10-2023 23:00
6570,442,9ec26f63bfe50214282ef7ab89765bb7d647271ab7952de6815fbc19,SP reward for iBTC,10 October 2023,7286,10-01-2024 21:45,12-10-2023 23:00
6571,442,9430bd1b6d9bf6308dec0be93790ab927ac721606a76b52a7cf26ae6,SP reward for iBTC,10 October 2023,25255,10-01-2024 21:45,12-10-2023 23:00
6572,442,92cc4d0251f53a24f5366fb898c1681fee4d41123eab48bca6293ba1,SP reward for iBTC,10 October 2023,77715,10-01-2024 21:45,12-10-2023 23:00
6573,442,9797a1b44f05c0ef79368313bf12221d6b388d8b7a02cab480df05be,SP reward for iBTC,10 October 2023,11129,10-01-2024 21:45,12-10-2023 23:00
6574,442,529828b5fb8e3347ffc11e615fead9d06250f5457c828595bba6d3ba,SP reward for iBTC,10 October 2023,408955,10-01-2024 21:45,12-10-2023 23:00
6575,442,2381ee57a1f2e2074431f7af73f56c256f683727438021c4a9eb1883,SP reward for iBTC,10 October 2023,147957,10-01-2024 21:45,12-10-2023 23:00
6576,442,afe4f9c05f0b2fe3e561b4367044d774119a0029c6e8e25e92488a40,SP reward for iBTC,10 October 2023,146170,10-01-2024 21:45,12-10-2023 23:00
6577,442,111f4fa65714de665800cdaa883559bc60d994f34ef9f49b372d5c12,SP reward for iBTC,10 October 2023,434316,10-01-2024 21:45,12-10-2023 23:00
6578,442,2c3249ad7a3ec1b7781db91899c6c15a068abafe2117c09aca08d097,SP reward for iBTC,10 October 2023,448512,10-01-2024 21:45,12-10-2023 23:00
6579,442,30f730fb260aed1721ae7ec3d6ba003509bc8d125ddbf93ddf51cfac,SP reward for iBTC,10 October 2023,6992,10-01-2024 21:45,12-10-2023 23:00
6580,442,a2b3fc71aa466e489bef35c30ca8b4a9388f701ab0cd73c9c81a5409,SP reward for iBTC,10 October 2023,23704,10-01-2024 21:45,12-10-2023 23:00
6581,442,8bb9c1842b5df8a44359e65982adb4d2a7d0cb745a2b8488592e3d9f,SP reward for iBTC,10 October 2023,33634,10-01-2024 21:45,12-10-2023 23:00
6582,442,c90dfeb23d605971a7c59e29113aecd883e6390ae59b21748a3ef672,SP reward for iBTC,10 October 2023,26747,10-01-2024 21:45,12-10-2023 23:00
6583,442,06126a123250e0920b44678709da9d6d06d9edca5ecc7c532ac49aad,SP reward for iBTC,10 October 2023,12,10-01-2024 21:45,12-10-2023 23:00
6584,442,12f84d27cceeee594ed1f7928398c1653346becbbc159e80556cc6fd,SP reward for iBTC,10 October 2023,47736,10-01-2024 21:45,12-10-2023 23:00
6585,442,1434b0f9b0d42bdfe065dfbde6089def626c28128e2b25234b8409db,SP reward for iBTC,10 October 2023,7462,10-01-2024 21:45,12-10-2023 23:00
6586,442,a61e01183e93a2bd0cb1ee515fe8c652c33404cb1643c0bb5867cd63,SP reward for iBTC,10 October 2023,5112,10-01-2024 21:45,12-10-2023 23:00
6587,442,3001ab2e1afb570d756ead9ed5c82ae8241ae8cce18a17113c5706af,SP reward for iBTC,10 October 2023,61263,10-01-2024 21:45,12-10-2023 23:00
6588,442,e1a70a14406e84b401683a3b044d3fc7dbec76833c7e7e934585b678,SP reward for iBTC,10 October 2023,431014,10-01-2024 21:45,12-10-2023 23:00
6589,442,2ef4c3d711d1a7adab1a24a04856a191a3a162dc844c039eba9adbe6,SP reward for iBTC,10 October 2023,72603,10-01-2024 21:45,12-10-2023 23:00
6590,442,9bf780683ee09b92d00a465c519ef7febf74a26e6ff45fd9af96e496,SP reward for iBTC,10 October 2023,132620,10-01-2024 21:45,12-10-2023 23:00
6591,442,f3820b9d2e1ff6bc15652ffbc01346225e9d3f5c06adeb77b316f12a,SP reward for iBTC,10 October 2023,53260,10-01-2024 21:45,12-10-2023 23:00
6592,442,f4d2cd5b06c42740805070280540bda96165b3b3c3129319b0cb61d8,SP reward for iBTC,10 October 2023,129765,10-01-2024 21:45,12-10-2023 23:00
6593,442,514ec5e427280c6bca6a0d79dea12bc793673a7241ba8f6f982a542e,SP reward for iBTC,10 October 2023,43059,10-01-2024 21:45,12-10-2023 23:00
6594,442,0459b42e46e5d7a16fc6970f4c863641d5dde5560bd5881a1a8afc8b,SP reward for iBTC,10 October 2023,552658,10-01-2024 21:45,12-10-2023 23:00
6595,442,d5783eeb99454513796d07833a55b33d041157aa2557f641d50b7f13,SP reward for iBTC,10 October 2023,82,10-01-2024 21:45,12-10-2023 23:00
6596,442,97e4d04ae43b647e81b6329013697a1417c167be759ae49780568c76,SP reward for iBTC,10 October 2023,225813,10-01-2024 21:45,12-10-2023 23:00
6597,442,ad122b9fa3ab86495712afd2a6f655430427c2cf21a54fd0c8fe8e63,SP reward for iBTC,10 October 2023,87564,10-01-2024 21:45,12-10-2023 23:00
6598,442,5b57fb20f89e6a300ba3160a8339a32e0ea1751c776d874df2154527,SP reward for iBTC,10 October 2023,2209,10-01-2024 21:45,12-10-2023 23:00
6599,442,637d1f755c749370501adf2605aed6c5ecf198e037a12ed3bfc02f89,SP reward for iBTC,10 October 2023,12387,10-01-2024 21:45,12-10-2023 23:00
6600,442,10a2ea055b227f1d48a0a462ca6048f82693653fdb534eb7cd3ca654,SP reward for iBTC,10 October 2023,77715,10-01-2024 21:45,12-10-2023 23:00
6601,442,8425e1110917c188382ff1e28f3e11c6310ca3c1ee09b4b4bcc41bc1,SP reward for iBTC,10 October 2023,17710,10-01-2024 21:45,12-10-2023 23:00
6602,442,10bc27afabbda7fc02b15506968725e6af86ff6932f30a128d1d2f9e,SP reward for iBTC,10 October 2023,26548,10-01-2024 21:45,12-10-2023 23:00
6603,442,5d4a3c04c9a3115bf18cc6a37a4388050eadb756253bedf452d8efa2,SP reward for iBTC,10 October 2023,167912,10-01-2024 21:45,12-10-2023 23:00
6604,442,89867b8f45893cb14c1de33e0d5d3306dcf249101e203796017243ac,SP reward for iBTC,10 October 2023,5112,10-01-2024 21:45,12-10-2023 23:00
6605,442,e65fafb51e3a0af5b2fc7dbdb246b633fdcccd9459e3e2f2c09f2ccb,SP reward for iBTC,10 October 2023,96190,10-01-2024 21:45,12-10-2023 23:00
6606,442,6c8ecb2a0a26b86449201ea03fe11aeefc109c8e5e1d650779c01b7c,SP reward for iBTC,10 October 2023,48383,10-01-2024 21:45,12-10-2023 23:00
6607,442,856d18a37ff1be2074f1904f3db9d2d45ea8badc88a3ff443836b97e,SP reward for iBTC,10 October 2023,58666,10-01-2024 21:45,12-10-2023 23:00
6608,442,a33c563393379855e9b6f66e6830ceac659fac8982b06d4128b21722,SP reward for iBTC,10 October 2023,4348,10-01-2024 21:45,12-10-2023 23:00
6609,442,c66e4c7f7e62a9e589fbd7261b2510001a269b08530916b8af59f392,SP reward for iBTC,10 October 2023,209807,10-01-2024 21:45,12-10-2023 23:00
6610,442,e4a3572c85228edfa7ee4d015fa55fd6c93d181597f86859aaabca91,SP reward for iBTC,10 October 2023,366695,10-01-2024 21:45,12-10-2023 23:00
6611,442,6a454ac65fe62709fb8b2f46b6ed76a6497997c2eb9cfd9b4de35940,SP reward for iBTC,10 October 2023,912243,10-01-2024 21:45,12-10-2023 23:00
6612,442,5d464f67736cef9286be8854cdd17fdceeca017d2b0bb56c76db64f2,SP reward for iBTC,10 October 2023,187361,10-01-2024 21:45,12-10-2023 23:00
6613,442,3350a1cb0110a5855f289a0738fdbe0c00c07cf748fd5f5cdf1aa63b,SP reward for iBTC,10 October 2023,247590,10-01-2024 21:45,12-10-2023 23:00
6614,442,e1dabf1e8691c018fda047487415acf4ed06b874cc7e2bb639dd1845,SP reward for iBTC,10 October 2023,11681,10-01-2024 21:45,12-10-2023 23:00
6615,442,63d62b85ce675ee25e9e0da4c846d9843afc136a494b52ccdc2e48e2,SP reward for iBTC,10 October 2023,47,10-01-2024 21:45,12-10-2023 23:00
6616,442,e599429457c61531f5ec659442d7e430dc2e1c6152944d6815f4b064,SP reward for iBTC,10 October 2023,746094,10-01-2024 21:45,12-10-2023 23:00
6617,442,d901310b443168e1fc2d91faeb7f64e19312a8f9ffa2280ad775c1fe,SP reward for iBTC,10 October 2023,564257,10-01-2024 21:45,12-10-2023 23:00
6618,442,a7b9ee64702f425ec79d48bec8dc50489e4996c684b3624233bf6e3b,SP reward for iBTC,10 October 2023,77480,10-01-2024 21:45,12-10-2023 23:00
6619,442,f6babe82e81a1d51f5e4368647e69d71363450dec2d259c239658201,SP reward for iBTC,10 October 2023,57855,10-01-2024 21:45,12-10-2023 23:00
6620,442,cc42402b917443957763a94854647b10ceb0ae702a224166ab86b8a9,SP reward for iBTC,10 October 2023,77328,10-01-2024 21:45,12-10-2023 23:00
6621,442,d20a972f5bddebc47975b4d78f5a5ea7113b8311a84623fe58891b45,SP reward for iBTC,10 October 2023,27206,10-01-2024 21:45,12-10-2023 23:00
6622,442,5310a7c00c573d9400459ad061211250ce8c164a1b657d952003f32e,SP reward for iBTC,10 October 2023,164445,10-01-2024 21:45,12-10-2023 23:00
6623,442,04c8f0976496bf3b67a4e70b9cc2a9c3c78de5a04e5713c8b00c7a97,SP reward for iBTC,10 October 2023,40015,10-01-2024 21:45,12-10-2023 23:00
6624,442,bc74633bac550bbadaf788c0d83c68087a119dbdd4f75bbde49f154a,SP reward for iBTC,10 October 2023,50181,10-01-2024 21:45,12-10-2023 23:00
6625,442,3e2a4fefddafa38436d4c55f1c52cbca11c3c2aef0e94f37ff5be620,SP reward for iBTC,10 October 2023,58842,10-01-2024 21:45,12-10-2023 23:00
6626,442,b8a892490fa5784bf2c73603b7cc0f05a3219fc7901db3e698ad7f11,SP reward for iBTC,10 October 2023,6816,10-01-2024 21:45,12-10-2023 23:00
6627,442,72b1e604e866f798b31d76fb363aa3e570b6514117485b2f5c897753,SP reward for iBTC,10 October 2023,34962,10-01-2024 21:45,12-10-2023 23:00
6628,442,ea374c2d569d63853df7d92c816502210495360908aa4df12568e567,SP reward for iBTC,10 October 2023,37113,10-01-2024 21:45,12-10-2023 23:00
6629,442,ba9cdccfb43c0bb8236d5819a7086f1093d0c0a4d6b631ea5eed67bc,SP reward for iBTC,10 October 2023,467022,10-01-2024 21:45,12-10-2023 23:00
6630,442,e2a3bc9f398b6f1efe80bf7a1293dfd4c04ea81867ff0a897cb5eacd,SP reward for iBTC,10 October 2023,101572,10-01-2024 21:45,12-10-2023 23:00
6631,442,144a91af110e1f266e04a5fc28a41d897523570b8c8ca12724be3b64,SP reward for iBTC,10 October 2023,31037,10-01-2024 21:45,12-10-2023 23:00
6632,442,73160153c6fceb9fc89216a5940585b4cb9c1876b5a7d7889089ce12,SP reward for iBTC,10 October 2023,19062,10-01-2024 21:45,12-10-2023 23:00
6633,442,ccf0463efcfc0be16312d889a485c827392edb4bf32af4b43af4aad5,SP reward for iBTC,10 October 2023,29979,10-01-2024 21:45,12-10-2023 23:00
6634,442,782f7991e512e52aa83c538ae74d90283916f770165a85f30e222070,SP reward for iBTC,10 October 2023,7096600,10-01-2024 21:45,12-10-2023 23:00
6635,442,35b5123df5bdeca9a3899f0b9d6581d29ef0b8f1f177a9809a4f5203,SP reward for iBTC,10 October 2023,1610496,10-01-2024 21:45,12-10-2023 23:00
6636,442,8a42473e6bdb66189f724c4da29b6940eae317179fe69bf92e0242cc,SP reward for iBTC,10 October 2023,1623364,10-01-2024 21:45,12-10-2023 23:00
6637,442,edb0c1b08e873184c25ab99e045c1331c2a8009d5d6abafef20429d7,SP reward for iBTC,10 October 2023,172330,10-01-2024 21:45,12-10-2023 23:00
6638,442,a9df654a096a290a5d3e0eb25b16e658df3833f5669bcbb2f809e3c2,SP reward for iBTC,10 October 2023,517978,10-01-2024 21:45,12-10-2023 23:00
6639,442,5d1ae8825555ff8847263b4cad9c1fd8b9b7d6f788dddd71a34f23fe,SP reward for iBTC,10 October 2023,12,10-01-2024 21:45,12-10-2023 23:00
6640,442,ecf6df3e564fb3214117ff1ba3fb4532e6d1f2fb80c0015027b291b8,SP reward for iBTC,10 October 2023,764,10-01-2024 21:45,12-10-2023 23:00
6641,442,6fe35e3afb8041bb4b3e2df8a1ff4fcb433b5061ca04d71a44c925d1,SP reward for iBTC,10 October 2023,105380,10-01-2024 21:45,12-10-2023 23:00
6642,442,374b46ff0fc4f269f31c99a12c82159a58207c3e686c437d57dad408,SP reward for iBTC,10 October 2023,125229,10-01-2024 21:45,12-10-2023 23:00
6643,442,a5113918bdedb5881ff37ed3c4d45141f8cca161573b5e2be5071f75,SP reward for iBTC,10 October 2023,35984,10-01-2024 21:45,12-10-2023 23:00
6644,442,bdf1507fde82b8d0513273600289002f05e0caab85d28a804ec36a73,SP reward for iBTC,10 October 2023,4313,10-01-2024 21:45,12-10-2023 23:00
6645,442,5277d320e4e981971f75599c3c15bc0abebbdb6aea9cbadccb16bff1,SP reward for iBTC,10 October 2023,124911,10-01-2024 21:45,12-10-2023 23:00
6646,442,fc4456a76943fc8ddf1fec0d5b5ea44213e92bb498cf57768c82b872,SP reward for iBTC,10 October 2023,49299,10-01-2024 21:45,12-10-2023 23:00
6647,442,aee02fa77ebc7ddf3c93a8d3afe0d44d94a9d81d4d26684c49f25cf2,SP reward for iBTC,10 October 2023,167923,10-01-2024 21:45,12-10-2023 23:00
6648,442,78286944b6758ecbd9179c981466d8a007296b1e09fc3cf53add1fd8,SP reward for iBTC,10 October 2023,94,10-01-2024 21:45,12-10-2023 23:00
6649,442,ef375afc54458f274bd07dec902e981a581fb46d4ab6d996e40b5bb0,SP reward for iBTC,10 October 2023,174833,10-01-2024 21:45,12-10-2023 23:00
6650,442,308ee07a2d9f4a8cb93dffdbfd031413b4e8f5e55218c099e6f131ea,SP reward for iBTC,10 October 2023,221712,10-01-2024 21:45,12-10-2023 23:00
6651,442,cbd45719e9d7a6332688ac3ad8bcec87def6bb55174662ee16b5fa61,SP reward for iBTC,10 October 2023,150483,10-01-2024 21:45,12-10-2023 23:00
6652,442,451fe314c4e9a41bb5804455fb4057afc1cbf2b74cde2d3d737b3354,SP reward for iBTC,10 October 2023,12,10-01-2024 21:45,12-10-2023 23:00
6653,442,ee5592e3bff712a914258c52f57873c0cfc73a7b2c25008fedbcdf9d,SP reward for iBTC,10 October 2023,10377,10-01-2024 21:45,12-10-2023 23:00
6654,442,5dbde133f26c4c4d49266229d6414d8496450a0322832c6e4219cb4b,SP reward for iBTC,10 October 2023,64295,10-01-2024 21:45,12-10-2023 23:00
6655,442,117a220650f577db973565412c705745e0cac69c796d137e977267a0,SP reward for iBTC,10 October 2023,106,10-01-2024 21:45,12-10-2023 23:00
6656,442,a6c6b85a1faea3c830ff6410fa94503a0deff927429be8fea8ecfe1c,SP reward for iBTC,10 October 2023,16923,10-01-2024 21:45,12-10-2023 23:00
6657,442,53eb9c7601e433f0659a74479e98400d203af061f135354f43e0dad4,SP reward for iBTC,10 October 2023,34938,10-01-2024 21:45,12-10-2023 23:00
6658,442,a076e24a67c4906b17ede60183d0478e4d95431c5a227f3d35c4e8dc,SP reward for iBTC,10 October 2023,5147,10-01-2024 21:45,12-10-2023 23:00
6659,442,dc2f8d28b7b68eea544d5f052410ca6a34a5e6e811ef13496e156dda,SP reward for iBTC,10 October 2023,41202,10-01-2024 21:45,12-10-2023 23:00
6660,442,7b0d6609ff14368ecd1a39d4d737292d2e348cb35801e0fea067f5ce,SP reward for iBTC,10 October 2023,554949,10-01-2024 21:45,12-10-2023 23:00
6661,442,e9558a5fc36f0f9794e7810b3773d63556795a00e9aba9584532a2fa,SP reward for iBTC,10 October 2023,932398,10-01-2024 21:45,12-10-2023 23:00
6662,442,ea79af332a33e08d0180ace4940a4bba5e9040ea76bf0f8a884279cd,SP reward for iBTC,10 October 2023,16194,10-01-2024 21:45,12-10-2023 23:00
6663,442,42cad31cebab15afa9009d990b34374946246b0ffa50405d811ea6fb,SP reward for iBTC,10 October 2023,56386,10-01-2024 21:45,12-10-2023 23:00
6664,442,07870a95cc8ef51c6813a07f93b76c9e920640902bf176855333a03e,SP reward for iBTC,10 October 2023,107471,10-01-2024 21:45,12-10-2023 23:00
6665,442,37659fd936489ba08c0f7122f30d034594d20804392ba14cd2a6d362,SP reward for iBTC,10 October 2023,3537,10-01-2024 21:45,12-10-2023 23:00
6666,442,026c8ee36589862c813abaf4142583d8631869cc694bfc393ad229ed,SP reward for iBTC,10 October 2023,111079,10-01-2024 21:45,12-10-2023 23:00
6667,442,1d873b8c37d35e5e322736d5194df4efbcec93bd3e87090998185a10,SP reward for iBTC,10 October 2023,452355,10-01-2024 21:45,12-10-2023 23:00
6668,442,8c1879394f01e671306b6e8f2d2f67383a3ce75a387ecf3c18e3d87d,SP reward for iBTC,10 October 2023,44093,10-01-2024 21:45,12-10-2023 23:00
6669,442,95adb311d06d54e4251c9dc4f413de7ae81eb4d19c503d968ae1aad5,SP reward for iBTC,10 October 2023,187866,10-01-2024 21:45,12-10-2023 23:00
6670,442,35c495d0df5f9332169c25a654f44ce8ba0e494f7fccf9037718b5d1,SP reward for iBTC,10 October 2023,325611,10-01-2024 21:45,12-10-2023 23:00
6671,442,9c9cfb0162ad71b2ea61e82aa7676826d3bb5a58eb5f005b68a4c8da,SP reward for iBTC,10 October 2023,1103870,10-01-2024 21:45,12-10-2023 23:00
6672,442,698ceb483c24a183e0a9efbb33b25789c41494082421f4df6c75803e,SP reward for iBTC,10 October 2023,195881,10-01-2024 21:45,12-10-2023 23:00
6673,442,b475be0fdcfcfe84c5c20a5e697f805c4a27f911a8eb47b7177304aa,SP reward for iBTC,10 October 2023,691495,10-01-2024 21:45,12-10-2023 23:00
6674,442,38a6b071d8b300a0a8219cb49ae293024f466985a89f62d6188d0388,SP reward for iBTC,10 October 2023,10976,10-01-2024 21:45,12-10-2023 23:00
6675,442,69af353f2cb9ab695b429cff0e80203bc8e9e47548f28176e9bf99a0,SP reward for iBTC,10 October 2023,86706,10-01-2024 21:45,12-10-2023 23:00
6676,442,694abb439fba197ce0ee7420e98cb6a8f1535069b1bd6e65cf3c3db1,SP reward for iBTC,10 October 2023,73438,10-01-2024 21:45,12-10-2023 23:00
6677,442,e67bcf67de8a7932f1b1e396657a7f3f27463e98327fbb5e8d27b1b3,SP reward for iBTC,10 October 2023,213168,10-01-2024 21:45,12-10-2023 23:00
6678,442,a21ad32e6fdf1ed6d0ffdec01e71a481dc2b0c8ec0290f2ed9f227c1,SP reward for iBTC,10 October 2023,964,10-01-2024 21:45,12-10-2023 23:00
6679,442,476b3ff004d654d9792905df08b6122ce7f0934776fd4cfe14619e1f,SP reward for iBTC,10 October 2023,4219,10-01-2024 21:45,12-10-2023 23:00
6680,442,43b8e3375ecf90169230d91ce92863d0b041ed4c8668cc87d17ea980,SP reward for iBTC,10 October 2023,13950,10-01-2024 21:45,12-10-2023 23:00
6681,442,cf80384d5c45b66114334e9aa2ceb2c5fc762a94301c4c6787c69edc,SP reward for iBTC,10 October 2023,282740,10-01-2024 21:45,12-10-2023 23:00
6682,442,7dc85fe5487b335c2da93f88ece77f627227d835da86e4eb193312d4,SP reward for iBTC,10 October 2023,12,10-01-2024 21:45,12-10-2023 23:00
6683,442,258b0f580832ed26df4c5d92a9b5270c0e3dd4dd5a806bf7b8817ee4,SP reward for iBTC,10 October 2023,40391,10-01-2024 21:45,12-10-2023 23:00
6684,442,01eb20dded4e71bc19c2fe3b5751eae6d10a765dfb16db2e82f6a4ba,SP reward for iBTC,10 October 2023,65587,10-01-2024 21:45,12-10-2023 23:00
6685,442,6c2c506ec04e624743404ae1688a4fc6f668de7ac6990612e26246d0,SP reward for iBTC,10 October 2023,11846,10-01-2024 21:45,12-10-2023 23:00
6686,442,802cb092106fceffa2337814d10a42c330bfd573c0b29819d6a43b4a,SP reward for iBTC,10 October 2023,299745,10-01-2024 21:45,12-10-2023 23:00
6687,442,02dea5a4227b3f3ea4c25cb9efec1c9d21d6c84c094723fc4d0ea263,SP reward for iBTC,10 October 2023,8050,10-01-2024 21:45,12-10-2023 23:00
6688,442,bd2a3bc90f29b243b3034ce2db38942aac3e16c7ebe0016add056d53,SP reward for iBTC,10 October 2023,5159,10-01-2024 21:45,12-10-2023 23:00
6689,442,fa447f916a5a021053692ded933c27349eec25674d8d0cd7470f0125,SP reward for iBTC,10 October 2023,1246,10-01-2024 21:45,12-10-2023 23:00
6690,442,a6dbba290877e35a99d112108edf8c59364f9d06d0de28484b88d592,SP reward for iBTC,10 October 2023,1763,10-01-2024 21:45,12-10-2023 23:00
6691,442,e367111803d9720ed53b7127da78ed0a9317a8b7188c71fa947fb5cb,SP reward for iBTC,10 October 2023,17839,10-01-2024 21:45,12-10-2023 23:00
6692,442,39b625fa46ceaed9d756e6e663b0ce12da66b96f571a70f81d307000,SP reward for iBTC,10 October 2023,2527722,10-01-2024 21:45,12-10-2023 23:00
6693,442,91b90be38c88534f0e56ac18a8d1f0c6b1502fff72d59930ca2a37de,SP reward for iBTC,10 October 2023,11435,10-01-2024 21:45,12-10-2023 23:00
6694,442,79e3d59ab4a72ee17c3f6ee81f262aada5ba9f9c9293eb3b07363224,SP reward for iBTC,10 October 2023,136440,10-01-2024 21:45,12-10-2023 23:00
6695,442,56460232600f7f83c802cd4d754d1df5909498ba129dd9b921490ba5,SP reward for iBTC,10 October 2023,55058,10-01-2024 21:45,12-10-2023 23:00
6696,442,31ac5363f5d3b6bc5ee0a10aac24f82fb0417a1e53f318833cb34c9b,SP reward for iBTC,10 October 2023,10671,10-01-2024 21:45,12-10-2023 23:00
6697,442,c50059f86353b3a494aa471c2ed2bb644db9a28cb3242e5651f297c3,SP reward for iBTC,10 October 2023,24879,10-01-2024 21:45,12-10-2023 23:00
6698,442,d218cf8074ea70f71c6cb07461ea99c98ea021dce93f8ef31e17a07c,SP reward for iBTC,10 October 2023,4901,10-01-2024 21:45,12-10-2023 23:00
6699,442,9b314b76487603dec62a43cfeea584dae73cd42e7f83871495974fdb,SP reward for iBTC,10 October 2023,28581,10-01-2024 21:45,12-10-2023 23:00
6700,442,89b6e6736d0a6643d4f3a5205c5ebb853a1d8fbbc51b8d73723af1e4,SP reward for iBTC,10 October 2023,12022,10-01-2024 21:45,12-10-2023 23:00
6701,442,dbe4f7a84a446f0945219f3e126c627216733c00f33ac99e0184f0d7,SP reward for iBTC,10 October 2023,96519,10-01-2024 21:45,12-10-2023 23:00
6702,442,7a069e44ff96e9f9c7dd2097650124d542e88638fbcc67de7e168139,SP reward for iBTC,10 October 2023,42189,10-01-2024 21:45,12-10-2023 23:00
6703,442,dbf5237efea8d4014dd9dd124d0c1f8798e92e1e2016cf670eaf1424,SP reward for iBTC,10 October 2023,47889,10-01-2024 21:45,12-10-2023 23:00
6704,442,1b1ba287e7816fd86a470d6e56a89db3741b4781b0946730482f0c8e,SP reward for iBTC,10 October 2023,83027,10-01-2024 21:45,12-10-2023 23:00
6705,442,fd84357990c85741e74703ffc003798059eecfc6cd9ee37c98e93fd8,SP reward for iBTC,10 October 2023,7592,10-01-2024 21:45,12-10-2023 23:00
6706,442,5f03b2d007767d056973fc9afe4b7cad8695a82db73f12b998c64250,SP reward for iBTC,10 October 2023,153727,10-01-2024 21:45,12-10-2023 23:00
6707,442,3addd926e4d74499b821cb53b4e084086d1323a22608c47c43b21f50,SP reward for iBTC,10 October 2023,524465,10-01-2024 21:45,12-10-2023 23:00
6708,442,e544d0152f17bacc61736bea720477a416dbd60ead88c42cf6dda564,SP reward for iBTC,10 October 2023,34092,10-01-2024 21:45,12-10-2023 23:00
6709,442,3349450c00e6bcd2b48a1adba10b32343f045abd172ec4b9b297faad,SP reward for iBTC,10 October 2023,647132,10-01-2024 21:45,12-10-2023 23:00
6710,442,ecf5b1ffca39a9821dc42163dea13dc58d4d9b28767edf02124a271a,SP reward for iBTC,10 October 2023,15877,10-01-2024 21:45,12-10-2023 23:00
6711,442,57e353299dc689c7b021c9252c7d0650f362b3877a2e659340efc70a,SP reward for iBTC,10 October 2023,53988,10-01-2024 21:45,12-10-2023 23:00
6712,442,e1fe8c18060b61725fc639e6ed11f31323da2cc773f048910a4634da,SP reward for iBTC,10 October 2023,208068,10-01-2024 21:45,12-10-2023 23:00
6713,442,226efff56376642abcea869757e787dbe8916c694dc8ea69be81d4d3,SP reward for iBTC,10 October 2023,11446,10-01-2024 21:45,12-10-2023 23:00
6714,442,627af63a775267b8a3f8fbed2a0f823e5e99d679522adec252f2c8ff,SP reward for iBTC,10 October 2023,155972,10-01-2024 21:45,12-10-2023 23:00
6715,442,78278bcb9c677979118fb293f6b2ea731711d27c4c00a6c6477081c8,SP reward for iBTC,10 October 2023,98387,10-01-2024 21:45,12-10-2023 23:00
6716,442,611dd956af4745b49b478a9fec15b7ba57c9ddaa111c15a08fc3b407,SP reward for iBTC,10 October 2023,19943,10-01-2024 21:45,12-10-2023 23:00
6717,442,4d67cf44cabdb0209f5388ca682dca8d148480adcefe63448f413ba3,SP reward for iBTC,10 October 2023,214179,10-01-2024 21:45,12-10-2023 23:00
6718,442,e31737eff954647c3cfb076fc5ec72a889d3d7b27a875fdf2fd1b379,SP reward for iBTC,10 October 2023,12,10-01-2024 21:45,12-10-2023 23:00
6719,442,fc5543c66855df3872fc1c6bedbd95bb592feb158a7656d0964358b1,SP reward for iBTC,10 October 2023,107988,10-01-2024 21:45,12-10-2023 23:00
6720,442,476b50ba222061304df4ef1e7da2a370fc1a452f4100e862d5555269,SP reward for iBTC,10 October 2023,131915,10-01-2024 21:45,12-10-2023 23:00
6721,442,becf6035f52fa35d5d7a8731b2c5dbc11c044c40fe202181aa28cfc1,SP reward for iBTC,10 October 2023,243194,10-01-2024 21:45,12-10-2023 23:00
6722,442,96ffd21941e1c71772b97f5682c7bd2bc30640c68fc1d32c0c70b8d9,SP reward for iBTC,10 October 2023,356847,10-01-2024 21:45,12-10-2023 23:00
6723,442,1045e75d3b45f6170e3cb414db37069282799761865f831fd98eb6a9,SP reward for iBTC,10 October 2023,27065,10-01-2024 21:45,12-10-2023 23:00
6724,442,ff7146ab3d288749871f4cf95b6d586203facd0bbf2cedebd34470e3,SP reward for iBTC,10 October 2023,1461093,10-01-2024 21:45,12-10-2023 23:00
6725,442,7502c5c924fda27047c2cdff8e5a3ebf823c8427387b674b12b0203d,SP reward for iBTC,10 October 2023,12,10-01-2024 21:45,12-10-2023 23:00
6726,442,7c287d80b89068e3f0e5ad9cdcfccd67e264e10c7bac1f1c50b4b4ce,SP reward for iBTC,10 October 2023,106849,10-01-2024 21:45,12-10-2023 23:00
6727,442,4e1b5e33ca40177148b9a59b602070a93d08c6d28769fa954879cc34,SP reward for iBTC,10 October 2023,7028,10-01-2024 21:45,12-10-2023 23:00
6728,442,e0f3e44d96ee509d6ab6e2da8f461254ca01f70093af4449dc4872f7,SP reward for iBTC,10 October 2023,576,10-01-2024 21:45,12-10-2023 23:00
6729,442,17847aaa1e8f5041d5591347a6337e9992eb0f565f725cf43191558a,SP reward for iBTC,10 October 2023,973236,10-01-2024 21:45,12-10-2023 23:00
6730,442,bd0f8a958763197ef563ab8d4d85fc21fee6f7b894d6c7c8d82db00c,SP reward for iBTC,10 October 2023,928,10-01-2024 21:45,12-10-2023 23:00
6731,442,eca93e97120204b13cf0fa6a0f87e37c39503bfaa2872a01944f02b8,SP reward for iBTC,10 October 2023,98375,10-01-2024 21:45,12-10-2023 23:00
6732,442,9d4d413b3f4497d3ccdb07be86f076da7010d81e145b55adcdc2f833,SP reward for iBTC,10 October 2023,10177,10-01-2024 21:45,12-10-2023 23:00
6733,442,efd2562cf81215badd5f6232a30689f8b150bbed13bbca6fea876ddf,SP reward for iBTC,10 October 2023,133431,10-01-2024 21:45,12-10-2023 23:00
6734,442,eec262031b5b78bd61e1f5aaeb37110ab6599407ab82682ad1798d21,SP reward for iBTC,10 October 2023,97106,10-01-2024 21:45,12-10-2023 23:00
6735,442,5841691340afe9da06fa9b6183312767278be1ba7ca99c752ef50fd6,SP reward for iBTC,10 October 2023,192426,10-01-2024 21:45,12-10-2023 23:00
6736,442,a0ffd156054ecb13d0f10dc4df8234d966e8ddac81e4708f2ed0eafc,SP reward for iBTC,10 October 2023,4055919,10-01-2024 21:45,12-10-2023 23:00
6737,442,f7fbc9291c83560868ab7e3ba41ae900800b74940e117d044bf7dae4,SP reward for iBTC,10 October 2023,79737,10-01-2024 21:45,12-10-2023 23:00
6738,442,b4b1870ad7b75cc0e6ec8241474a9f83a053e0135aeca9718bbad2d6,SP reward for iBTC,10 October 2023,553504,10-01-2024 21:45,12-10-2023 23:00
6739,442,dbf62020c6e458cd78ab8e4726fbc766b60c9a473918a5afb8784f4f,SP reward for iBTC,10 October 2023,10342,10-01-2024 21:45,12-10-2023 23:00
6740,442,8ede185c7701ad49c0e4a8e8551d273ff717922d2487f54fac34fa6d,SP reward for iBTC,10 October 2023,339419,10-01-2024 21:45,12-10-2023 23:00
6741,442,623f00f49ed872b8fde76a4d5520f4ff63e50dec00b938701fe2aedd,SP reward for iBTC,10 October 2023,33975,10-01-2024 21:45,12-10-2023 23:00
6742,442,ae410e87b18ac10b7b28dcc401248dfe43d8bddcad2c349f315e9d55,SP reward for iBTC,10 October 2023,14396,10-01-2024 21:45,12-10-2023 23:00
6743,442,742e13aeb9130597e75cb1e4201368884b223a027760b1614ddcd514,SP reward for iBTC,10 October 2023,223005,10-01-2024 21:45,12-10-2023 23:00
6744,442,659c684b55fbaeac93ace9f4568e4815d01e094b823be7a04d3552f5,SP reward for iBTC,10 October 2023,565397,10-01-2024 21:45,12-10-2023 23:00
6745,442,e435792ece3754f9a940629ec319e62c108f06fedc90da30504b776f,SP reward for iBTC,10 October 2023,105462,10-01-2024 21:45,12-10-2023 23:00
6746,442,b75a87ce395a2a35d89a86f52fe433a1fc75ad685a4706b134fdb349,SP reward for iBTC,10 October 2023,82028,10-01-2024 21:45,12-10-2023 23:00
6747,442,862f5ad26068a3da287a54bc2fab1c19a99a48c81939d34870be1b85,SP reward for iBTC,10 October 2023,52825,10-01-2024 21:45,12-10-2023 23:00
6748,442,f7b1e851725cfa1f1f24f6b0efb5c29ca06119a33c64f8b6324f27db,SP reward for iBTC,10 October 2023,34339,10-01-2024 21:45,12-10-2023 23:00
6749,442,cf160c79e4395e9b17de9ff8fa6d78e9ade6fee1e7080e0c00152e3e,SP reward for iBTC,10 October 2023,272703,10-01-2024 21:45,12-10-2023 23:00
6750,442,ea8d6023f782f4802d83c0c803c213be848f2a5aec6bceb40a3a71c2,SP reward for iBTC,10 October 2023,576,10-01-2024 21:45,12-10-2023 23:00
6751,442,70f311783e3166f6d6bc39a700b92a2a2610b7cf7f20b5775244b657,SP reward for iBTC,10 October 2023,1047684,10-01-2024 21:45,12-10-2023 23:00
6752,442,878c6006173f9d113f53ba6169317039743808f62e25f539418ba4af,SP reward for iBTC,10 October 2023,1195476,10-01-2024 21:45,12-10-2023 23:00
6753,442,4e3f32529b38dc2fec4f2e582ead19b227edac321f79b7f4fb26a362,SP reward for iBTC,10 October 2023,17440,10-01-2024 21:45,12-10-2023 23:00
6754,442,7346e0ad8dce5c04702ca60dd0d4526e2df5d483f1761718ee53aad5,SP reward for iBTC,10 October 2023,103958,10-01-2024 21:45,12-10-2023 23:00
6755,442,4b950752c2113c742fcb45f06e31f1773151ec070e34b5361a2e559f,SP reward for iBTC,10 October 2023,2018616,10-01-2024 21:45,12-10-2023 23:00
6756,442,2dabdcb42f94e94c8c01515743dd95856cec96a8367fa180dcb71b99,SP reward for iBTC,10 October 2023,76211,10-01-2024 21:45,12-10-2023 23:00
6757,442,8fd1c10f23d010cb70527dfa179041722d39ecbb73a759bc2b88639c,SP reward for iBTC,10 October 2023,528284,10-01-2024 21:45,12-10-2023 23:00
6758,442,33927ace3bccbac0df3ec2a62bbfc5b7637b1d1c48a253c34397f43c,SP reward for iBTC,10 October 2023,5770,10-01-2024 21:45,12-10-2023 23:00
6759,442,d507ae81327a236ebeb68e2eb12a2e91f1dec6864389e429cca299dd,SP reward for iBTC,10 October 2023,874520,10-01-2024 21:45,12-10-2023 23:00
6760,442,d74a6efc13c28b96e80fa23036353ec62897443d0ee58a7cae63cb0b,SP reward for iBTC,10 October 2023,114205,10-01-2024 21:45,12-10-2023 23:00
6761,442,47ee31ae699bd89a025e9501b9f940c22de22a3dfc2a718e2a10eb05,SP reward for iBTC,10 October 2023,8779,10-01-2024 21:45,12-10-2023 23:00
6762,442,5f4cdf9c20fb77b9f42b5e38191e4f5f75b2204e5c86d8a0f7a0dc36,SP reward for iBTC,10 October 2023,115122,10-01-2024 21:45,12-10-2023 23:00
6763,442,172e62f4878895a3168c61eccd4f7effd9e33383a4b89031c2d05053,SP reward for iBTC,10 October 2023,375674,10-01-2024 21:45,12-10-2023 23:00
6764,442,1b0f82f268b7fe033d88c2ac02f6a179e2ea545a13cb01a3a54a599a,SP reward for iBTC,10 October 2023,66410,10-01-2024 21:45,12-10-2023 23:00
6765,442,ed2d886c9096287956f5c505925a4921e587a7fb6b9216a178616076,SP reward for iBTC,10 October 2023,150871,10-01-2024 21:45,12-10-2023 23:00
6766,442,0dcbeed337d833d3642b28c19cdc84b4a6bd454170bc39dd5b8fd27f,SP reward for iBTC,10 October 2023,75330,10-01-2024 21:45,12-10-2023 23:00
6767,442,5dd980e75c38dc7af3dbb6d1d1f023b6b2c47e0fc11d7614b8c6144a,SP reward for iBTC,10 October 2023,52026,10-01-2024 21:45,12-10-2023 23:00
6768,442,b0d6004a93f5ebcbca3d9df0d90dd40d56118c2d092bf4073450c7cf,SP reward for iBTC,10 October 2023,28628,10-01-2024 21:45,12-10-2023 23:00
6769,442,c59dfaaf43c38d28e4bf38064a298f6adff6f0ac28a81ca2ba81efd4,SP reward for iBTC,10 October 2023,6311,10-01-2024 21:45,12-10-2023 23:00
6770,442,1c17a2b47f85fbfb39d92c74636c3febf1c4171c923fcb69f1d9cc15,SP reward for iBTC,10 October 2023,295561,10-01-2024 21:45,12-10-2023 23:00
6771,442,00d5a046be21b4c6c5c6c90c6f831f2b6413cf7c22bd0e0affddf169,SP reward for iBTC,10 October 2023,62920,10-01-2024 21:45,12-10-2023 23:00
6772,442,803aa8053a78aaea3d2fe1c3591703fa63e0617e2153551fd6742ddb,SP reward for iBTC,10 October 2023,28322,10-01-2024 21:45,12-10-2023 23:00
6773,442,d4354d91bc4d7bc7e8a8fc5794f99754740cb0d23b0b96c32b334fed,SP reward for iBTC,10 October 2023,43987,10-01-2024 21:45,12-10-2023 23:00
6774,442,127d26a73f634ffb7d4e6520feddd1f5abc62b4bfb9c5b513a0faf23,SP reward for iBTC,10 October 2023,15395,10-01-2024 21:45,12-10-2023 23:00
6775,442,efe6a1bd03d8dd1a5a22927c2d862e27d6d0dd04bb4ed396d8887056,SP reward for iBTC,10 October 2023,15395,10-01-2024 21:45,12-10-2023 23:00
6776,442,5f8f6ba508ff9881b3c738c4a7c20e0847d02b71d18de8ac1cb80514,SP reward for iBTC,10 October 2023,15419,10-01-2024 21:45,12-10-2023 23:00
6777,442,9e643254f8245ece4648fcdc4a354ea13e344c11271af8c658253032,SP reward for iBTC,10 October 2023,15430,10-01-2024 21:45,12-10-2023 23:00
6778,442,d0a287080a5f1e8c7895310d78734a8b9937f46073b058b098bd4ea4,SP reward for iBTC,10 October 2023,15395,10-01-2024 21:45,12-10-2023 23:00
6779,442,44695b930c7d23346cf113e38f5e5cf7050ada748945ab88aedf6a41,SP reward for iBTC,10 October 2023,15430,10-01-2024 21:45,12-10-2023 23:00
6780,442,5ebf7013444e2e68de82850cdfb3666ca4736e73ddd9086d6466effc,SP reward for iBTC,10 October 2023,15419,10-01-2024 21:45,12-10-2023 23:00
6781,442,9e1c246216b925a3525c8a22acca10e4f20a8bb72eadd794842941d0,SP reward for iBTC,10 October 2023,15419,10-01-2024 21:45,12-10-2023 23:00
6782,442,2abf3c6529aed8e823daf0009e245991f07312b2c3abfa896ae0d621,SP reward for iBTC,10 October 2023,15407,10-01-2024 21:45,12-10-2023 23:00
6783,442,28c0ed86703825c350733056b1b81ddcd366438987fe0c61c8035072,SP reward for iBTC,10 October 2023,15407,10-01-2024 21:45,12-10-2023 23:00
6784,442,6967ac99067fa8918be3effe80acb02d0112916b196c3472bf1ae8d3,SP reward for iBTC,10 October 2023,15466,10-01-2024 21:45,12-10-2023 23:00
6785,442,8e2e68198ad244bf93f8aa743640ef5a97a3e7ec9c2d8bc6faa61123,SP reward for iBTC,10 October 2023,15466,10-01-2024 21:45,12-10-2023 23:00
6786,442,4317b2ad43c9462bd359d9d7cd7ff9c09d753755c061ad5ee15e0165,SP reward for iBTC,10 October 2023,15442,10-01-2024 21:45,12-10-2023 23:00
6787,442,dcd377746b5124b7dc67168f12221da018ddf15b9fbee68ee0735c8a,SP reward for iBTC,10 October 2023,15442,10-01-2024 21:45,12-10-2023 23:00
6788,442,ca80c29f0fab9e47157113fdbf0e5adad90f606ac3c2c0472da31fcc,SP reward for iBTC,10 October 2023,15442,10-01-2024 21:45,12-10-2023 23:00
6789,442,c77f571656d51f09f302b1916071bed21d55dfacbbe2fdbb818b0d4a,SP reward for iBTC,10 October 2023,13856,10-01-2024 21:45,12-10-2023 23:00
6790,442,7a2009799e43e9044fd476ff1f88fbea64babef7a7bc20c6b21c7939,SP reward for iBTC,10 October 2023,15454,10-01-2024 21:45,12-10-2023 23:00
6791,442,84004c5f32b4d374910d336498d403676dc192f86584ae1d9eb1db4a,SP reward for iBTC,10 October 2023,15454,10-01-2024 21:45,12-10-2023 23:00
6792,442,5d836fc0b9042bafc309fe81cad9902a3e5256acea324b4128b4bbe6,SP reward for iBTC,10 October 2023,15454,10-01-2024 21:45,12-10-2023 23:00
6793,442,5465bf73f1a67d5b67ecd4d29515ef9c7e2a31130b3bb036e50b0984,SP reward for iBTC,10 October 2023,15454,10-01-2024 21:45,12-10-2023 23:00
6794,442,b1f7b45205350ea85fcf6b736477f5fadd617ef9ad9c98a48ad61ec9,SP reward for iBTC,10 October 2023,1365950,10-01-2024 21:45,12-10-2023 23:00
6795,442,cd86c7001be335cb5ba746ee9c7b23758eff240e67ae44b4af9f3f85,SP reward for iBTC,10 October 2023,154221,10-01-2024 21:45,12-10-2023 23:00
6796,442,5434b2713c0d0884e45afb46b9f560e0e8be50d63ae949be9fe51423,SP reward for iBTC,10 October 2023,20049,10-01-2024 21:45,12-10-2023 23:00
6797,442,338f6ad73e0886541751486f71ceb084279c1ef0babe1ca9a2d58687,SP reward for iBTC,10 October 2023,1214009,10-01-2024 21:45,12-10-2023 23:00
6798,442,a1e4678a007b4cbfc9aa6e7f9a37a15c2edb29f18ee1727b2a161bb8,SP reward for iBTC,10 October 2023,81558,10-01-2024 21:45,12-10-2023 23:00
6799,442,85c66ed26b27050fbc7bebe3c85f283ea848da45f15dd05469477684,SP reward for iBTC,10 October 2023,39851,10-01-2024 21:45,12-10-2023 23:00
6800,442,2177c9b358e79ac479a2e137ce1326609b8341c32770c2166915cc8a,SP reward for iBTC,10 October 2023,16382,10-01-2024 21:45,12-10-2023 23:00
6801,442,4cb2eb343a9f29be1c2550732c532cf3d2a846cce4b12691379bdc70,SP reward for iBTC,10 October 2023,61087,10-01-2024 21:45,12-10-2023 23:00
6802,442,b1f1b061e51ad6f7a28f63f6f6e8928ae397a229eb37eb968bce611d,SP reward for iBTC,10 October 2023,265429,10-01-2024 21:45,12-10-2023 23:00
6803,442,252028dd01e3acc1c30861a6624f8b90e85f9b9056fde443a3df8533,SP reward for iBTC,10 October 2023,49546,10-01-2024 21:45,12-10-2023 23:00
6804,442,08bee9b93df80b52ef1582cafdc2d00b8ebb1db6f53d42746ba2ee8a,SP reward for iBTC,10 October 2023,306666,10-01-2024 21:45,12-10-2023 23:00
6805,442,0fd054639a3e8f5d478a3a54301863571c602fa127d5240ed03b9396,SP reward for iBTC,10 October 2023,85613,10-01-2024 21:45,12-10-2023 23:00
6806,442,d0bada51ac1cbd906f6d2310bab8e20f8dbb9f90c9719969a5ae8f66,SP reward for iBTC,10 October 2023,118835,10-01-2024 21:45,12-10-2023 23:00
6807,442,927e55798611f7bc06bb509fc2a6ec54a42d0284b52478f38053c635,SP reward for iBTC,10 October 2023,127015,10-01-2024 21:45,12-10-2023 23:00
6808,442,9874f0db003e781647db8f953002a3db4844641352332ff7c6fe6c1d,SP reward for iBTC,10 October 2023,416453,10-01-2024 21:45,12-10-2023 23:00
6809,442,c92acee29814228a44be41f4a07ca4beaac0585a93f5a5f36e0a625a,SP reward for iBTC,10 October 2023,431437,10-01-2024 21:45,12-10-2023 23:00
6810,442,f08a2242c6a6353ea38c9316dc478cad0d5e53eef6c1833e763eb33d,SP reward for iBTC,10 October 2023,12198,10-01-2024 21:45,12-10-2023 23:00
6811,442,34c3340d91bf6565f8b26b14e5dc37c6f89d62bc748b78de164115da,SP reward for iBTC,10 October 2023,27264,10-01-2024 21:45,12-10-2023 23:00
6812,442,9f95cb7929fd219396797e5ed4c48b69cd18f58370858927236619cf,SP reward for iBTC,10 October 2023,564,10-01-2024 21:45,12-10-2023 23:00
6813,442,8aaa28ab9441608df81e08d2b228a7349d76bf3019504a8615bfcf08,SP reward for iBTC,10 October 2023,60816,10-01-2024 21:45,12-10-2023 23:00
6814,442,9c8cc3ac2810e440ae1d0d41c4d7cbf79b860b5f315f8d4ed8350d81,SP reward for iBTC,10 October 2023,60569,10-01-2024 21:45,12-10-2023 23:00
6815,442,851e58aaf8a0c9f3c9abbaf773b05533b5aac52afc6f9dab8d656c91,SP reward for iBTC,10 October 2023,70512,10-01-2024 21:45,12-10-2023 23:00
6816,442,6f55a9d74db68134d952107df81bfffdec92fed808885f29e3ab39b1,SP reward for iBTC,10 October 2023,28921,10-01-2024 21:45,12-10-2023 23:00
6817,442,611d8b0630ae6010daa86863dbebda9d75d83c77a3f9799153c03091,SP reward for iBTC,10 October 2023,842778,10-01-2024 21:45,12-10-2023 23:00
6818,442,5a4fad55fdeabf0d0dfb5d4b75464bf5ee33a8f1edd2015dc0b39c24,SP reward for iBTC,10 October 2023,77210,10-01-2024 21:45,12-10-2023 23:00
6819,442,421eb2f69996e14e0249d6008d6db12997e9feb75ffe5ae8a18450dc,SP reward for iBTC,10 October 2023,1118866,10-01-2024 21:45,12-10-2023 23:00
6820,442,07b67ac56d6c56a757ac53b2c37f47ac6904d27a64aa6b1bc7d7c906,SP reward for iBTC,10 October 2023,808603,10-01-2024 21:45,12-10-2023 23:00
6821,442,e78c4eb4ec3e852b78f8540a7ff65767451cbf7601c4e6a9c4c97d52,SP reward for iBTC,10 October 2023,690590,10-01-2024 21:45,12-10-2023 23:00
6822,442,244ef5c19b4209da7df61d1f9a41ca599cf12610aed0f9457dbc7353,SP reward for iBTC,10 October 2023,220654,10-01-2024 21:45,12-10-2023 23:00
6823,442,68fb726d104e615aa74b865aa28f0e8460ef489721ee26413f190a2b,SP reward for iBTC,10 October 2023,56574,10-01-2024 21:45,12-10-2023 23:00
6824,442,e892875d741eeddc536eb15bb8df712f375ee8b043312119ae1b3742,SP reward for iBTC,10 October 2023,464013,10-01-2024 21:45,12-10-2023 23:00
6825,442,0f602b5d99125a213ff9978c6dfca3147a2daf71d7baa9807b6d395b,SP reward for iBTC,10 October 2023,12539,10-01-2024 21:45,12-10-2023 23:00
6826,442,4482822ba84d47736ecfc0a9647e3d1f6114b32f6bc944ceb6c67b13,SP reward for iBTC,10 October 2023,100526,10-01-2024 21:45,12-10-2023 23:00
6827,442,759d6df20a7f19005a274354accf23be17d066149740f11b76115565,SP reward for iBTC,10 October 2023,215730,10-01-2024 21:45,12-10-2023 23:00
6828,442,3ff27f47760d508cbc7e9db201e9fa0a985717f9cbfd307d429ba670,SP reward for iBTC,10 October 2023,1042654,10-01-2024 21:45,12-10-2023 23:00
6829,442,a7c4ad49f24faecad3a91f5e5a4109cfa822faade50e6840a3db3d67,SP reward for iBTC,10 October 2023,1499581,10-01-2024 21:45,12-10-2023 23:00
6830,442,759eb4f2ca5d96083badd166880b65128fa3d8da340bce3b4198a2f3,SP reward for iBTC,10 October 2023,889209,10-01-2024 21:45,12-10-2023 23:00
6831,442,d98785b47f3e7e0d0f16ba3186a7349b9e95fc1c8ea5b60b06c7c214,SP reward for iBTC,10 October 2023,263290,10-01-2024 21:45,12-10-2023 23:00
6832,442,36335a09015ff3e7941cc3bc4095f41ec80aedf5086c1ffedf7bc7a9,SP reward for iBTC,10 October 2023,1155555,10-01-2024 21:45,12-10-2023 23:00
6833,442,c2caa3f52fdfe4424d8aab68f691aa1617988acdb86a37b2850795ac,SP reward for iBTC,10 October 2023,289086,10-01-2024 21:45,12-10-2023 23:00
6834,442,0a36d2059eac53b46045092125f8419d455cf63ba48a7f2285a1a691,SP reward for iBTC,10 October 2023,685361,10-01-2024 21:45,12-10-2023 23:00
6835,442,343a6e2b66f769abf99ad58bc6425690fd647ea7221a738a55d94bd6,SP reward for iBTC,10 October 2023,165878,10-01-2024 21:45,12-10-2023 23:00
6836,442,69378090fe30db71103e3e1733833fdfd7caca0ce295aaecc4c87b73,SP reward for iBTC,10 October 2023,146006,10-01-2024 21:45,12-10-2023 23:00
6837,442,dbd9c61554e7f039b6d4eeaa12977fd06872e65ee8b7069c967c8ead,SP reward for iBTC,10 October 2023,68373,10-01-2024 21:45,12-10-2023 23:00
6838,442,01f6dc5b1fa257c30119d02f9ec10db6cec471c96fde0ea8a06f1f52,SP reward for iBTC,10 October 2023,1103318,10-01-2024 21:45,12-10-2023 23:00
6839,442,481c685b45d23206458864c3cee0ec7258f8b28d15000fae7c9ee246,SP reward for iBTC,10 October 2023,11223,10-01-2024 21:45,12-10-2023 23:00
6840,442,31eec5d71937555a28119e20dadcbe20b67b367b2f31f21957466444,SP reward for iBTC,10 October 2023,518906,10-01-2024 21:45,12-10-2023 23:00
6841,442,9527209d33e31613f6543e4c5447305c05f8afc334d0f8aa90f6e256,SP reward for iBTC,10 October 2023,10530,10-01-2024 21:45,12-10-2023 23:00
6842,442,8d9f07138fbec27a505c2800f79653639a09487e702622bc52bc7ac4,SP reward for iBTC,10 October 2023,190663,10-01-2024 21:45,12-10-2023 23:00
6843,442,1c874dcb1cc790d45772509bed0e7d7bd8396ca0f72ed76025296496,SP reward for iBTC,10 October 2023,22540,10-01-2024 21:45,12-10-2023 23:00
6844,442,c5ad47122828f917f08da9b1919bf801fb63a1b00950888c4e1d553f,SP reward for iBTC,10 October 2023,103699,10-01-2024 21:45,12-10-2023 23:00
6845,442,23a833160c3d6a9c09c95cae9035dacdb5be88b00fd1c34ca6399bd7,SP reward for iBTC,10 October 2023,140753,10-01-2024 21:45,12-10-2023 23:00
6846,442,c4c6e2c645f453f6f7ca990b7ade2b2b2de868c0aeb5c7511e481fe9,SP reward for iBTC,10 October 2023,1621343,10-01-2024 21:45,12-10-2023 23:00
6847,442,5ba4f7eb27d46622d4728a365e4e78b349d96c40cb8e6b17b32814ad,SP reward for iBTC,10 October 2023,24891,10-01-2024 21:45,12-10-2023 23:00
6848,442,85dccd823a8eda33c9f680bb5dd7c09479fae10c95732a968f39ddad,SP reward for iBTC,10 October 2023,161366,10-01-2024 21:45,12-10-2023 23:00
6849,442,86a99dbae5591a3ea7274bb23bc1b80d3c1ab2f2741434ff30984d90,SP reward for iBTC,10 October 2023,42777,10-01-2024 21:45,12-10-2023 23:00
6850,442,8d589e8e00fdadd913c2f769b43d341a03fc6ce5823456e7a3deaa01,SP reward for iBTC,10 October 2023,113289,10-01-2024 21:45,12-10-2023 23:00
6851,442,6c84ff02fbb588bbfc2cf7edd4c93ccb0582bc5563a4034ae39a1db6,SP reward for iBTC,10 October 2023,253042,10-01-2024 21:45,12-10-2023 23:00
6852,442,9119d1928ddf92d6dc740edccad925e6ec9a7bacafb0a4d1963064a2,SP reward for iBTC,10 October 2023,190052,10-01-2024 21:45,12-10-2023 23:00
6853,442,c36eec545b3d4967a6761fcdb2595a7e87863e334942e60ecfdc5ca8,SP reward for iBTC,10 October 2023,463966,10-01-2024 21:45,12-10-2023 23:00
6854,442,69db3ddacd4bd728026a19f9e8be6d41771d6cfb8cc1706798b3ad1b,SP reward for iBTC,10 October 2023,153210,10-01-2024 21:45,12-10-2023 23:00
6855,442,405966152e910c43c45f1d21d8420d7ce66c604b9750824741970780,SP reward for iBTC,10 October 2023,29074,10-01-2024 21:45,12-10-2023 23:00
6856,442,2a9e1ec8640d0b29f2942fb8e7edf6b10a46df1002b64f3c7fa91723,SP reward for iBTC,10 October 2023,78033,10-01-2024 21:45,12-10-2023 23:00
6857,442,e6fdaba56d087a16a9d4cd4a298d537bb25843159bbe8c9dfcfa3530,SP reward for iBTC,10 October 2023,105109,10-01-2024 21:45,12-10-2023 23:00
6858,442,1385472fec065e645adad4da5662368191ca8f5f6fe59fe849d7002e,SP reward for iBTC,10 October 2023,74789,10-01-2024 21:45,12-10-2023 23:00
6859,442,b01f0c44e67df1b4b6554d0e86a6b3d2529cdabb099bb8cba9af32f9,SP reward for iBTC,10 October 2023,352041,10-01-2024 21:45,12-10-2023 23:00
6860,442,2565d4ceb27abec66f12b27af3bfb8a828bcc5dfedc31442fb34422a,SP reward for iBTC,10 October 2023,564645,10-01-2024 21:45,12-10-2023 23:00
6861,442,d054a3e88aa7d909469f67c6bbaeab11aa87316f08c1eed2b6c2aed3,SP reward for iBTC,10 October 2023,505368,10-01-2024 21:45,12-10-2023 23:00
6862,442,982897eebb4516bb2e68c969145ed6b60afd9581c5395fd8d5f41671,SP reward for iBTC,10 October 2023,833729,10-01-2024 21:45,12-10-2023 23:00
6863,442,697ed4b4d37e6505d79692e149459fdae0ccd24d11201f9034b6c006,SP reward for iBTC,10 October 2023,11482,10-01-2024 21:45,12-10-2023 23:00
6864,442,2922bb18ea7225c2905acb96276ea33273c5e07a0860fb276087115f,SP reward for iBTC,10 October 2023,372019,10-01-2024 21:45,12-10-2023 23:00
6865,442,9c9ccbb773315d014fa44cd45b3f748defe409f24ced66bbf1f3137c,SP reward for iBTC,10 October 2023,380563,10-01-2024 21:45,12-10-2023 23:00
6866,442,58c052676fe5b1cd52fda1ba62bbdabef2b3f261258e1fcfaa4df833,SP reward for iBTC,10 October 2023,378741,10-01-2024 21:45,12-10-2023 23:00
6867,442,ef069ebbfa0f2dcdea147ca71b0b83cde8bdbbb1a857f6d2ff5178c7,SP reward for iBTC,10 October 2023,357306,10-01-2024 21:45,12-10-2023 23:00
6868,442,1c348c0ee2a2c36691e877a0058da0def13243399ab568db8db5825c,SP reward for iBTC,10 October 2023,39040,10-01-2024 21:45,12-10-2023 23:00
6869,442,775ef1ace4264239a1f7713dfcf2509b35664a69ff58631d9ca7b43d,SP reward for iBTC,10 October 2023,101466,10-01-2024 21:45,12-10-2023 23:00
6870,442,76f39418bc0fe22ab0a1376def8e1520b5ec048460ce83e7f79a477c,SP reward for iBTC,10 October 2023,48665,10-01-2024 21:45,12-10-2023 23:00
6871,442,87e1120a366b59b429a88f7c52bc5b2fab730eda807f6abbd65118a3,SP reward for iBTC,10 October 2023,240057,10-01-2024 21:45,12-10-2023 23:00
6872,442,fc55aff12a90e98825a92bb51f4b05622fa2fca8cfd21f235175cc28,SP reward for iBTC,10 October 2023,3103,10-01-2024 21:45,12-10-2023 23:00
6873,442,ecf1cb14a49abe481c4930be126426df3a7468257a129575cd49b41b,SP reward for iBTC,10 October 2023,568593,10-01-2024 21:45,12-10-2023 23:00
6874,442,ca79ad389e53d6d78f64b08613237df256252d328a6adf8cd3fddaad,SP reward for iBTC,10 October 2023,41543,10-01-2024 21:45,12-10-2023 23:00
6875,442,b11f12e256590d6f349702a08a9def66cbc7b490cba621d3a6b51f81,SP reward for iBTC,10 October 2023,592368,10-01-2024 21:45,12-10-2023 23:00
6876,442,c835248f41cb65303bec60d767f0299ea458a19c8c04beb125513487,SP reward for iBTC,10 October 2023,499715,10-01-2024 21:45,12-10-2023 23:00
6877,442,ab0a64f658b137b30ef606a422077d26ffa7cb161c883140ea9a1222,SP reward for iBTC,10 October 2023,40297,10-01-2024 21:45,12-10-2023 23:00
6878,442,f04e3a2f427f303624958a861d18f657e307e65da73922e8d823d573,SP reward for iBTC,10 October 2023,154444,10-01-2024 21:45,12-10-2023 23:00
6879,442,84b371d05ada1ac3b80397becb568cf6fd51c9ed6fbb710d29c0cc00,SP reward for iBTC,10 October 2023,41108,10-01-2024 21:45,12-10-2023 23:00
6880,442,6565981b164790ff226d5536d2735737d1204c90f3e96be53f398cb7,SP reward for iBTC,10 October 2023,130188,10-01-2024 21:45,12-10-2023 23:00
6881,442,752ca73ddf1be8dffa36de008da3efa547f9b96354198896f5961e0e,SP reward for iBTC,10 October 2023,81558,10-01-2024 21:45,12-10-2023 23:00
6882,442,65fe5aecb5e29a5ed212fcbddda174205fb47bf6e379fd275962c68e,SP reward for iBTC,10 October 2023,597550,10-01-2024 21:45,12-10-2023 23:00
6883,442,5187bd9ddecc2fdfae36f4e67526cc8368478db4478c08bff6a708dc,SP reward for iBTC,10 October 2023,40497,10-01-2024 21:45,12-10-2023 23:00
6884,442,553c24788c7e3923749226ba754c1230965e5a6881e269b89c108012,SP reward for iBTC,10 October 2023,3044,10-01-2024 21:45,12-10-2023 23:00
6885,442,f579246478661b78d9fb348c9474809402c7af31e9875417c59acb03,SP reward for iBTC,10 October 2023,36584,10-01-2024 21:45,12-10-2023 23:00
6886,442,d203a585d517315ef60b563878acfd72bd9ba9bd458d8c432ba53f7f,SP reward for iBTC,10 October 2023,1504,10-01-2024 21:45,12-10-2023 23:00
6887,442,d293f90ea2fd8c346edc313e42d1d8e3e739282dca078926377f6e1d,SP reward for iBTC,10 October 2023,99504,10-01-2024 21:45,12-10-2023 23:00
6888,442,c05a3bb916f898f5a4bb6886e7eca889c8f0e337ca7d0ac8a23aadf3,SP reward for iBTC,10 October 2023,118448,10-01-2024 21:45,12-10-2023 23:00
6889,442,d8873d99d8bac628cb99a6bfc97e0c7c1553286d4a62aedde875354b,SP reward for iBTC,10 October 2023,826325,10-01-2024 21:45,12-10-2023 23:00
6890,442,ab7dc86cf7fa1c543685fb6d91810e9362588d242efc1d1970dda2ea,SP reward for iBTC,10 October 2023,232394,10-01-2024 21:45,12-10-2023 23:00
6891,442,772e948ec345913bb1f86e295f4ff0d3b1f70e1b4ebca5831c6532a9,SP reward for iBTC,10 October 2023,41614,10-01-2024 21:45,12-10-2023 23:00
6892,442,c1e127e6f4fe215c3dcf7cc66335711c354e4e032a91919b7bb304d7,SP reward for iBTC,10 October 2023,3449931,10-01-2024 21:45,12-10-2023 23:00
6893,442,bb32c423f9a82af12f10a7ddfbb3e06a6160ad5b75827a14c2975eb5,SP reward for iBTC,10 October 2023,132385,10-01-2024 21:45,12-10-2023 23:00
6894,442,c327beebd731f0bb58b05726c2730c899b4153536cf1d329abf24400,SP reward for iBTC,10 October 2023,46303,10-01-2024 21:45,12-10-2023 23:00
6895,442,08f35dbe4574f570874338a49ae321cbf71409c487aedca93a87adf3,SP reward for iBTC,10 October 2023,4854,10-01-2024 21:45,12-10-2023 23:00
6896,442,e388024f70a31b9841cda41c8ae43867bce9bae07d348f222edc6081,SP reward for iBTC,10 October 2023,647390,10-01-2024 21:45,12-10-2023 23:00
6897,442,ace43bacbaaf8c652192a6b790f353ca7553a105d99419638d1544fa,SP reward for iBTC,10 October 2023,99398,10-01-2024 21:45,12-10-2023 23:00
6898,442,ee8e915802b5f642b6f4d4d30ce94976a6efc51f145c980d9d376034,SP reward for iBTC,10 October 2023,71,10-01-2024 21:45,12-10-2023 23:00
6899,442,f522f25c74116502ec93b9c5b40debd40d36ee7078989616fcfb2fdb,SP reward for iBTC,10 October 2023,804831,10-01-2024 21:45,12-10-2023 23:00
6900,442,010983eec9ff8e0cdb301b705d958ae67ca9335fc4a19fe8701c7191,SP reward for iBTC,10 October 2023,188924,10-01-2024 21:45,12-10-2023 23:00
6901,442,a3fcd9ac08aaba066110a8e2492e9f777f9cf49e56331dab600ec8b9,SP reward for iBTC,10 October 2023,513688,10-01-2024 21:45,12-10-2023 23:00
6902,442,c1cd747fe18cf8260a8115694c82c458f6facfafd5a382447a2a3e03,SP reward for iBTC,10 October 2023,201616,10-01-2024 21:45,12-10-2023 23:00
6903,442,2d8e47435b0c86ffc07f8c45272929148631ba923e3e24abd49c7d62,SP reward for iBTC,10 October 2023,438206,10-01-2024 21:45,12-10-2023 23:00
6904,442,4c80764f5b682045f12a83303d017d4dbe90f09f76b2108a5c44ae54,SP reward for iBTC,10 October 2023,1838130,10-01-2024 21:45,12-10-2023 23:00
6905,442,9fac73b1dbc78492dafb35890abb68d34cafeca9f10003df441aad12,SP reward for iBTC,10 October 2023,3154675,10-01-2024 21:45,12-10-2023 23:00
6906,442,f706d35c708bcc63336b52eca4245fa5ad1ea3f8dfaee5a88b751ac0,SP reward for iBTC,10 October 2023,2044400,10-01-2024 21:45,12-10-2023 23:00
6907,442,1227be2193b0f03f9ced11395f01fec9baab09491e545787377e5787,SP reward for iBTC,10 October 2023,838570,10-01-2024 21:45,12-10-2023 23:00
6908,442,8707ca72180e998be7256d3ca209f1018ee51fc9f9e1d55fd1d962ae,SP reward for iBTC,10 October 2023,3502,10-01-2024 21:45,12-10-2023 23:00
6909,442,84741e3fbccc3a2afa5ff1c2ef3791a89a6ca1241de26c08a3ab353c,SP reward for iBTC,10 October 2023,303787,10-01-2024 21:45,12-10-2023 23:00
6910,442,6dfa5c283d15c82b85b918c5480a6abf540d11f8ba50bdd65af11b86,SP reward for iBTC,10 October 2023,91160,10-01-2024 21:45,12-10-2023 23:00
6911,442,2d7f83bee28f29bf82eb41de3d59674e71af6a2faf3cce9eb95d6026,SP reward for iBTC,10 October 2023,850499,10-01-2024 21:45,12-10-2023 23:00
6912,442,a63f51bb42d71bf094ba7ebbea7180346656d7472461c81af03ff839,SP reward for iBTC,10 October 2023,45374,10-01-2024 21:45,12-10-2023 23:00
6913,442,510bf3f63b75013bcedc1a907a6fc4a2eef072397761cb455e9accb0,SP reward for iBTC,10 October 2023,109751,10-01-2024 21:45,12-10-2023 23:00
6914,442,76bd0706659b380bf2acb2259850bdd90488151424877d178eaa4c2d,SP reward for iBTC,10 October 2023,546535,10-01-2024 21:45,12-10-2023 23:00
6915,442,6e1af944114d0b0f4e9ca648a1a8bef65cc380f25f26ad97df13ad54,SP reward for iBTC,10 October 2023,297465,10-01-2024 21:45,12-10-2023 23:00
6916,442,55ef464ca22cf92698284b40810e51777b3bbaece5007d513dd80d3d,SP reward for iBTC,10 October 2023,34715,10-01-2024 21:45,12-10-2023 23:00
6917,442,e7e7e46cbc26ad46ebf40383764bf5031580588917f77fb838aad330,SP reward for iBTC,10 October 2023,5758,10-01-2024 21:45,12-10-2023 23:00
6918,442,31735ce88157a4b959f5e404f69aa0a7ff6b9bd0cc3f28d39943e3d7,SP reward for iBTC,10 October 2023,154056,10-01-2024 21:45,12-10-2023 23:00
6919,442,b72205cb401b474d3640529ef733adc3ef8aa82e9eacd1e77e4a4b52,SP reward for iBTC,10 October 2023,6295800,10-01-2024 21:45,12-10-2023 23:00
6920,442,fd9bd973495025b544108b39c3e8437f8903d9c10efa8a549fb76c9d,SP reward for iBTC,10 October 2023,7944,10-01-2024 21:45,12-10-2023 23:00
6921,442,0de7c3f3373ee0b1fa6291fddb92a9f4c95e4d641aa2a3d95ed3427f,SP reward for iBTC,10 October 2023,448371,10-01-2024 21:45,12-10-2023 23:00
6922,442,068a883756f40982465a2975535ff3bb33ca3e5fbca778c1e62674f7,SP reward for iBTC,10 October 2023,193613,10-01-2024 21:45,12-10-2023 23:00
6923,442,c8af7ec346eb1242adaeebd3ad327b140d37d084dc75a3e026ce4b39,SP reward for iBTC,10 October 2023,76987,10-01-2024 21:45,12-10-2023 23:00
6924,442,844da5da8b0ca7fb657b0c6a261883ebf631627f6b016ee7cd6516a0,SP reward for iBTC,10 October 2023,490725,10-01-2024 21:45,12-10-2023 23:00
6925,442,815fbda2445993f02e75d4f6af38e7d9c0e61e1d3578b4bf71c71e55,SP reward for iBTC,10 October 2023,347093,10-01-2024 21:45,12-10-2023 23:00
6926,442,1ff8ec747a4655f4f3abfe66233fb0343954025143e9134ca779640d,SP reward for iBTC,10 October 2023,18350773,10-01-2024 21:45,12-10-2023 23:00
6927,442,c2174735c17d772c59d5d19d925f29092b36344e24964b3d115637b7,SP reward for iBTC,10 October 2023,126192,10-01-2024 21:45,12-10-2023 23:00
6928,442,46f432395436e794072253949200551e75e28ef2bf1d3e960edcdf2f,SP reward for iBTC,10 October 2023,37538941,10-01-2024 21:45,12-10-2023 23:00
6929,442,888234b4c89dc4aee2e8307c1f934f413028d33d27a6a9b08fd5866e,SP reward for iBTC,10 October 2023,717455,10-01-2024 21:45,12-10-2023 23:00
6930,442,19b46b0b16bbbc3a6f7b67ddd2a5e21dbe1b3b232a9e02109c20350f,SP reward for iBTC,10 October 2023,514088,10-01-2024 21:45,12-10-2023 23:00
6931,442,53c73e201e855fb41a5fca25286f7d48a43dcad4686fb38ed1656094,SP reward for iBTC,10 October 2023,12669,10-01-2024 21:45,12-10-2023 23:00
6932,442,6a22c66b1ac47584e99999b61de170878547bb5a6b87946a6f1e018e,SP reward for iBTC,10 October 2023,84379,10-01-2024 21:45,12-10-2023 23:00
6933,442,6584bcf113af500d0a3da31cf71613891b5ec591bf920e03518cd20a,SP reward for iBTC,10 October 2023,427030,10-01-2024 21:45,12-10-2023 23:00
6934,442,d94f9bc0ffe11ad1005b22a6e5c2b471b29c53510aa81514fc24d95a,SP reward for iBTC,10 October 2023,1156448,10-01-2024 21:45,12-10-2023 23:00
6935,442,a12d7337565e62a3d4b816f0291a3f7083a14dff1f37384fe9345453,SP reward for iBTC,10 October 2023,65823,10-01-2024 21:45,12-10-2023 23:00
6936,442,23b41dab65f698716d09448d4c399e10d2f66ba2fb6433671643c280,SP reward for iBTC,10 October 2023,1041256,10-01-2024 21:45,12-10-2023 23:00
6937,442,dfeac5dd22c2b53cb43a31cbe0cc5cd71c78f714c5f05a20eaa107db,SP reward for iBTC,10 October 2023,421342,10-01-2024 21:45,12-10-2023 23:00
6938,442,991cdf984dad30fa2dcd54085e6d4b8689be3edbad0b8d4186c69e7f,SP reward for iBTC,10 October 2023,41026,10-01-2024 21:45,12-10-2023 23:00
6939,442,ff3cbe6f6c7b62690434bd2a5d162c0211c18e5586ecd181cad5f82f,SP reward for iBTC,10 October 2023,202321,10-01-2024 21:45,12-10-2023 23:00
6940,442,a37fab79f14d68ea324942d0acb658d887671d6c09f3a5c9284f2348,SP reward for iBTC,10 October 2023,44187,10-01-2024 21:45,12-10-2023 23:00
6941,442,6cfbc28fa54b2920b6cad9531f7071724ecaf253e52c0c7686613e98,SP reward for iBTC,10 October 2023,82228,10-01-2024 21:45,12-10-2023 23:00
6942,442,bd3f2017e7e27753b01e12a7c92edec2f9fa6b8802f314ef3121d735,SP reward for iBTC,10 October 2023,613098,10-01-2024 21:45,12-10-2023 23:00
6943,442,5cdd7f4959486306226ebcf1e43d45d7bfe2c4acd7ebafaf2c647248,SP reward for iBTC,10 October 2023,988125,10-01-2024 21:45,12-10-2023 23:00
6944,442,a4ae6b7d6fde02966811a441c04d72af1ad8a1bafd8684192c5c99f7,SP reward for iBTC,10 October 2023,30861,10-01-2024 21:45,12-10-2023 23:00
6945,442,0b6d4094acb71999783c5f632377b48f9df9fc9e2d90e0fda2fdbdec,SP reward for iBTC,10 October 2023,635662,10-01-2024 21:45,12-10-2023 23:00
6946,442,f7315c71937b8ee2b38ba0cabbb3d24b34186c415cb1a75e1f383666,SP reward for iBTC,10 October 2023,58630,10-01-2024 21:45,12-10-2023 23:00
6947,442,616ae6f4803b2d581ebd1d5cf6b74c35cd5ab3a1b9bd992a9cbee44b,SP reward for iBTC,10 October 2023,127649,10-01-2024 21:45,12-10-2023 23:00
6948,442,064bdec62473f25d5eb0cb4e051a3bfb6fd889f02e86c496539846b0,SP reward for iBTC,10 October 2023,85578,10-01-2024 21:45,12-10-2023 23:00
6949,442,c3fa4890e46c7b8ea2fe782727a74534b4340aced4e80ced7b0b5089,SP reward for iBTC,10 October 2023,123783,10-01-2024 21:45,12-10-2023 23:00
6950,442,abd83cc271275c8ce05f8c41d6c98b6ba15e624dab73eecba84a8b7b,SP reward for iBTC,10 October 2023,261198,10-01-2024 21:45,12-10-2023 23:00
6951,442,8a116fd370e6f96a9c008b885423555af7b57a39644593768bd24ec9,SP reward for iBTC,10 October 2023,280836,10-01-2024 21:45,12-10-2023 23:00
6952,442,a98843c2533d5681e29cc5257c9cfa172b4eac792a04c4601962c0f8,SP reward for iBTC,10 October 2023,61792,10-01-2024 21:45,12-10-2023 23:00
6953,442,882adcca078f37ee93c6c250fd5c7f4db7ae5417b468e49b6b7b6c17,SP reward for iBTC,10 October 2023,143761,10-01-2024 21:45,12-10-2023 23:00
6954,442,875e0983da57293df20690f6504edbb7db8eb69efadbb8c9724f508e,SP reward for iBTC,10 October 2023,37207,10-01-2024 21:45,12-10-2023 23:00
6955,442,252b76c1709bf21198156dca3c0e1a5ec1cdf58d164aea0c7378eb80,SP reward for iBTC,10 October 2023,5970,10-01-2024 21:45,12-10-2023 23:00
6956,442,01cefc4ac7b65ac3fddbaedc169b071ab04fcf6f5ab009ff125768c4,SP reward for iBTC,10 October 2023,157840,10-01-2024 21:45,12-10-2023 23:00
6957,442,508757f097d3f23cb9e51cc9d35a550b2f2f9bedea6326229950647f,SP reward for iBTC,10 October 2023,2315,10-01-2024 21:45,12-10-2023 23:00
6958,442,e26d9bd3d7f0c3284ceaf52727499f877bed82efb6b2a987cebf4f66,SP reward for iBTC,10 October 2023,115921,10-01-2024 21:45,12-10-2023 23:00
6959,442,c464a820786db2b4f6292f2d7d300f6e4c5a27921ad23b4d5a9fea1d,SP reward for iBTC,10 October 2023,398661,10-01-2024 21:45,12-10-2023 23:00
6960,442,1d80deffae03e338ff08903a41506c45b274b85f6a9b439391226cd6,SP reward for iBTC,10 October 2023,13455708,10-01-2024 21:45,12-10-2023 23:00
6961,442,152624033fcb22d52b9ab917ca5f2dbd14c5ad656c7c3d928dc24716,SP reward for iBTC,10 October 2023,72392,10-01-2024 21:45,12-10-2023 23:00
6962,442,0b635d0d46328414951117cac5307366586bf7c2fc62d83e6a175f1e,SP reward for iBTC,10 October 2023,196445,10-01-2024 21:45,12-10-2023 23:00
6963,442,ea7f8ffbdc5cac1c095c524ffdce7bcb1a53429460225074052f2db8,SP reward for iBTC,10 October 2023,9951295,10-01-2024 21:45,12-10-2023 23:00
6964,442,c3f7cbf63fbe8af505359cd58974c2d367282c0fa3917791e14a86a8,SP reward for iBTC,10 October 2023,34821,10-01-2024 21:45,12-10-2023 23:00
6965,442,7910de78b42fa36cac41e451ad498150dd3532e2f2e35777735235bf,SP reward for iBTC,10 October 2023,1950937,10-01-2024 21:45,12-10-2023 23:00
6966,442,a6ba497ed8d5a03dc779c890dc17d9c5f688a9c8c197597290bb4e14,SP reward for iBTC,10 October 2023,475835,10-01-2024 21:45,12-10-2023 23:00
6967,442,ce49b96a1faf94835d72885dfb42ad4fcb9583d7b9095ac21a2ab73b,SP reward for iBTC,10 October 2023,228034,10-01-2024 21:45,12-10-2023 23:00
6968,442,f130e5b0b9c5180b75bc9b2bfa96fa6ab7d269e4534765800d08aa06,SP reward for iBTC,10 October 2023,457091,10-01-2024 21:45,12-10-2023 23:00
6969,442,240ec14aab8224bc1895fa4385e8eb340a30eceaa136804f2acb36b2,SP reward for iBTC,10 October 2023,494251,10-01-2024 21:45,12-10-2023 23:00
6970,442,a8fe5934b7f4cb3a24db0ae235b002f777c72614d127bb3649809961,SP reward for iBTC,10 October 2023,48676,10-01-2024 21:45,12-10-2023 23:00
6971,442,e15e46a4738e59343e790d1c181621c77db424b969f8ca6186a2f1d3,SP reward for iBTC,10 October 2023,370068,10-01-2024 21:45,12-10-2023 23:00
6972,442,b81bbfa94577362e129c0663d51f208b280895252730759ca85400b3,SP reward for iBTC,10 October 2023,1410595,10-01-2024 21:45,12-10-2023 23:00
6973,442,e3a734a21d3ead42d3bb839cfe8a7592e36cbef004861669c4f3f6e6,SP reward for iBTC,10 October 2023,286841,10-01-2024 21:45,12-10-2023 23:00
6974,442,1828ab62af889897655942ad379206d216e2ad380e14b04c3c166c0b,SP reward for iBTC,10 October 2023,383700,10-01-2024 21:45,12-10-2023 23:00
6975,442,f1d39751c36b29e842f06a1166cf58e421047fe58c7d91c93e456e53,SP reward for iBTC,10 October 2023,385569,10-01-2024 21:45,12-10-2023 23:00
6976,442,c84a1d57fb0c8ff565ebbb412f83081c519276869437f255b0bbcfc1,SP reward for iBTC,10 October 2023,109187,10-01-2024 21:45,12-10-2023 23:00
6977,442,15aabf0a1e99f53e61d00b34bcf3ce4664c8a451561ba8f1e8d6d9f8,SP reward for iBTC,10 October 2023,351935,10-01-2024 21:45,12-10-2023 23:00
6978,442,c480783df5b96cc1a051c2bbe8c96d842a2743c747f303c656613e19,SP reward for iBTC,10 October 2023,443612,10-01-2024 21:45,12-10-2023 23:00
6979,442,2d94ebf9d99b122325d4cdd587ca503e1bd3d6225efa89687ee96929,SP reward for iBTC,10 October 2023,49523,10-01-2024 21:45,12-10-2023 23:00
6980,442,09a136fee1050d904291251c0422ab76d72ea0f73c85d724fb0d4c66,SP reward for iBTC,10 October 2023,1060964,10-01-2024 21:45,12-10-2023 23:00
6981,442,0a82a837af1a325a9e6659189dbc86d8c9c4c83ab6ddaea4be87045a,SP reward for iBTC,10 October 2023,408039,10-01-2024 21:45,12-10-2023 23:00
6982,442,d5ffa4e09c6eaa4c882e10d3cc94b6c604e5982bf3715d40d4ec5351,SP reward for iBTC,10 October 2023,303035,10-01-2024 21:45,12-10-2023 23:00
6983,442,62c68562dcd68f1d823f9d539c7e567d0c0738ab57a05570704ba0de,SP reward for iBTC,10 October 2023,71945,10-01-2024 21:45,12-10-2023 23:00
6984,442,759b2ad795fb741546cb47086bf90dcbfc4e8144e62a824c815c1ffb,SP reward for iBTC,10 October 2023,1485361,10-01-2024 21:45,12-10-2023 23:00
6985,442,bbc6d8e0a8f8fa47238a3df22e1b9a0e39a0de2330ba5b49d69a6bc0,SP reward for iBTC,10 October 2023,202133,10-01-2024 21:45,12-10-2023 23:00
6986,442,efc55477cca027cbb12c7ae0df08a7730b258856c7ec5ac6c4759003,SP reward for iBTC,10 October 2023,22046213,10-01-2024 21:45,12-10-2023 23:00
6987,442,a3ad69669ecee78b25f6b796d095ca691912481c72cc3ff42ee41ed1,SP reward for iBTC,10 October 2023,154984,10-01-2024 21:45,12-10-2023 23:00
6988,442,9db8d3d4abac0e9383f83307212017b966510fc34414e5c75f2e90db,SP reward for iBTC,10 October 2023,263842,10-01-2024 21:45,12-10-2023 23:00
6989,442,658002caf01d1eb9ae484aa16f398f8a27a91c10047cf16bca6ce09e,SP reward for iBTC,10 October 2023,114393,10-01-2024 21:45,12-10-2023 23:00
6990,442,071f3b13c008455dda64f68444844dc392779583aca6c553d3f98d39,SP reward for iBTC,10 October 2023,360960,10-01-2024 21:45,12-10-2023 23:00
6991,442,342b901edef65bf1a7dc2e6cf40a410d0e2b94104e6995e0de3ced6c,SP reward for iBTC,10 October 2023,47,10-01-2024 21:45,12-10-2023 23:00
6992,442,ea29ab4f2420255302bd2c56e8fe74a36f0fcc96a30cf5fad9994b4a,SP reward for iBTC,10 October 2023,1196381,10-01-2024 21:45,12-10-2023 23:00
6993,442,94dd9ef56f37110e5c80250cdd47301e9592be3378200b75222a9708,SP reward for iBTC,10 October 2023,96201,10-01-2024 21:45,12-10-2023 23:00
6994,442,092b7b9ae9bfed9f25757ce431f885b079ba820ec102294ec9f18c5b,SP reward for iBTC,10 October 2023,74331,10-01-2024 21:45,12-10-2023 23:00
6995,442,c058ca62efb4785fbef1e7fe218bfc4596d9a085b4721f9661e61894,SP reward for iBTC,10 October 2023,51450,10-01-2024 21:45,12-10-2023 23:00
6996,442,dd6b9922e6ee77ff126984d10a13695ac05b46949d0ab4751a9d0e1d,SP reward for iBTC,10 October 2023,610348,10-01-2024 21:45,12-10-2023 23:00
6997,442,a6049fbd2fd723e4f19c5392bfff9019d10ac59d222ee86ba05c9b2e,SP reward for iBTC,10 October 2023,263807,10-01-2024 21:45,12-10-2023 23:00
6998,442,bec94b5753e45e7ee8e232d0e7e958accd120f1135b56c9ce75a32cc,SP reward for iBTC,10 October 2023,7205082,10-01-2024 21:45,12-10-2023 23:00
6999,442,7c5378fa54feb8a83d9a2a241503e07eee3876d90931e1953788c3e4,SP reward for iBTC,10 October 2023,7275746,10-01-2024 21:45,12-10-2023 23:00
7000,442,9320b2e201b2f4141b4ea6e17e410f4696c911f77149408d632ebb8e,SP reward for iBTC,10 October 2023,10601882,10-01-2024 21:45,12-10-2023 23:00
7001,442,9730f04ab71ff759ededcbc4f7b4c8b2353af6885f2741194c98ed61,SP reward for iBTC,10 October 2023,67045,10-01-2024 21:45,12-10-2023 23:00
7002,442,9aec16c760df1aafd6cd7469b76de43e665f9cfa99263e756084ae89,SP reward for iBTC,10 October 2023,1171632,10-01-2024 21:45,12-10-2023 23:00
7003,442,95fa00657c1613aa2f6a3ff39b636d93ae3106ec72498d3e39b0fa8e,SP reward for iBTC,10 October 2023,1214303,10-01-2024 21:45,12-10-2023 23:00
7004,442,2e5a4c00de5e5ae25ec3d16e50b1da6b651d07ba33d3af5358becf71,SP reward for iBTC,10 October 2023,812622,10-01-2024 21:45,12-10-2023 23:00
7005,442,5f431f57ad76f9c3feaf03809fb3ba95da61f53fda601021a73f8040,SP reward for iBTC,10 October 2023,3916294,10-01-2024 21:45,12-10-2023 23:00
7006,442,e0ea68c3e09114bb8b746e67a3e44b5e4c0cdce33c07391dc1f61be2,SP reward for iBTC,10 October 2023,2465860,10-01-2024 21:45,12-10-2023 23:00
7007,442,239f2ce7543af3b3c9119a00f53a64ad8e1e4b19d90fd1dfaecd7427,SP reward for iBTC,10 October 2023,6040772,10-01-2024 21:45,12-10-2023 23:00
7008,442,4a38898a0404df7306a94a9845665147ccaee0aee1777b550855a42a,SP reward for iBTC,10 October 2023,172271,10-01-2024 21:45,12-10-2023 23:00
7009,442,019f3d35ef1c1067784c46f9b165150919cdefda177dd301af373051,SP reward for iBTC,10 October 2023,48465,10-01-2024 21:45,12-10-2023 23:00
7010,442,5a22bd8e0ed1bb988e124cca869af71ce22e87aadb485e21c9ca54ca,SP reward for iBTC,10 October 2023,1139596,10-01-2024 21:45,12-10-2023 23:00
7011,442,cb7e89fcaadfed571c5ed0b22579cce20b89e0407cfc051d8d97fc89,SP reward for iBTC,10 October 2023,11045588,10-01-2024 21:45,12-10-2023 23:00
7012,442,9dec3c4964c4cb0bfbf95809b692f75f98161934226d9b1cb0e5999d,SP reward for iBTC,10 October 2023,316103,10-01-2024 21:45,12-10-2023 23:00
7013,442,824f1b5399d6885e6330925fcba1472da21731a3d9f33802dd308f7f,SP reward for iBTC,10 October 2023,247766,10-01-2024 21:45,12-10-2023 23:00
7014,442,9c2b04c3d361d4d72878e7c0c067ce6cdf9f29561bfab5c59728c4e2,SP reward for iBTC,10 October 2023,40850,10-01-2024 21:45,12-10-2023 23:00
7015,442,56a31a31d994dd695445965d7862c2025320c4d7a0202bb6e977e74b,SP reward for iBTC,10 October 2023,1189459,10-01-2024 21:45,12-10-2023 23:00
7016,442,b441ca29dc1d111c2bd998f8b347f57613bc68458a0ffda06ad65066,SP reward for iBTC,10 October 2023,1472328,10-01-2024 21:45,12-10-2023 23:00
7017,442,63aade055d90301cd816870ee5a3c9fc67d769274b8633e7a7893f05,SP reward for iBTC,10 October 2023,3058145,10-01-2024 21:45,12-10-2023 23:00
7018,442,fa9c7e0beaad372083bafd39c7cef554824a1e9eb21556676864ab7e,SP reward for iBTC,10 October 2023,4859445,10-01-2024 21:45,12-10-2023 23:00
7019,442,2e4fa47bb79e7a949afe7120907ed104d82118f209433130746e7c87,SP reward for iBTC,10 October 2023,3702338,10-01-2024 21:45,12-10-2023 23:00
7020,442,6f27039ce8ad07c08fbad0dcfe5b70bf7b5709eed01128f3c8272841,SP reward for iBTC,10 October 2023,50322,10-01-2024 21:45,12-10-2023 23:00
7021,442,de5771cbff7cd2960f946f9752679084b94af12484abc3e14ac4ad97,SP reward for iBTC,10 October 2023,513312,10-01-2024 21:45,12-10-2023 23:00
7022,442,7eba1da590e93ee9a4da7bf746111c27c6b21f82ca90fd8c7ca5a441,SP reward for iBTC,10 October 2023,60170,10-01-2024 21:45,12-10-2023 23:00
7023,442,5e22c5aa5a56932e8d75e47e68ae14b5c37c329801ea6b3260a8be73,SP reward for iBTC,10 October 2023,5688,10-01-2024 21:45,12-10-2023 23:00
7024,442,fe865f286084772b874a29bd3b49f458df1ec3c31332b160af9cbb65,SP reward for iBTC,10 October 2023,1440069,10-01-2024 21:45,12-10-2023 23:00
7025,442,5b06d393e8dfcfc2b19ca8ecc91c242dd437ed72d917391264183f36,SP reward for iBTC,10 October 2023,177113,10-01-2024 21:45,12-10-2023 23:00
7026,442,a39926586271cd40910a9efa7a9bb2d6a53d7852b444ec240a99f0f9,SP reward for iBTC,10 October 2023,218210,10-01-2024 21:45,12-10-2023 23:00
7027,442,09575db3a66d29e820a464f9a5784aa42e3efd96396413c15d5a1160,SP reward for iBTC,10 October 2023,76388,10-01-2024 21:45,12-10-2023 23:00
7028,442,cbf2fe83219efa63b2e1d6c43e53fefa9280e4e862b5cc88d5bdaf7d,SP reward for iBTC,10 October 2023,201851,10-01-2024 21:45,12-10-2023 23:00
7029,442,23d5170dffbfa8d5cf6534cd1c06d52d6d2e8819b7914995fa9a94f4,SP reward for iBTC,10 October 2023,87164,10-01-2024 21:45,12-10-2023 23:00
7030,442,1afac53a4d1a00fdc5c19991c9ab585d92ed50cb9c71ba9c61a36106,SP reward for iBTC,10 October 2023,15607,10-01-2024 21:45,12-10-2023 23:00
7031,442,8989430ad6c5a5fa6d3a46119d893bd1f699828ed6a1adc117e5d566,SP reward for iBTC,10 October 2023,93945,10-01-2024 21:45,12-10-2023 23:00
7032,442,15f8cfb4da9cb42c4d6e84279d1b38591c14757ffdc34c84d1bcf18d,SP reward for iBTC,10 October 2023,209008,10-01-2024 21:45,12-10-2023 23:00
7033,442,a7793000be35ab0dd64570208d714684e292588d3067948d9cab4b62,SP reward for iBTC,10 October 2023,853836,10-01-2024 21:45,12-10-2023 23:00
7034,442,4c73918d3e3dc67b301ce43a5fe15bbe5adce6215fd2ccba13ff7e10,SP reward for iBTC,10 October 2023,1727310,10-01-2024 21:45,12-10-2023 23:00
7035,442,d695b98ba895d0c874d7d3e37fcddc0abed1218af810673d64c9a4f0,SP reward for iBTC,10 October 2023,59653,10-01-2024 21:45,12-10-2023 23:00
7036,442,d67b7749d86a07ba6f98f8f3c172bc8baa080ff2e4d9346e95906d72,SP reward for iBTC,10 October 2023,3025851,10-01-2024 21:45,12-10-2023 23:00
7037,442,afc9f4b55d88b42678093a6659959b51bd13e8f09c761ac46392e197,SP reward for iBTC,10 October 2023,737375,10-01-2024 21:45,12-10-2023 23:00
7038,442,f93cc5ef93e0558852dda635e29b1f3691e9450aeed4a8c2e3d7aea1,SP reward for iBTC,10 October 2023,1347394,10-01-2024 21:45,12-10-2023 23:00
7039,442,09ece0330525bced6552a9bfcd81f1d357118dfd74af85e432df2c39,SP reward for iBTC,10 October 2023,2238319,10-01-2024 21:45,12-10-2023 23:00
7040,442,2b651b38935e59a8d891f5201514253c9763e2da2a246462dc25cc98,SP reward for iBTC,10 October 2023,190628,10-01-2024 21:45,12-10-2023 23:00
7041,442,e8aa119715131d1dc98e1703729210cc98b1883773fefc5177cbfdb9,SP reward for iBTC,10 October 2023,1083128,10-01-2024 21:45,12-10-2023 23:00
7042,442,065b03aa376bb86b5ec066afbae4cdd38007f7fd63bd885db812d0bb,SP reward for iBTC,10 October 2023,5909150,10-01-2024 21:45,12-10-2023 23:00
7043,442,ab70a240c4ea4d1043066e8f7e046b202598751300991bac4bd97dcd,SP reward for iBTC,10 October 2023,98928,10-01-2024 21:45,12-10-2023 23:00
7044,442,e6926c176666e9fd9ca952aba71247472a1ab5358f38204d1ddfc79e,SP reward for iBTC,10 October 2023,10227266,10-01-2024 21:45,12-10-2023 23:00
7045,442,8bb170899ad086aaf786240e8429aaae18448301ad0d2ab068d38f4a,SP reward for iBTC,10 October 2023,15736,10-01-2024 21:45,12-10-2023 23:00
7046,442,ec3543779054d04588489cf33d9ec5889566af60493f4cbc45a06b20,SP reward for iBTC,10 October 2023,296995,10-01-2024 21:45,12-10-2023 23:00
7047,442,3fac66f6b7caf81b8fa95ab669e318a15a207783e143e7e886f68f93,SP reward for iBTC,10 October 2023,47471927,10-01-2024 21:45,12-10-2023 23:00
7048,442,8732d6ae48c07b2694e9918fcdfff84e0995b165d4615c32fc76a978,SP reward for iBTC,10 October 2023,340418,10-01-2024 21:45,12-10-2023 23:00
7049,442,8105d0f33d443db33095e1de7e3c084af5cefb8675af79f718bd3e36,SP reward for iBTC,10 October 2023,75060,10-01-2024 21:45,12-10-2023 23:00
7050,442,569124adbb5d1457305f93056568f6e6744675288b6ede04630140e4,SP reward for iBTC,10 October 2023,1007986,10-01-2024 21:45,12-10-2023 23:00
7051,442,f6d8c4c39a8c57fbdaabfd6243784c0d6cb36c8b3fc41d01387c5432,SP reward for iBTC,10 October 2023,584000,10-01-2024 21:45,12-10-2023 23:00
7052,442,b90a52312094525fd5625f11df6dd72246a7ba3d3a5195f5fdc207c8,SP reward for iBTC,10 October 2023,482017,10-01-2024 21:45,12-10-2023 23:00
7053,442,18f3de1e151510189ebb627d0b7e16ce7c5a3fbd8f09c3fb4ff1554e,SP reward for iBTC,10 October 2023,6912929,10-01-2024 21:45,12-10-2023 23:00
7054,442,c3945d89b9f99ee385a09971bc4d7bdeedf5e6f809f8f72816ddd692,SP reward for iBTC,10 October 2023,251421,10-01-2024 21:45,12-10-2023 23:00
7055,442,38beb7ed5901105ac154983122c87619d85de653050403bb932f7c1e,SP reward for iBTC,10 October 2023,1456616,10-01-2024 21:45,12-10-2023 23:00
7056,442,f946a9da7bc2551c51e8bf0d38a5f7978c825edbd438c8f89a904859,SP reward for iBTC,10 October 2023,2990101,10-01-2024 21:45,12-10-2023 23:00
7057,442,95ceeaa70e44c14ca1db0464b8965f089473af24ca997915df81103b,SP reward for iBTC,10 October 2023,2701157,10-01-2024 21:45,12-10-2023 23:00
7058,442,0734a5973d3de6cf214d64d15b03a424c976d8bc6550207c064444b0,SP reward for iBTC,10 October 2023,2562919,10-01-2024 21:45,12-10-2023 23:00
7059,442,9e888b8b96c8adc83588187764673c7e357b0c3b404072c997389f74,SP reward for iBTC,10 October 2023,131293,10-01-2024 21:45,12-10-2023 23:00
7060,442,9465c0a617ef9e96e745ed622dd5c9d5e4fa0401b31126ad135727c7,SP reward for iBTC,10 October 2023,904463,10-01-2024 21:45,12-10-2023 23:00
7061,442,a94214e82fb4a5e955661e2e2245786a3bc6cb295b3f901d756f9410,SP reward for iBTC,10 October 2023,256498,10-01-2024 21:45,12-10-2023 23:00
7062,442,f29f47b1b0418459d3089b645f7822ffde188e85a102de177d76cd77,SP reward for iBTC,10 October 2023,100608,10-01-2024 21:45,12-10-2023 23:00
7063,442,8d89460f842ed7b219009885a5135f7e2caae73d80a619a6b00a6769,SP reward for iBTC,10 October 2023,470242,10-01-2024 21:45,12-10-2023 23:00
7064,442,18c61e4d6b729454eb617f9a7b28e76a1698b4a752319f521e618cef,SP reward for iBTC,10 October 2023,1885608,10-01-2024 21:45,12-10-2023 23:00
7065,442,23c91e5a1ef52f1009f60d112978fb5c94b7e7d2692c59eaa9fea37d,SP reward for iBTC,10 October 2023,4482572,10-01-2024 21:45,12-10-2023 23:00
7066,442,ff459cbd1daf01031d056e85b0495b66ae7167dca9cbfa0f6a77b73c,SP reward for iBTC,10 October 2023,8544,10-01-2024 21:45,12-10-2023 23:00
7067,442,d8dc639f4acfae62f5542765643c3dbed62ff861834dbe3ffe374e2f,SP reward for iBTC,10 October 2023,349925,10-01-2024 21:45,12-10-2023 23:00
7068,442,5e7dea65cec67cd6e592011e0afdba4455ee0c753561867ff4ab6de7,SP reward for iBTC,10 October 2023,521880,10-01-2024 21:45,12-10-2023 23:00
7069,442,a76031cb213261bbf89b3626e19effe8fec5d35a8fc5b2a16816ad13,SP reward for iBTC,10 October 2023,520728,10-01-2024 21:45,12-10-2023 23:00
7070,442,42c58ba9df280c4ae00cfa9fc794f2f00e7658f9f6d69abe0e8afe82,SP reward for iBTC,10 October 2023,454870,10-01-2024 21:45,12-10-2023 23:00
7071,442,8b824c5bc7c0c7c6ef3396d567c47dd502e361f62d9f9e6015eb8150,SP reward for iBTC,10 October 2023,2553447,10-01-2024 21:45,12-10-2023 23:00
7072,442,01320ff53b5c768f13c862003e6ce5eb269a7280994ca682518fefc0,SP reward for iBTC,10 October 2023,6534,10-01-2024 21:45,12-10-2023 23:00
7073,442,309a47f53e617e9bbd0aa234b5f2aff6c22864a58a64fc272caf8315,SP reward for iBTC,10 October 2023,75964,10-01-2024 21:45,12-10-2023 23:00
7074,442,914956f9a626440cebae913d11e64945359d03d5066c30ddbf4e1408,SP reward for iBTC,10 October 2023,429145,10-01-2024 21:45,12-10-2023 23:00
7075,442,5a3d4f39ee17e2b67b6dd93ba71379a098b16f5f1839a069ce9533f4,SP reward for iBTC,10 October 2023,245415,10-01-2024 21:45,12-10-2023 23:00
7076,442,a249e0d4dab1b164dd033043cbabdf204b34f7ecbdb994bec90d7216,SP reward for iBTC,10 October 2023,241091,10-01-2024 21:45,12-10-2023 23:00
7077,442,2ea8cfe869a9f7f29b36dae2a1fcf19b9e4b47293961ec78dc5ebccf,SP reward for iBTC,10 October 2023,1711597,10-01-2024 21:45,12-10-2023 23:00
7078,442,2af7ac91a39bd31d2af45a0339de7fd54c803034e0c6a6ef31d9a6d6,SP reward for iBTC,10 October 2023,588137,10-01-2024 21:45,12-10-2023 23:00
7079,442,84c9a45c5123c84cb6186adf1f103d3cb4793808002903cca2cbf9d3,SP reward for iBTC,10 October 2023,312319,10-01-2024 21:45,12-10-2023 23:00
7080,442,7d9bd96bffd557031b105316885d46d7a6a2cfbf4afe31753e92e61f,SP reward for iBTC,10 October 2023,41461,10-01-2024 21:45,12-10-2023 23:00
7081,442,793e0684fd2dfa7d12295503072537909790139c8f47c8d84a54a58a,SP reward for iBTC,10 October 2023,1194348,10-01-2024 21:45,12-10-2023 23:00
7082,442,568b65fadfb32178198768d1bff91956f5dba957701ce300719237b4,SP reward for iBTC,10 October 2023,968676,10-01-2024 21:45,12-10-2023 23:00
7083,442,9b5ca3c44c5b45ec37beb7dba0a3376e091d5d78dd13e3f5d6900701,SP reward for iBTC,10 October 2023,51203,10-01-2024 21:45,12-10-2023 23:00
7084,442,00c9b4171017f21031357b9225d2ac7aaedae43d6fde84c571fad28b,SP reward for iBTC,10 October 2023,621489,10-01-2024 21:45,12-10-2023 23:00
7085,442,39b1d4be2a009b5add1835ff88e27d53352d43cba2df661d22c9943f,SP reward for iBTC,10 October 2023,472615,10-01-2024 21:45,12-10-2023 23:00
7086,442,0077f5569d8a6b58837844cae16b24e60b4718f5805e316dbf493897,SP reward for iBTC,10 October 2023,1426578,10-01-2024 21:45,12-10-2023 23:00
7087,442,c9943f5e7c0688644afd7dbc518f505a0ba36f3afa555cd1001bfbf6,SP reward for iBTC,10 October 2023,2787815,10-01-2024 21:45,12-10-2023 23:00
7088,442,50b834c5a9617a6a7d88fc1087764dc7df7d8929a68412245e3ddef9,SP reward for iBTC,10 October 2023,97318,10-01-2024 21:45,12-10-2023 23:00
7089,442,af7dbc337958b4ea8e417db5deff1df389a18d4b3793b269d85bc2b7,SP reward for iBTC,10 October 2023,1100204,10-01-2024 21:45,12-10-2023 23:00
7090,442,e1a8082c47e07a5033dac58e317d904b814c3a3d26d9abe1647274b7,SP reward for iBTC,10 October 2023,114229,10-01-2024 21:45,12-10-2023 23:00
7091,442,90a02e04c977081682ecc4f296fac9fccd2b4aa99c79f4a2bb9f2fc2,SP reward for iBTC,10 October 2023,131116,10-01-2024 21:45,12-10-2023 23:00
7092,442,1f6bcfb63ce737900a489270a4960a49f698bf29834efedb540f9a7f,SP reward for iBTC,10 October 2023,404725,10-01-2024 21:45,12-10-2023 23:00
7093,442,f0759375e806e0212efd939c5734c9894fd1f309d3da6471e068bdde,SP reward for iBTC,10 October 2023,3496844,10-01-2024 21:45,12-10-2023 23:00
7094,442,89a01cf2bd9ed786ec21c34dbcf0c12c30fb04e0b703f7aaa5493804,SP reward for iBTC,10 October 2023,4735380,10-01-2024 21:45,12-10-2023 23:00
7095,442,1ec35cc7e933953ef129dc5adf6c6773f0400d20a0c3966ffa19b253,SP reward for iBTC,10 October 2023,139589,10-01-2024 21:45,12-10-2023 23:00
7096,442,93527fb732328f1de9e8acc3162cd5a871757f4d843c2335ec900f90,SP reward for iBTC,10 October 2023,2638625,10-01-2024 21:45,12-10-2023 23:00
7097,442,3440301225c582d0a5a6a0a5beec84e9589d670ed742b1cf94d7200c,SP reward for iBTC,10 October 2023,259400,10-01-2024 21:45,12-10-2023 23:00
7098,442,3ae0b2cd0da21f019b0fd621fa637b43b4df505baadf48ccc11ba43c,SP reward for iBTC,10 October 2023,3655,10-01-2024 21:45,12-10-2023 23:00
7099,442,1d6b21b388975d2273d12b214d15d38aefe4aa45af8ed903e4d386aa,SP reward for iBTC,10 October 2023,9413,10-01-2024 21:45,12-10-2023 23:00
7100,442,9442130f8971114afb57ca22fc0c8bbf9cdd009faba8c714a571d88a,SP reward for iBTC,10 October 2023,122549,10-01-2024 21:45,12-10-2023 23:00
7101,442,1bd9135dccd6a9ca3c905f1ce3f37e97005b55b745cbc30812ef7e40,SP reward for iBTC,10 October 2023,231912,10-01-2024 21:45,12-10-2023 23:00
7102,442,f09508247e043a250758c76b5ccb0e00df48f5caa7d61518dcb96707,SP reward for iBTC,10 October 2023,37900,10-01-2024 21:45,12-10-2023 23:00
7103,442,6fdab71ac5e8d474bdcb01e2168f6efc82cff9a0b4f53c6452413722,SP reward for iBTC,10 October 2023,2612312,10-01-2024 21:45,12-10-2023 23:00
7104,442,9e50685ab277c256faccb96797ca4a94bdff89291b969ed2371c5abb,SP reward for iBTC,10 October 2023,174152,10-01-2024 21:45,12-10-2023 23:00
7105,442,f6cfb92f30761649bddbe7ad666fe448046e5f68abc29596e6956aa7,SP reward for iBTC,10 October 2023,2733404,10-01-2024 21:45,12-10-2023 23:00
7106,442,e33786fcf09ced1747bbd86e3e123a529483cc477932d9f25c4b0d56,SP reward for iBTC,10 October 2023,1152112,10-01-2024 21:45,12-10-2023 23:00
7107,442,18e4a3d3fcc5dee4b932b901795dd9f7e6ac57c448fca07e2f564029,SP reward for iBTC,10 October 2023,238094,10-01-2024 21:45,12-10-2023 23:00
7108,442,d9467aa8366e0043e34e255d5aed0241df4a8ea3d53498fb3c4e6be2,SP reward for iBTC,10 October 2023,146311,10-01-2024 21:45,12-10-2023 23:00
7109,442,01f8201d8a816667a60991c48558305e0b2bafa074ff269a195b000b,SP reward for iBTC,10 October 2023,164010,10-01-2024 21:45,12-10-2023 23:00
7110,442,a9fe9514518d18c5963c548919b65a8ff75ddc4c00fb1210e40b07e8,SP reward for iBTC,10 October 2023,2883135,10-01-2024 21:45,12-10-2023 23:00
7111,442,ba37698916d66971b377b10f0c6a0f267b7d7b0db565d3a27267c2b8,SP reward for iBTC,10 October 2023,817899,10-01-2024 21:45,12-10-2023 23:00
7112,442,1940d3fec85e9061523ad6a42f216ae820eb69c4a54d83cf9aee3896,SP reward for iBTC,10 October 2023,122972,10-01-2024 21:45,12-10-2023 23:00
7113,442,adbbc6153ee01f33a02b4e5d803dc50fb0c1085c9641ac1c69967038,SP reward for iBTC,10 October 2023,81547,10-01-2024 21:45,12-10-2023 23:00
7114,442,5e1802dd8fc351a529cd8b65a8f384f1838e7b19e5e0b9b696ff6fd6,SP reward for iBTC,10 October 2023,591580,10-01-2024 21:45,12-10-2023 23:00
7115,442,5502991103fb3f6ebfd0bae6995312e29b4ffafb852dd5d0d8ff2ce8,SP reward for iBTC,10 October 2023,120492,10-01-2024 21:45,12-10-2023 23:00
7116,442,f02ed8f193b422cfd67898c1b2a117b29aebebe18c4289149f27b3a9,SP reward for iBTC,10 October 2023,8655246,10-01-2024 21:45,12-10-2023 23:00
7117,442,fde99c5446fa0a9d8337fd28293649bd0b5d9a9264c5b33f975ecda7,SP reward for iBTC,10 October 2023,1431020,10-01-2024 21:45,12-10-2023 23:00
7118,442,1a8d4bcce514bb0329f23e50f2af102e56fa4d2d40142dc898916d28,SP reward for iBTC,10 October 2023,103981,10-01-2024 21:45,12-10-2023 23:00
7119,442,9f8b9e86c31cbf1186c27abc512d0c9d86089b18c15ca7c3336323bf,SP reward for iBTC,10 October 2023,717620,10-01-2024 21:45,12-10-2023 23:00
7120,442,c5b369fa0456604bbfb986dcfb68fc592a4ca23bd28fec18d484be19,SP reward for iBTC,10 October 2023,169216,10-01-2024 21:45,12-10-2023 23:00
7121,442,3c214daef68d919ae91cc5eb7447fc6d795b6019a6df4e3191028999,SP reward for iBTC,10 October 2023,84931,10-01-2024 21:45,12-10-2023 23:00
7122,442,5cbf5f0ea9260bb305078b3bbfdca41a598d232d74c9a30db243ab67,SP reward for iBTC,10 October 2023,626554,10-01-2024 21:45,12-10-2023 23:00
7123,442,db70834069b7ea13f3701408f7f7e5d32993bd9fff990c3c52b3844c,SP reward for iBTC,10 October 2023,3982293,10-01-2024 21:45,12-10-2023 23:00
7124,442,0addfcd643de27ebe29017294c042b87e5c7af614b5de6f363fdaeef,SP reward for iBTC,10 October 2023,5941456,10-01-2024 21:45,12-10-2023 23:00
7125,442,0ad45bd4425847c0893b6a9135dc9086793f21620bf46205901be98a,SP reward for iBTC,10 October 2023,589488,10-01-2024 21:45,12-10-2023 23:00
7126,442,9057a63eaa2afa9e1f67bdb5d29fd62c59c91d0c79a30e225f079aca,SP reward for iBTC,10 October 2023,11773702,10-01-2024 21:45,12-10-2023 23:00
7127,442,7820f42dc60186096d0796db3b827087eb1c60321abc8a13cbac8f9a,SP reward for iBTC,10 October 2023,2450958,10-01-2024 21:45,12-10-2023 23:00
7128,442,3b9070843cfd1111780923e400c7dfd2a3418e6e014cb7469a65204d,SP reward for iBTC,10 October 2023,40438,10-01-2024 21:45,12-10-2023 23:00
7129,442,ac293f8851bccc597d9f23b7b76bb9afca7bf65e42c93fd9e51ebadb,SP reward for iBTC,10 October 2023,551812,10-01-2024 21:45,12-10-2023 23:00
7130,442,70a7bd550b7d96409d8acdbf95625a7ef0145407e594a6052b94f6be,SP reward for iBTC,10 October 2023,57220,10-01-2024 21:45,12-10-2023 23:00
7131,442,32e67cb8df87f43cb1c3063b27be710726b0bc1e96205b87f7d9be22,SP reward for iBTC,10 October 2023,23422,10-01-2024 21:45,12-10-2023 23:00
7132,442,ff6f1a1500c463068faa3a4aee28ee0e9bdb7cd667b3ac131aaa6f2c,SP reward for iBTC,10 October 2023,3878,10-01-2024 21:45,12-10-2023 23:00
7133,442,d4a5133b6c93547225503778518353b995090301d48ef52378df8f8a,SP reward for iBTC,10 October 2023,886612,10-01-2024 21:45,12-10-2023 23:00
7134,442,a10a23ec8c8bc86c8b39bb8d034a7ea407acf952bab967bbd8797d7f,SP reward for iBTC,10 October 2023,162929,10-01-2024 21:45,12-10-2023 23:00
7135,442,6362594e81cc4bf5946e14a30cf676df0db656ba14dadf367ab90167,SP reward for iBTC,10 October 2023,2574142,10-01-2024 21:45,12-10-2023 23:00
7136,442,cb2b4570726c6675a37c6a6a64b482eb461e2b5b1a75359d4ae3a8d1,SP reward for iBTC,10 October 2023,358869,10-01-2024 21:45,12-10-2023 23:00
7137,442,e4833eff5469ddeeaf0fbd065ad976676be56e8cd67c04526d51c495,SP reward for iBTC,10 October 2023,286759,10-01-2024 21:45,12-10-2023 23:00
7138,442,b8c95d9c879fe985c2a59cd6de2baeda050c5010e8eee6bb84c65be5,SP reward for iBTC,10 October 2023,219021,10-01-2024 21:45,12-10-2023 23:00
7139,442,4d5da618c7b48388366354c11d5e897d2449b087b523fd083fa0970f,SP reward for iBTC,10 October 2023,1029375,10-01-2024 21:45,12-10-2023 23:00
7140,442,bed90820701ec88d79cb4536bc0f0d5d9eadea4038f704ea26aebd7b,SP reward for iBTC,10 October 2023,426877,10-01-2024 21:45,12-10-2023 23:00
7141,442,d00c92d92560223d54d47e2332b1937f37e48f8faf44d2735e119b40,SP reward for iBTC,10 October 2023,80841,10-01-2024 21:45,12-10-2023 23:00
7142,442,a79e3310327ff57aec9921c729d9a81389fe10aaa398fda3e5ae0fb3,SP reward for iBTC,10 October 2023,1806212,10-01-2024 21:45,12-10-2023 23:00
7143,442,2170acba5d68a11a0c3fdf0e6f0b76284d166441c3306076a8868a2d,SP reward for iBTC,10 October 2023,58983,10-01-2024 21:45,12-10-2023 23:00
7144,442,0be100b577b01fb14cd3163192a4b4ef9862a633c140ae6f2c8bf6c2,SP reward for iBTC,10 October 2023,30649,10-01-2024 21:45,12-10-2023 23:00
7145,442,a599571d436d6d4796f955247b1e358fa4275e063273d81dc5845a47,SP reward for iBTC,10 October 2023,210430,10-01-2024 21:45,12-10-2023 23:00
7146,442,35b5d87660008e921bf997918dca5a84f808badf0fdc910fb5cc1d06,SP reward for iBTC,10 October 2023,1522297,10-01-2024 21:45,12-10-2023 23:00
7147,442,072569588caa5cdfcfc07a1bc6e8731d835f6a6f5c077d1d6dee0756,SP reward for iBTC,10 October 2023,1645869,10-01-2024 21:45,12-10-2023 23:00
7148,442,c6d45c71d2db10ad40fe49e492ce13dbf368ee6e721bc09c91ae89f5,SP reward for iBTC,10 October 2023,1278751,10-01-2024 21:45,12-10-2023 23:00
7149,442,c6aef9c4dd86f4d87ee64da60a47365ddefcce6afe4f81ab201dcd59,SP reward for iBTC,10 October 2023,148215,10-01-2024 21:45,12-10-2023 23:00
7150,442,9cd08cc76ae69ff518811af8d0a51a88d43a4c657a0c04e9224cc8cb,SP reward for iBTC,10 October 2023,1022688,10-01-2024 21:45,12-10-2023 23:00
7151,442,8c5626c9e662752024df18952fa8540323f25adc94d1ddf19cbbe93a,SP reward for iBTC,10 October 2023,1420009,10-01-2024 21:45,12-10-2023 23:00
7152,442,9c6b26744bd56fdf8d153edfa533838c64edde179e56ab43ff39d44c,SP reward for iBTC,10 October 2023,14396,10-01-2024 21:45,12-10-2023 23:00
7153,442,78cd8a0a3b2bd1b5d1a85f348849349a8d180b3bc180c9f5ea34c726,SP reward for iBTC,10 October 2023,4844320,10-01-2024 21:45,12-10-2023 23:00
7154,442,f985683432a80c87adba0b58c0f23732d62df8b56b4495e62df7b34d,SP reward for iBTC,10 October 2023,1013016,10-01-2024 21:45,12-10-2023 23:00
7155,442,a4bb846ef68110900c05f24352c1648db506ec921bf6011e61e01684,SP reward for iBTC,10 October 2023,54881,10-01-2024 21:45,12-10-2023 23:00
7156,442,c706de7bfbb45cd87ecff598485d3a723c919553e66ca548aa8f617d,SP reward for iBTC,10 October 2023,439452,10-01-2024 21:45,12-10-2023 23:00
7157,442,bf15d026350810dda5fdcb83db246d5aa2aa05a96396966d52e8c044,SP reward for iBTC,10 October 2023,219502,10-01-2024 21:45,12-10-2023 23:00
7158,442,5f86e466087255702d18aa24b32dbb34534e08df81736672fa9ba65c,SP reward for iBTC,10 October 2023,425208,10-01-2024 21:45,12-10-2023 23:00
7159,442,6c348312a0608ec6032c6b58e8570d4eb54a6792e95185b661ecd19e,SP reward for iBTC,10 October 2023,104757,10-01-2024 21:45,12-10-2023 23:00
7160,442,a90c9789e1cc4e2b2b3f0623af62cf6c143918214776980f29b12d12,SP reward for iBTC,10 October 2023,545125,10-01-2024 21:45,12-10-2023 23:00
7161,442,895dbda6ce8ae6e05cb8936861ffdc934ef3f8b289ecbaf06f20da59,SP reward for iBTC,10 October 2023,329536,10-01-2024 21:45,12-10-2023 23:00
7162,442,e30fca4c9c548c925fe71b35bd611143d6c305a5ce0ab3d4dc89e483,SP reward for iBTC,10 October 2023,99433,10-01-2024 21:45,12-10-2023 23:00
7163,442,6f51c66d3a29c2d5f030cfb8e21376e24c1cf22150ac86f5bc9c9ba2,SP reward for iBTC,10 October 2023,731792,10-01-2024 21:45,12-10-2023 23:00
7164,442,bdabcdc638396b13e6a2f2fcee884fac8903ad668c7155fad848616a,SP reward for iBTC,10 October 2023,453989,10-01-2024 21:45,12-10-2023 23:00
7165,442,10b776dcc1840a0606e0cad33d6641d643d7e13ace69c9646edf99dd,SP reward for iBTC,10 October 2023,7215682,10-01-2024 21:45,12-10-2023 23:00
7166,442,77a1b379e48df6426e5cc09831d89c98ab884006386249023012566b,SP reward for iBTC,10 October 2023,184564,10-01-2024 21:45,12-10-2023 23:00
7167,442,34589e061b2fcffb9f07e7109d77a14c7c7f55f15f5a52d5ebe6c94e,SP reward for iBTC,10 October 2023,2879,10-01-2024 21:45,12-10-2023 23:00
7168,442,a723925d9bb76d01b7884c2a338fa082de4f043c8487a2f50462c8a1,SP reward for iBTC,10 October 2023,1456322,10-01-2024 21:45,12-10-2023 23:00
7169,442,8be6732aed7a8fae40c977123a8c351f24783273e129f986fa3f1eff,SP reward for iBTC,10 October 2023,2992922,10-01-2024 21:45,12-10-2023 23:00
7170,442,5d9e0354868fbabc732fd274e1a7335c480821da439b7d4506a85a57,SP reward for iBTC,10 October 2023,9813,10-01-2024 21:45,12-10-2023 23:00
7171,442,67fffa13350cb5f69efd949568ab2ebf8348f0dabc892dfa86c09360,SP reward for iBTC,10 October 2023,102395,10-01-2024 21:45,12-10-2023 23:00
7172,442,c83c13c91af421b95b9187ac7dd6aef77250ba8717f172cc1225835d,SP reward for iBTC,10 October 2023,3297320,10-01-2024 21:45,12-10-2023 23:00
7173,442,78774ad9d2f51203d1174cd8aba30079bfdf9167a1cef196cb3f1591,SP reward for iBTC,10 October 2023,3338346,10-01-2024 21:45,12-10-2023 23:00
7174,442,bfafa728e2977bfd051374321b88dc56458b666ab3b45151b201e2c2,SP reward for iBTC,10 October 2023,959380,10-01-2024 21:45,12-10-2023 23:00
7175,442,9bf929588ad1b309c5d14b29ac278dba301bf1eab59af4c29b68f807,SP reward for iBTC,10 October 2023,6125397,10-01-2024 21:45,12-10-2023 23:00
7176,442,9a2468984f0481f9e23b7537207c3f5ebee0803e8cd93be6e89b18da,SP reward for iBTC,10 October 2023,37442,10-01-2024 21:45,12-10-2023 23:00
7177,442,1f3d588e86ebe5e517471e5341fe873f2850231396913da81360acbf,SP reward for iBTC,10 October 2023,157441,10-01-2024 21:45,12-10-2023 23:00
7178,442,0a826eb1d51eaab35e35c7d39c554a1d52105bc49f70d5a2b55aa5f7,SP reward for iBTC,10 October 2023,150683,10-01-2024 21:45,12-10-2023 23:00
7179,442,2a0dab02e3a2f94c95d40083bb77c45b163ff989f2dda6492c2a8d5f,SP reward for iBTC,10 October 2023,345965,10-01-2024 21:45,12-10-2023 23:00
7180,442,3307f4774118bdc69163b2f8f2065892aa4484df07772bc4fe5fd052,SP reward for iBTC,10 October 2023,452860,10-01-2024 21:45,12-10-2023 23:00
7181,442,b6756686f4eb2913773cd154afd06f721a1eeeb6dd84d37b099acb14,SP reward for iBTC,10 October 2023,320828,10-01-2024 21:45,12-10-2023 23:00
7182,442,c590affd526db47b19bcb411793bba5d639c1f5885fafc47838cd22e,SP reward for iBTC,10 October 2023,2679662,10-01-2024 21:45,12-10-2023 23:00
7183,442,73761bdecaf3b16b1ac8cfbc32a46cfb73f3086cd854b57855bcf16e,SP reward for iBTC,10 October 2023,41426,10-01-2024 21:45,12-10-2023 23:00
7184,442,1633a5c8e451c8f2f2269392f0cf72be4f40d1ceccf4428bf38c34c2,SP reward for iBTC,10 October 2023,54388,10-01-2024 21:45,12-10-2023 23:00
7185,442,574394ab415b836d98d86245093f59942aeec40decbda39751f3e7d7,SP reward for iBTC,10 October 2023,3904248,10-01-2024 21:45,12-10-2023 23:00
7186,442,07c59e348504d75a47aa875c80c5f7c537f4153637fb942f8f21f7e4,SP reward for iBTC,10 October 2023,102430,10-01-2024 21:45,12-10-2023 23:00
7187,442,92d729404cabcad2f8d5de02c9757d15662aea7a92b9bb2b24647e8d,SP reward for iBTC,10 October 2023,1438518,10-01-2024 21:45,12-10-2023 23:00
7188,442,b5e29b13b00ba8a4b4e60c434ac0b462f3dabfbc3be5ab7bfb81450d,SP reward for iBTC,10 October 2023,118318,10-01-2024 21:45,12-10-2023 23:00
7189,442,dcc2117fe7b56fbf5a0c7ae4bd3e33a3a4ed07cd25e02c4c6e34d510,SP reward for iBTC,10 October 2023,207081,10-01-2024 21:45,12-10-2023 23:00
7190,442,fea8e87d281ee2160310c0c5f406150882995426d5588b0b507f6851,SP reward for iBTC,10 October 2023,85284,10-01-2024 21:45,12-10-2023 23:00
7191,442,b3a31397b51b543b0ad551f86c1e40a444ba5dee35b47a90f30bcd7f,SP reward for iBTC,10 October 2023,45351,10-01-2024 21:45,12-10-2023 23:00
7192,442,b743ce7aef466aecfdc2b6ee5779b83c5b97a64807880ee8e668e685,SP reward for iBTC,10 October 2023,53965,10-01-2024 21:45,12-10-2023 23:00
7193,442,e96b42bb359a00752e75feeaf706fce6c692ccd4fcc40a66ce559285,SP reward for iBTC,10 October 2023,1137410,10-01-2024 21:45,12-10-2023 23:00
7194,442,402aa9a17bc75af743dcb1e0be5aa6c22f3ccb3812ee05ecb9ba0369,SP reward for iBTC,10 October 2023,2820,10-01-2024 21:45,12-10-2023 23:00
7195,442,1c587f5ef064716c704b8e85c52f7946bd8faaf8d32862614abac4a8,SP reward for iBTC,10 October 2023,1243565,10-01-2024 21:45,12-10-2023 23:00
7196,442,17abbdbbee649dac78243c157c3238f34b9368e0e7d2c0232951484c,SP reward for iBTC,10 October 2023,14126,10-01-2024 21:45,12-10-2023 23:00
7197,442,8f869974639c5d8b3f9cb2bbfe8233ed48cb10eaec5eff4c3c348443,SP reward for iBTC,10 October 2023,71910,10-01-2024 21:45,12-10-2023 23:00
7198,442,d60e724de921571ec9a732fad7ec0673fb9665e2b41040cfc8193289,SP reward for iBTC,10 October 2023,730464,10-01-2024 21:45,12-10-2023 23:00
7199,442,d1660b25e17cb23c44f9161fd71df2a4e847f5b1e0b23a4bae71423a,SP reward for iBTC,10 October 2023,151577804,10-01-2024 21:45,12-10-2023 23:00
7200,442,528322993c2dcfc6256101f35cd17ef0a2893c840ca2c84d153cb61b,SP reward for iBTC,10 October 2023,365379,10-01-2024 21:45,12-10-2023 23:00
7201,442,fc1c84e08e8e47cda82dfe5d2778002da43570516efe2517c7878226,SP reward for iBTC,10 October 2023,11975,10-01-2024 21:45,12-10-2023 23:00
7202,442,ebdf2f2916f3819a83396a78bc14525b559c62b21cde688020ecfafb,SP reward for iBTC,10 October 2023,11714954,10-01-2024 21:45,12-10-2023 23:00
7203,442,e0a5fe8d81c61f33e7b47c1a5b07c02ca836cd80b91e2ce18e088db3,SP reward for iBTC,10 October 2023,120210,10-01-2024 21:45,12-10-2023 23:00
7204,442,01da9d4fea55755b1bd3017417aeae4b69e15fda2bbdb49d739351ff,SP reward for iBTC,10 October 2023,153186,10-01-2024 21:45,12-10-2023 23:00
7205,442,4046d7935086947d2c6dba7e4e5f0db6f8fb72f945d1c1f992ab6c9d,SP reward for iBTC,10 October 2023,73555,10-01-2024 21:45,12-10-2023 23:00
7206,442,cacee11ae9fc0ffb6219d179e22b1cddefd988ebcfb1ec7fca4ad52d,SP reward for iBTC,10 October 2023,26649066,10-01-2024 21:45,12-10-2023 23:00
7207,442,619b6b3a2835612d57f1fd005a20a950d5d17f31434599d983f4f066,SP reward for iBTC,10 October 2023,100855,10-01-2024 21:45,12-10-2023 23:00
7208,442,b343c02a76bd4f94ecbd4e8260a37ea68d5543d01e9f21e162c9cd1a,SP reward for iBTC,10 October 2023,3401501,10-01-2024 21:45,12-10-2023 23:00
7209,442,055973d3eb6ea05afa794d45503de1f84af84eecec770f487a736f87,SP reward for iBTC,10 October 2023,157382,10-01-2024 21:45,12-10-2023 23:00
7210,442,0118a7e04201305bddea885b6cc1cbea578e98b3eeec45bc06e2b2be,SP reward for iBTC,10 October 2023,119411,10-01-2024 21:45,12-10-2023 23:00
7211,442,e174ca1bc8de7a28fcd3d2fbb172d223fbd8b83c1dc51cd37c790420,SP reward for iBTC,10 October 2023,1710117,10-01-2024 21:45,12-10-2023 23:00
7212,442,20e6fbd5dc1f0edd267fd7d81a4ee11caa622a2d9f0bf88f98bdec4f,SP reward for iBTC,10 October 2023,1702831,10-01-2024 21:45,12-10-2023 23:00
7213,442,00023775abacb7c31af161e5d0faebd84067299748396171df0a4143,SP reward for iBTC,10 October 2023,180075,10-01-2024 21:45,12-10-2023 23:00
7214,442,9124156d56646d11e50b702724ceb71ffb59238add6deebc4e176f9b,SP reward for iBTC,10 October 2023,214249,10-01-2024 21:45,12-10-2023 23:00
7215,442,ccb220201f3cb6b293ae4aa8f4c4280591f300897fa0354851c616f7,SP reward for iBTC,10 October 2023,154808,10-01-2024 21:45,12-10-2023 23:00
7216,442,97abddf0ccc26df60a24679fe7080de9ead18fa0d973a115ce072ca8,SP reward for iBTC,10 October 2023,1425497,10-01-2024 21:45,12-10-2023 23:00
7217,442,8a943c72013267009ce119b8a60b15d5ee70a91ff3bfc32ec591e837,SP reward for iBTC,10 October 2023,3436498,10-01-2024 21:45,12-10-2023 23:00
7218,442,bb942086e287a184e192afb2eab10ec07042bbb967407ce1593b3a56,SP reward for iBTC,10 October 2023,163810,10-01-2024 21:45,12-10-2023 23:00
7219,442,10a11fcf12b135084efcf1bc998cf1024d444a2cf05d1e5c18d5d579,SP reward for iBTC,10 October 2023,1261416,10-01-2024 21:45,12-10-2023 23:00
7220,442,d28984c713366768ef92d78cdf6375539bc637d329226151e915c315,SP reward for iBTC,10 October 2023,44552,10-01-2024 21:45,12-10-2023 23:00
7221,442,35f31e0e99aa11179513402c64432bf50299e9a87276e8acd9fe765a,SP reward for iBTC,10 October 2023,935489,10-01-2024 21:45,12-10-2023 23:00
7222,442,7328ab6d917830c7db07347e34d628bd76421d260b9064231a34955e,SP reward for iBTC,10 October 2023,389753,10-01-2024 21:45,12-10-2023 23:00
7223,442,e105437b7f6bc51ba2dfff25dad8528637a85d69ce360c9417197769,SP reward for iBTC,10 October 2023,316174,10-01-2024 21:45,12-10-2023 23:00
7224,442,82fc2953edfbd8d3f708f49610a00caf271ff3794a8d5153f9b28fd0,SP reward for iBTC,10 October 2023,114523,10-01-2024 21:45,12-10-2023 23:00
7225,442,946c74a18ccd97a6cdb64318cb3374ab72e83c616d30d604e1cb8d20,SP reward for iBTC,10 October 2023,11857528,10-01-2024 21:45,12-10-2023 23:00
7226,442,0d54066357cf1b893f76d88adc3586fc28aa526ab3ac30db74147a50,SP reward for iBTC,10 October 2023,48477,10-01-2024 21:45,12-10-2023 23:00
7227,442,ec189db91bbc7706bf3725f0d2ef8cef34d22b069510395f09fe78c6,SP reward for iBTC,10 October 2023,606211,10-01-2024 21:45,12-10-2023 23:00
7228,442,f8470a7569e320d24a2303be02e72f651be6e7cd1221fa8b4cf83704,SP reward for iBTC,10 October 2023,14104943,10-01-2024 21:45,12-10-2023 23:00
7229,442,fa9b92b3f0c4a0a756c6d39c8e7015bdb593ca4c4e3f051b10d5eaa5,SP reward for iBTC,10 October 2023,275101,10-01-2024 21:45,12-10-2023 23:00
7230,442,62455feed70d012e99e9845395a5cb277204e8a7d9b7e806a038d795,SP reward for iBTC,10 October 2023,2231890,10-01-2024 21:45,12-10-2023 23:00
7231,442,fc3f98ae5a3b654f6d89eebba84dede2c2ebe58d58ed3d59984dfef4,SP reward for iBTC,10 October 2023,1995571,10-01-2024 21:45,12-10-2023 23:00
7232,442,d7346fcd395de69e62f4a2bafbc32af393ceecb3287b0ff4442ff36e,SP reward for iBTC,10 October 2023,4721724,10-01-2024 21:45,12-10-2023 23:00
7233,442,0b1db916e7560c61e187d688e00f936a0730a88d1049e89f4ece9e9a,SP reward for iBTC,10 October 2023,9120951,10-01-2024 21:45,12-10-2023 23:00
7234,442,43554050d4b81197d15d448aa81b825612a4fef4cba3b48ba25be4e4,SP reward for iBTC,10 October 2023,167676,10-01-2024 21:45,12-10-2023 23:00
7235,442,dc02ccd3782cd2a25908214624aef4b201639744163010a68cfbb484,SP reward for iBTC,10 October 2023,1470272,10-01-2024 21:45,12-10-2023 23:00
7236,442,3a92ed8273f831fbedb6e5f494949885ff7239d3ca2bf1773ea690bf,SP reward for iBTC,10 October 2023,231372,10-01-2024 21:45,12-10-2023 23:00
7237,442,d7093cc9caa740381045e3c433dfc849c3403ecf066fac9233e14246,SP reward for iBTC,10 October 2023,1340989,10-01-2024 21:45,12-10-2023 23:00
7238,442,84f56148eee940276bc35ce104626bdc964f341a85e2c88699042ab3,SP reward for iBTC,10 October 2023,1185323,10-01-2024 21:45,12-10-2023 23:00
7239,442,3674c9d5873becab55b9c7d24038f7b4333eb70d1639edb14a95335d,SP reward for iBTC,10 October 2023,297335,10-01-2024 21:45,12-10-2023 23:00
7240,442,92a18583ff5b6549b812dd1035b420789020d999240b9d122ef5e71b,SP reward for iBTC,10 October 2023,14561,10-01-2024 21:45,12-10-2023 23:00
7241,442,8d999dd787f9871ef69430cfd7473d3d786fe6e060985c65265997d9,SP reward for iBTC,10 October 2023,11517,10-01-2024 21:45,12-10-2023 23:00
7242,442,fcc20a843a102f03b5a67e2d9567fc74c70c2c2c294b85fa83086611,SP reward for iBTC,10 October 2023,120837071,10-01-2024 21:45,12-10-2023 23:00
7243,442,36fc48bb762e7e133f8cdb2197315db32557edc052b20a7c6233316a,SP reward for iBTC,10 October 2023,70711,10-01-2024 21:45,12-10-2023 23:00
7244,442,ff2666d0328175164cd4f4be76d58ac6162319513ccc68d940bf2b23,SP reward for iBTC,10 October 2023,3422607,10-01-2024 21:45,12-10-2023 23:00
7245,442,619db89e32d3347ca98cb4718f91695154e3a3f7d383af693a4dabc8,SP reward for iBTC,10 October 2023,3485621,10-01-2024 21:45,12-10-2023 23:00
7246,442,c716768454ee0acb9178b7ca686c04eb02579b536fb44ec6b4361c81,SP reward for iBTC,10 October 2023,9488387,10-01-2024 21:45,12-10-2023 23:00
7247,442,d1f445019e940fa4e89b149599b431d0ef7592743758b010b8866898,SP reward for iBTC,10 October 2023,901067,10-01-2024 21:45,12-10-2023 23:00
7248,442,865175c4867e096c4bc73e6064dbd2e9bacb181c5f660c340be7a531,SP reward for iBTC,10 October 2023,1252027,10-01-2024 21:45,12-10-2023 23:00
7249,442,c237095d55fa4c123f4a67d49e429bc6c35f2d4c8aadff5ea1a7ab1c,SP reward for iBTC,10 October 2023,101654,10-01-2024 21:45,12-10-2023 23:00
7250,442,91a484d734334a3069b53ae5373393a8ea8f93d88627670c00f8e8f9,SP reward for iBTC,10 October 2023,980310,10-01-2024 21:45,12-10-2023 23:00
7251,442,4fe31a9ee1f8f310f27feae9a31118d29e3378b0240a998a477ec357,SP reward for iBTC,10 October 2023,4066,10-01-2024 21:45,12-10-2023 23:00
7252,442,ecdd6a81ee434c3d773a0b6b27d426b3d86ee4f8edbb4016e5a6883d,SP reward for iBTC,10 October 2023,42401,10-01-2024 21:45,12-10-2023 23:00
7253,442,36f4acc790ade8685561ee452d290cddfaae730872d02a25fd4d65cc,SP reward for iBTC,10 October 2023,22658,10-01-2024 21:45,12-10-2023 23:00
7254,442,ff8c28d4272bc3688bfc79b6acbe73b24577851e0b4e422ef2198977,SP reward for iBTC,10 October 2023,9393443,10-01-2024 21:45,12-10-2023 23:00
7255,442,e73dedb1ad601b2c565d3d5abd31f368cc8b8b8e94faa13de79475c3,SP reward for iBTC,10 October 2023,68361,10-01-2024 21:45,12-10-2023 23:00
7256,442,e369f9a894744f3c1bf4e714426f0e9753cdcab22a9cf0ab620bd642,SP reward for iBTC,10 October 2023,14182635,10-01-2024 21:45,12-10-2023 23:00
7257,442,3657a92f82da5d852f3757b0d144117b3fce7353181e8a8202843d54,SP reward for iBTC,10 October 2023,14745494,10-01-2024 21:45,12-10-2023 23:00
7258,442,35fc0d9a0b03f48768465620b16a3d5902a30dab99d4a7d2c08add5c,SP reward for iBTC,10 October 2023,22116137,10-01-2024 21:45,12-10-2023 23:00
7259,442,4074cb09fb0f9c5695ee9561cc0b9eecec26efd9a0362f9c6615732c,SP reward for iBTC,10 October 2023,112536,10-01-2024 21:45,12-10-2023 23:00
7260,442,b4dd03047543f859dd8edf03705087c510442f0d006a151ee92c1994,SP reward for iBTC,10 October 2023,6998389,10-01-2024 21:45,12-10-2023 23:00
7261,442,eeb30b031f8ddd6c5766289a4faebc9fb55ea39eaff3dbaf28d106dd,SP reward for iBTC,10 October 2023,144878,10-01-2024 21:45,12-10-2023 23:00
7262,442,9a87e01b2fc854b5c7c70267da8f3ed2d1343329aa8e86efde7748aa,SP reward for iBTC,10 October 2023,4104336,10-01-2024 21:45,12-10-2023 23:00
7263,442,9cdf11e9f7832510865cf609be23fce37c331324a087d334801d435d,SP reward for iBTC,10 October 2023,10906,10-01-2024 21:45,12-10-2023 23:00
7264,442,9204bc66b5075a98249a520231b5c28315f603e80410c19e79b79739,SP reward for iBTC,10 October 2023,3392381,10-01-2024 21:45,12-10-2023 23:00
7265,442,ee0d3f0402347e81228151903cf5249eb6303bf0e78b4f488263db90,SP reward for iBTC,10 October 2023,884791,10-01-2024 21:45,12-10-2023 23:00
7266,442,b7f7ae08769181fd6287c83f74fe18cce31b5bad2e39eeb4ae982f68,SP reward for iBTC,10 October 2023,1708107,10-01-2024 21:45,12-10-2023 23:00
7267,442,a042edfa210923d77e34bb224506a33f1007618124addb9d275c44f3,SP reward for iBTC,10 October 2023,494074,10-01-2024 21:45,12-10-2023 23:00
7268,442,add22687547b52ee682e6d576776af097ef9374ecce09681b9b43715,SP reward for iBTC,10 October 2023,1376609,10-01-2024 21:45,12-10-2023 23:00
7269,442,7cbc9de209d7a0032eca03b814521b58b034bb72aa681decb395ea25,SP reward for iBTC,10 October 2023,699545,10-01-2024 21:45,12-10-2023 23:00
7270,442,91aa6ddecfac713f774fe7635bc6804e96e008cd220186a1382b7f1f,SP reward for iBTC,10 October 2023,42072,10-01-2024 21:45,12-10-2023 23:00
7271,442,9eacf5e8b3c6bf9b1abf34590fd8c9b02e34c0bcd682a1e895ede3fe,SP reward for iBTC,10 October 2023,13268888,10-01-2024 21:45,12-10-2023 23:00
7272,442,008183a40ad33934b7d4711d6b46f0b8901d398b77746222f0ac0dcb,SP reward for iBTC,10 October 2023,280765,10-01-2024 21:45,12-10-2023 23:00
7273,442,f8c924fdf1d9d105c176c2d7289312adb74685741ade1835c78022bf,SP reward for iBTC,10 October 2023,69148,10-01-2024 21:45,12-10-2023 23:00
7274,442,ddc7d434a87369990847553dbe9a0020ccbf868222cb6193b0303eca,SP reward for iBTC,10 October 2023,1796435,10-01-2024 21:45,12-10-2023 23:00
7275,442,a753860cbfd3884ffd93ee7ae4762a618855a982c2bcff3da2623281,SP reward for iBTC,10 October 2023,168981,10-01-2024 21:45,12-10-2023 23:00
7276,442,8e5cffec9bc59c2f83a5396628846b2e34c8e4a565b9bd5f85c3a7c5,SP reward for iBTC,10 October 2023,4603170,10-01-2024 21:45,12-10-2023 23:00
7277,442,0f26b4a346fa82ee79b28cc898586a3b735d74002f54fa170f4e6e8a,SP reward for iBTC,10 October 2023,304857,10-01-2024 21:45,12-10-2023 23:00
7278,442,56270f8bf55701d31d45a3db4a13d99ef7848fc936616777f4257dcb,SP reward for iBTC,10 October 2023,741570,10-01-2024 21:45,12-10-2023 23:00
7279,442,d38b26fb9b460883ad49b8be8efae6a39413a4cf65ca3a84b6a14f65,SP reward for iBTC,10 October 2023,5180731,10-01-2024 21:45,12-10-2023 23:00
7280,442,bc64c0754d2dd6b159df3116a20375fbb668de087098210541940186,SP reward for iBTC,10 October 2023,2803328,10-01-2024 21:45,12-10-2023 23:00
7281,442,6ab1e8f492b0ade359dcc23754a37711b11e09f3c300db387a7df62a,SP reward for iBTC,10 October 2023,99468,10-01-2024 21:45,12-10-2023 23:00
7282,442,0fcd5515a7c42ff375fbe24915bf94140f3ae6559957291e2fc8cb98,SP reward for iBTC,10 October 2023,1729554,10-01-2024 21:45,12-10-2023 23:00
7283,442,765bf28b5f8fd06d76dbd8ea9a428a40b30d721575c7f8483c968500,SP reward for iBTC,10 October 2023,1208121,10-01-2024 21:45,12-10-2023 23:00
7284,442,25f2b6e8273673fa147f150644a62517d248bba31bbb8c35963fcb94,SP reward for iBTC,10 October 2023,607398,10-01-2024 21:45,12-10-2023 23:00
7285,442,e2a00a183faa1d56370cdabb7b05beeb09274a693061e1d5aa140617,SP reward for iBTC,10 October 2023,3703525,10-01-2024 21:45,12-10-2023 23:00
7286,442,ba723099e73d3c12bbe935d3286ca851beadbb24e82e459d2cc47095,SP reward for iBTC,10 October 2023,981897,10-01-2024 21:45,12-10-2023 23:00
7287,442,9cffd98682b61f22ad13b19130b79edf9efba37b87b1bb216786bb22,SP reward for iBTC,10 October 2023,1214033,10-01-2024 21:45,12-10-2023 23:00
7288,442,27e19a4d47b49657009c6265473dd7191ec0908bdcffdc0fe37ee348,SP reward for iBTC,10 October 2023,5016862,10-01-2024 21:45,12-10-2023 23:00
7289,442,6d74a578d02399914e6e91e30fcc0cb11157d6bb8bfa11e27c1f067f,SP reward for iBTC,10 October 2023,7181472,10-01-2024 21:45,12-10-2023 23:00
7290,442,19006487a208affb9e50bea4ec43f00e27b951edc7a440ecd4a88d21,SP reward for iBTC,10 October 2023,531786,10-01-2024 21:45,12-10-2023 23:00
7291,442,bd120d13cacc36173e37233dc7218a7e887697a3614d27234b00e009,SP reward for iBTC,10 October 2023,289473,10-01-2024 21:45,12-10-2023 23:00
7292,442,d171c764b68e3006a17366dbbd2b5b1d1641e584991c8524ac72458f,SP reward for iBTC,10 October 2023,313201,10-01-2024 21:45,12-10-2023 23:00
7293,442,d2cb4ce1de90a00c3c930185073e3c041f638555713136d3b3bdea81,SP reward for iBTC,10 October 2023,520975,10-01-2024 21:45,12-10-2023 23:00
7294,442,060355fc3d04d9df3f0e2a908231211672b16c6762c4e5c83e623734,SP reward for iBTC,10 October 2023,402069,10-01-2024 21:45,12-10-2023 23:00
7295,442,9dcf132042889673839ea86796d3ea30d6fd52682b5bdf524dfa15ce,SP reward for iBTC,10 October 2023,1185734,10-01-2024 21:45,12-10-2023 23:00
7296,442,5f75978f9c34609c4720a15d2cb51b1384ef0711a8e4afa7de0d060a,SP reward for iBTC,10 October 2023,682246,10-01-2024 21:45,12-10-2023 23:00
7297,442,4a8c38f06a0dd31c58d79d150fefe34db736ac83c4a7cc1fc22c1e5e,SP reward for iBTC,10 October 2023,2727328,10-01-2024 21:45,12-10-2023 23:00
7298,442,f00f927995925d46c18314ed041f55e32d1e9bc0da7b18b5f9d56602,SP reward for iBTC,10 October 2023,6473290,10-01-2024 21:45,12-10-2023 23:00
7299,442,5c1a02a27266c981c3c4a9f5301c0e540b93da75bba83693aa1284a2,SP reward for iBTC,10 October 2023,356800,10-01-2024 21:45,12-10-2023 23:00
7300,442,c91490adde7feb9e01721f33e1ab60e2002bef0b62a0e83a759ff983,SP reward for iBTC,10 October 2023,266146,10-01-2024 21:45,12-10-2023 23:00
7301,442,4275e6428a0fbad50a8d8172bb5dfb1c4e5939e18312f7b852f7a374,SP reward for iBTC,10 October 2023,13080,10-01-2024 21:45,12-10-2023 23:00
7302,442,b5c8349396f274e45c6733b41262d7fca925d6413394331b01e88d0e,SP reward for iBTC,10 October 2023,240773,10-01-2024 21:45,12-10-2023 23:00
7303,442,f4035fabf6ceffc8d7ba6defb2a76bf77e2fd6f447f37c9037340990,SP reward for iBTC,10 October 2023,21106,10-01-2024 21:45,12-10-2023 23:00
7304,442,594b5cf4b90fa03498e94b259e4462f7b838acbb727e5fb27a1512a2,SP reward for iBTC,10 October 2023,8449999,10-01-2024 21:45,12-10-2023 23:00
7305,442,f095b6bf1670a5927349be0c438d63b966d494f62868c47d264ee592,SP reward for iBTC,10 October 2023,1844888,10-01-2024 21:45,12-10-2023 23:00
7306,442,cf59324e35572473a1c164ace3b16a04c1893f82aae9557abe429d89,SP reward for iBTC,10 October 2023,411952,10-01-2024 21:45,12-10-2023 23:00
7307,442,df6ae36c5ece938f1ac50184e91aca50ae5fc231ab25eef48ad4612d,SP reward for iBTC,10 October 2023,975,10-01-2024 21:45,12-10-2023 23:00
7308,442,e105290df587390be33d256392f378bfd7709dca5c16de6ff1958de1,SP reward for iBTC,10 October 2023,4348,10-01-2024 21:45,12-10-2023 23:00
7309,442,b6e7a0d5545a3c9f3d826332b90027b303e45852eb3593bcb8f12883,SP reward for iBTC,10 October 2023,2937793,10-01-2024 21:45,12-10-2023 23:00
7310,442,f5fc2163bd928f1bd4be6463323d1341eb5709ad2fc7780f3a0110bf,SP reward for iBTC,10 October 2023,19746290,10-01-2024 21:45,12-10-2023 23:00
7311,442,efdea48b2d455838b64f1bdbf0106eef7cd67041ce4aa429d812183e,SP reward for iBTC,10 October 2023,106002,10-01-2024 21:45,12-10-2023 23:00
7312,442,98c9ede2d55f7f080a56fae1fdaf13fba514696d0ca759c8994b7967,SP reward for iBTC,10 October 2023,1087758,10-01-2024 21:45,12-10-2023 23:00
7313,442,9adca998ba0dd97e2f2720c2ae640088796272ec3f41a6cdf8819fe4,SP reward for iBTC,10 October 2023,15477,10-01-2024 21:45,12-10-2023 23:00
7314,442,b18c6ec043fe8be54994fea40737423de41f59bf46b00920c2f9001d,SP reward for iBTC,10 October 2023,165784,10-01-2024 21:45,12-10-2023 23:00
7315,442,6b5339bc5d75467460925c0095aecf158dbe78c1b7b7b3511bae2a1e,SP reward for iBTC,10 October 2023,5112,10-01-2024 21:45,12-10-2023 23:00
7316,442,95aab629810acf425e4448592d1a5a0265255116e5451f90d7034b58,SP reward for iBTC,10 October 2023,42236,10-01-2024 21:45,12-10-2023 23:00
7317,442,e33e0545052a1f9575c1e6f303380e932387671fba477f9156f62994,SP reward for iBTC,10 October 2023,1444641,10-01-2024 21:45,12-10-2023 23:00
7318,442,87b9679714eebad39554239abcc970b4937f19ce07fae769da678184,SP reward for iBTC,10 October 2023,435045,10-01-2024 21:45,12-10-2023 23:00
7319,442,418be7cbf9d37e1ed38d316e3f1f21a33cd6733ebd7457145447a830,SP reward for iBTC,10 October 2023,13625359,10-01-2024 21:45,12-10-2023 23:00
7320,442,b0b17184099167f74fd1bdc36ecfda5993f9c18dfa90895964bfd863,SP reward for iBTC,10 October 2023,178582,10-01-2024 21:45,12-10-2023 23:00
7321,442,725fca12f5495b2d9c9be40376355bb56f673261a0c0fefcc0e83128,SP reward for iBTC,10 October 2023,76740,10-01-2024 21:45,12-10-2023 23:00
7322,442,c8d94edd54ac158df872778b972b3d9f230b77294e9688e7fa3d3302,SP reward for iBTC,10 October 2023,19351649,10-01-2024 21:45,12-10-2023 23:00
7323,442,c7a86c9c19def585d674247d860174f22835041153f5d755700ca691,SP reward for iBTC,10 October 2023,401164,10-01-2024 21:45,12-10-2023 23:00
7324,442,73a2384cb145aa11ef7c996728c5715f87b007368e1a4769853927ee,SP reward for iBTC,10 October 2023,11270061,10-01-2024 21:45,12-10-2023 23:00
7325,442,bcd7d0e8839b24551996bbec8f229f4f6788f31974b86088e50cc325,SP reward for iBTC,10 October 2023,406487,10-01-2024 21:45,12-10-2023 23:00
7326,442,d643e544ab30611b757fd5926602f6f693d573f4c0005d0b46aab1f2,SP reward for iBTC,10 October 2023,3237232,10-01-2024 21:45,12-10-2023 23:00
7327,442,d93ec003c4f3efe6cee6dc59a04d13c177c1fcf36d0cee212fcced8e,SP reward for iBTC,10 October 2023,124559,10-01-2024 21:45,12-10-2023 23:00
7328,442,811d81c21b08352b6d13adc8815022f120336e4eadd03f4ee1a1b0fa,SP reward for iBTC,10 October 2023,202968,10-01-2024 21:45,12-10-2023 23:00
7329,442,bb065d2662a76b6a4be9b01e41d5c3f50462c1dda589da692b9754da,SP reward for iBTC,10 October 2023,130576,10-01-2024 21:45,12-10-2023 23:00
7330,442,460b03e4c9be9f26635bbb42db1bb7757c65f8bdafa5155fcc3ca9df,SP reward for iBTC,10 October 2023,3500722,10-01-2024 21:45,12-10-2023 23:00
7331,442,9cc6a5c39d7b0a317daf1c2ac03e490912585b884ac4d922a146117b,SP reward for iBTC,10 October 2023,4968808,10-01-2024 21:45,12-10-2023 23:00
7332,442,a65059f2283e5ff29d0c818cba02d9f700fc7c3e891c324bdfd5d1ca,SP reward for iBTC,10 October 2023,117613,10-01-2024 21:45,12-10-2023 23:00
7333,442,690b0a92962d8e5940212f11e4e414db2a6a773f06923adaa063bf7a,SP reward for iBTC,10 October 2023,50414409,10-01-2024 21:45,12-10-2023 23:00
7334,442,360009fae135652bcbf7b5dcb75bbacada4c10dd5bc9626fa229569a,SP reward for iBTC,10 October 2023,43435,10-01-2024 21:45,12-10-2023 23:00
7335,442,cdfe95c99540a11b593c69e1426a76245c3d76ed3b905a09aa8d011a,SP reward for iBTC,10 October 2023,2996200,10-01-2024 21:45,12-10-2023 23:00
7336,442,c85e5827ec3620637c26781bb5ea0dbb047692badb517adfbad80321,SP reward for iBTC,10 October 2023,1354327,10-01-2024 21:45,12-10-2023 23:00
7337,442,a485b6436c9f49a331655fa1574405c3e9bb1ead65e84b91f28fe826,SP reward for iBTC,10 October 2023,8989048,10-01-2024 21:45,12-10-2023 23:00
7338,442,4f095e6f77102062c2f13d752ee14be370903fb1ef45006369c45fcd,SP reward for iBTC,10 October 2023,1822136,10-01-2024 21:45,12-10-2023 23:00
7339,442,49a33ab5e0265427d7de241eac6595c7f6b06d6f8714477158d43922,SP reward for iBTC,10 October 2023,2168759,10-01-2024 21:45,12-10-2023 23:00
7340,442,78b355ef81f783f5efe26565142565159adb6d0fe2ff17631c37540c,SP reward for iBTC,10 October 2023,172342,10-01-2024 21:45,12-10-2023 23:00
7341,442,2b3f8ce415f63a81454d53882a00a4d2225e1284c257a8b14ecb4c22,SP reward for iBTC,10 October 2023,1580317,10-01-2024 21:45,12-10-2023 23:00
7342,442,69a97eb8edd3bd6c373b00d162d4463c2b6834e4d66d0e6f29f797e3,SP reward for iBTC,10 October 2023,18253996,10-01-2024 21:45,12-10-2023 23:00
7343,442,d4bed2ddaa7dfa8f582a33dae7d0f0e0dca95bc6a7d9674807386af3,SP reward for iBTC,10 October 2023,74014,10-01-2024 21:45,12-10-2023 23:00
7344,442,f6f4381664083197aade59849d7d90493799c00ac314bd28eb6a1096,SP reward for iBTC,10 October 2023,5795462,10-01-2024 21:45,12-10-2023 23:00
7345,442,02b80d9935da7f00d97323735ff2641d938b14f3ecd24b01a990afe5,SP reward for iBTC,10 October 2023,1156448,10-01-2024 21:45,12-10-2023 23:00
7346,442,a03ccad35de77af874c2bd83cf91b7cdf3ecee94ba071ebc6364cdae,SP reward for iBTC,10 October 2023,301778,10-01-2024 21:45,12-10-2023 23:00
7347,442,c762b49fcc98442f1dc5e71e6de2635f02c7b22275a7d112abe90dbc,SP reward for iBTC,10 October 2023,4527288,10-01-2024 21:45,12-10-2023 23:00
7348,442,134772ad86746619dd39c1bcfd82c5cbec2872f3fbbae1c289e2c7c4,SP reward for iBTC,10 October 2023,6658100,10-01-2024 21:45,12-10-2023 23:00
7349,442,ca0f77040a2b74ee79cb3a2c8046083e364c853648d64885a75ae35e,SP reward for iBTC,10 October 2023,501936,10-01-2024 21:45,12-10-2023 23:00
7350,442,bf97ad99b5269c15e3726290f95f0fc0ec8dbada31183778548d9da0,SP reward for iBTC,10 October 2023,10277282,10-01-2024 21:45,12-10-2023 23:00
7351,442,1055b89a4bb5a120f9f89183895b6a05cde28a2c5f2df6b5a526a95f,SP reward for iBTC,10 October 2023,510304,10-01-2024 21:45,12-10-2023 23:00
7352,442,a181fb98e93e123144d85fee0993bd560ed91d82ccb4b9681bdecc95,SP reward for iBTC,10 October 2023,1626749,10-01-2024 21:45,12-10-2023 23:00
7353,442,344b062d324fb1d5c2604c5381acd0e0dc8eac7fe94613a1dd1c9ee5,SP reward for iBTC,10 October 2023,2644689,10-01-2024 21:45,12-10-2023 23:00
7354,442,c72d1e782124b7a5b2ddd16fcce4fb1909d968ae6540dc87e6dd63ae,SP reward for iBTC,10 October 2023,103252,10-01-2024 21:45,12-10-2023 23:00
7355,442,1344c6719d8058b88f756f2ee293581dab8214b388113a46e95cb2e8,SP reward for iBTC,10 October 2023,11752,10-01-2024 21:45,12-10-2023 23:00
7356,442,0da3cacef17d65df4ab3d98a21d5d8ef52ef3f813b35b46e9ac4e562,SP reward for iBTC,10 October 2023,29869058,10-01-2024 21:45,12-10-2023 23:00
7357,442,198836d653f267dfed06bd383b80539c50f3ab6d6e7e0de11d9b723e,SP reward for iETH,11 October 2023,677,10-01-2024 21:45,12-10-2023 23:00
7358,442,43b8e3375ecf90169230d91ce92863d0b041ed4c8668cc87d17ea980,SP reward for iETH,11 October 2023,3296,10-01-2024 21:45,12-10-2023 23:00
7359,442,58565b9a0b90f766dad48a3cb365453b452565ecb6773a55a5517b48,SP reward for iETH,11 October 2023,431004,10-01-2024 21:45,12-10-2023 23:00
7360,442,405966152e910c43c45f1d21d8420d7ce66c604b9750824741970780,SP reward for iETH,11 October 2023,347,10-01-2024 21:45,12-10-2023 23:00
7361,442,4199f4bb58f9b3c60dec5310a8326d46c90318b83d2e96ff45f30bf1,SP reward for iETH,11 October 2023,23,10-01-2024 21:45,12-10-2023 23:00
7362,442,f9f1d44d00b15f63b1aac48dd4e3b4738bec1c79cef84b67ef5c69e4,SP reward for iETH,11 October 2023,368,10-01-2024 21:45,12-10-2023 23:00
7363,442,bdb8c089708bb3dd3c626bb9a286a3aacbf77517b9643161db4a1452,SP reward for iETH,11 October 2023,60,10-01-2024 21:45,12-10-2023 23:00
7364,442,117a220650f577db973565412c705745e0cac69c796d137e977267a0,SP reward for iETH,11 October 2023,1,10-01-2024 21:45,12-10-2023 23:00
7365,442,ad122b9fa3ab86495712afd2a6f655430427c2cf21a54fd0c8fe8e63,SP reward for iETH,11 October 2023,71197,10-01-2024 21:45,12-10-2023 23:00
7366,442,2e1573f020d7dc42fb1befd459287f0e620fb799cee111e43c50d676,SP reward for iETH,11 October 2023,10785,10-01-2024 21:45,12-10-2023 23:00
7367,442,ed3122194af84dbc350676f420b1927209b40cf0d239ec26a5cc8623,SP reward for iETH,11 October 2023,221849,10-01-2024 21:45,12-10-2023 23:00
7368,442,5016a30bc3c1a609d20be6cd2ea1f87bf5b49bcf2f8ecdb1d21cceff,SP reward for iETH,11 October 2023,1,10-01-2024 21:45,12-10-2023 23:00
7369,442,bffe2a2f3dde97b96f94f5cdde3957828c61db930faba0e4b2afbb46,SP reward for iETH,11 October 2023,43451,10-01-2024 21:45,12-10-2023 23:00
7370,442,435ac6984516a80bf6a9e7d16ba8431add7b4f44083131ab8dce0097,SP reward for iETH,11 October 2023,81036,10-01-2024 21:45,12-10-2023 23:00
7371,442,8b542601309e158b422074b4a53ec9aa0f09a0b50f58bce55a68b4a0,SP reward for iETH,11 October 2023,15429,10-01-2024 21:45,12-10-2023 23:00
7372,442,6efc2b7d458837222c6305866822d7d3039f9b436dc7eeda2ebabd4e,SP reward for iETH,11 October 2023,4777,10-01-2024 21:45,12-10-2023 23:00
7373,442,ce6885bef0ae899503bec94142f5c2d8f8d25973ddb50e1c5dca5c1e,SP reward for iETH,11 October 2023,797,10-01-2024 21:45,12-10-2023 23:00
7374,442,7bfcb0b4a3974232c21fe4440a2befb5aff58093e9582c9d447c1e0d,SP reward for iETH,11 October 2023,418,10-01-2024 21:45,12-10-2023 23:00
7375,442,89d095d531c5d92be599e65bfe27c44652b2cf99b72a332427e9d8a2,SP reward for iETH,11 October 2023,24949,10-01-2024 21:45,12-10-2023 23:00
7376,442,42a1f1254b83222880c10986170dff3d174299a9b6601511d369a189,SP reward for iETH,11 October 2023,202465,10-01-2024 21:45,12-10-2023 23:00
7377,442,93fb8feafbe7b27f8ccddb6c42676e5c85698c605c6627728507d8fc,SP reward for iETH,11 October 2023,552,10-01-2024 21:45,12-10-2023 23:00
7378,442,19c1be2fd0ce6e32cde0185dd60a56edc288d8de6243c1ca4e569f51,SP reward for iETH,11 October 2023,75,10-01-2024 21:45,12-10-2023 23:00
7379,442,d1b4a2e733c66382f3c60bf7a43803b57e44c07d5efe87bf8c4185ee,SP reward for iETH,11 October 2023,78329,10-01-2024 21:45,12-10-2023 23:00
7380,442,70412db01246a610b0e448401967f8c79afad0c1eda5cc75b2c252f7,SP reward for iETH,11 October 2023,1045,10-01-2024 21:45,12-10-2023 23:00
7381,442,875b60897b0b855c13d7cab2fa168fe63bce45ed7e657bdd951b5972,SP reward for iETH,11 October 2023,33817,10-01-2024 21:45,12-10-2023 23:00
7382,442,84e650cc71a2cc4a1e57241565b32d0b24ba3ed2a8726bbd11c76ef7,SP reward for iETH,11 October 2023,15800,10-01-2024 21:45,12-10-2023 23:00
7383,442,4e5426811df99e191ae0bc3eca64836e561a07d1623b16f94828240b,SP reward for iETH,11 October 2023,2,10-01-2024 21:45,12-10-2023 23:00
7384,442,2b3f8ce415f63a81454d53882a00a4d2225e1284c257a8b14ecb4c22,SP reward for iETH,11 October 2023,1,10-01-2024 21:45,12-10-2023 23:00
7385,442,af91dcc8800fad79990ad47efc93335efb93b85b15f01ad0570b0924,SP reward for iETH,11 October 2023,95743,10-01-2024 21:45,12-10-2023 23:00
7386,442,8707ca72180e998be7256d3ca209f1018ee51fc9f9e1d55fd1d962ae,SP reward for iETH,11 October 2023,1490,10-01-2024 21:45,12-10-2023 23:00
7387,442,aa67df191de68ac9224c3425b62b628becbb3d001d0ba78f1dacac4e,SP reward for iETH,11 October 2023,14,10-01-2024 21:45,12-10-2023 23:00
7388,442,609ec540fc0fe4aa910919d0f5a2a5dfda7db6cb7f9b4c73c285bb22,SP reward for iETH,11 October 2023,32519,10-01-2024 21:45,12-10-2023 23:00
7389,442,38182d9874dbabb161ffff5e21c81a58b8134ff7f34f2407903dba6c,SP reward for iETH,11 October 2023,5333,10-01-2024 21:45,12-10-2023 23:00
7390,442,a179c06273cc4b1676137e136a2ef23e7cf4a3ea8b07f359a13f88a2,SP reward for iETH,11 October 2023,4353,10-01-2024 21:45,12-10-2023 23:00
7391,442,8d995bf956bbf2a69b6549ca3a6830e9292b0d2641e9fa520d0f294d,SP reward for iETH,11 October 2023,105272,10-01-2024 21:45,12-10-2023 23:00
7392,442,7a7fe8f80addd82b29adc3d5f017985c04c21eac82da3072fb95ba30,SP reward for iETH,11 October 2023,806,10-01-2024 21:45,12-10-2023 23:00
7393,442,afd3aaa6c6cff952df201e8b6aa2e2e06e080f61f9fcbabc1997b42b,SP reward for iETH,11 October 2023,100587,10-01-2024 21:45,12-10-2023 23:00
7394,442,57e5858c1df6db74f151486eedd33dec6790c38e79d12b69e2add37e,SP reward for iETH,11 October 2023,53168,10-01-2024 21:45,12-10-2023 23:00
7395,442,206d0b9f1190d040970e6a139ec20333570c9f73098ab4f8c5772536,SP reward for iETH,11 October 2023,30664,10-01-2024 21:45,12-10-2023 23:00
7396,442,241ecd4e529840fd1d3c3a44abf3e5f3d65c6312fa1203025234ade4,SP reward for iETH,11 October 2023,4982,10-01-2024 21:45,12-10-2023 23:00
7397,442,7bca37d84a32420442867cc57a31d617763def3c9963f639c58ff001,SP reward for iETH,11 October 2023,250760,10-01-2024 21:45,12-10-2023 23:00
7398,442,9913007f4d5d7d0bdfde593a74f1cc948368d29881aa3efab60a6338,SP reward for iETH,11 October 2023,30625,10-01-2024 21:45,12-10-2023 23:00
7399,442,731c4e0664571b4ea0a1b9279f3b9dc10ae79bd38908a7b30ecefe22,SP reward for iETH,11 October 2023,427,10-01-2024 21:45,12-10-2023 23:00
7400,442,8bb170899ad086aaf786240e8429aaae18448301ad0d2ab068d38f4a,SP reward for iETH,11 October 2023,1,10-01-2024 21:45,12-10-2023 23:00
7401,442,c8ca667b94b226c0400fc4f3f8ce935ef841edd752b09fbf28b1cb16,SP reward for iETH,11 October 2023,8,10-01-2024 21:45,12-10-2023 23:00
7402,442,84b2dddf4357c2589e7d431a055e3b0db4149b94240c63ecb1b676f2,SP reward for iETH,11 October 2023,10449651,10-01-2024 21:45,12-10-2023 23:00
7403,442,6d6912b202d92f19e9b506ce91eb315f764d0eb5aaf86598b6408dd0,SP reward for iETH,11 October 2023,26133,10-01-2024 21:45,12-10-2023 23:00
7404,442,93c8ee55e003b8ac9b1be4260e01d9f03ef35e8cb8ad07fc04c86f80,SP reward for iETH,11 October 2023,179566,10-01-2024 21:45,12-10-2023 23:00
7405,442,243143a1edf725605b078e3660ccf3ef4811e54ce8d70b04ae15a4b0,SP reward for iETH,11 October 2023,144,10-01-2024 21:45,12-10-2023 23:00
7406,442,512f425cedae5c11513155242686e5039b766c7ae798515b68a364e7,SP reward for iETH,11 October 2023,2693,10-01-2024 21:45,12-10-2023 23:00
7407,442,ed3ceb224858d2a44bcae5c64c3f96bc3e80d85bc3347c5f156ae7ff,SP reward for iETH,11 October 2023,1,10-01-2024 21:45,12-10-2023 23:00
7408,442,ccf0463efcfc0be16312d889a485c827392edb4bf32af4b43af4aad5,SP reward for iETH,11 October 2023,4553,10-01-2024 21:45,12-10-2023 23:00
7409,442,38a6b071d8b300a0a8219cb49ae293024f466985a89f62d6188d0388,SP reward for iETH,11 October 2023,6489,10-01-2024 21:45,12-10-2023 23:00
7410,442,b5f538b9bc03a2b72e11f5d02d4480cb5a8db857e1a730b1d4499ec4,SP reward for iETH,11 October 2023,3760165,10-01-2024 21:45,12-10-2023 23:00
7411,442,0d4dfb08eb9de8c5610cecd9f1624a8f1bcd2775a9fa651631d44cd5,SP reward for iETH,11 October 2023,4165506,10-01-2024 21:45,12-10-2023 23:00
7412,442,929695c172f6c2841df1482161ec1a2716ee2f166c27c86b20736e71,SP reward for iETH,11 October 2023,90066,10-01-2024 21:45,12-10-2023 23:00
7413,442,d5783eeb99454513796d07833a55b33d041157aa2557f641d50b7f13,SP reward for iETH,11 October 2023,8721,10-01-2024 21:45,12-10-2023 23:00
7414,442,4cb2eb343a9f29be1c2550732c532cf3d2a846cce4b12691379bdc70,SP reward for iETH,11 October 2023,8084,10-01-2024 21:45,12-10-2023 23:00
7415,442,73a2384cb145aa11ef7c996728c5715f87b007368e1a4769853927ee,SP reward for iETH,11 October 2023,6976479,10-01-2024 21:45,12-10-2023 23:00
7416,442,cef48e82717f374be93b1e5bccad65b68e9403e57dcec8f251b35455,SP reward for iETH,11 October 2023,50323631,10-01-2024 21:45,12-10-2023 23:00
7417,442,b2cd3ac1116b5d4d2634eb51a832f9c99dd03abe51b9e05f463bde68,SP reward for iETH,11 October 2023,97373,10-01-2024 21:45,12-10-2023 23:00
7418,442,bbc6d8e0a8f8fa47238a3df22e1b9a0e39a0de2330ba5b49d69a6bc0,SP reward for iETH,11 October 2023,535147,10-01-2024 21:45,12-10-2023 23:00
7419,442,61cc93b6feaaf71fb0a4133fc103134b9e0057b17a96b5b8ab064345,SP reward for iETH,11 October 2023,519488,10-01-2024 21:45,12-10-2023 23:00
7420,442,c05d3ab97abdcac7e81855b92b59afe40f18b059e9d8cceedc5ef511,SP reward for iETH,11 October 2023,60137,10-01-2024 21:45,12-10-2023 23:00
7421,442,20e9a6827fc11c89ad4f49e9b36cf80b55c5650eb397b1a9507dde2b,SP reward for iETH,11 October 2023,5308,10-01-2024 21:45,12-10-2023 23:00
7422,442,4fef1de46ca4dffc70cafbce94918dc9e28000d395411532f418a73d,SP reward for iETH,11 October 2023,67295,10-01-2024 21:45,12-10-2023 23:00
7423,442,fc5543c66855df3872fc1c6bedbd95bb592feb158a7656d0964358b1,SP reward for iETH,11 October 2023,13241,10-01-2024 21:45,12-10-2023 23:00
7424,442,476b50ba222061304df4ef1e7da2a370fc1a452f4100e862d5555269,SP reward for iETH,11 October 2023,27020,10-01-2024 21:45,12-10-2023 23:00
7425,442,96fcd31985e22ce4ab339cd92f94a5e54e5ddb4880f0a3a6c6ccb2f5,SP reward for iETH,11 October 2023,13095,10-01-2024 21:45,12-10-2023 23:00
7426,442,d2a9e3449671da65c467670745d3d5ba2f2f261187808191a95710cf,SP reward for iETH,11 October 2023,17816,10-01-2024 21:45,12-10-2023 23:00
7427,442,9a278ffaf46bf70581b4d7914236ad05ee20ee98c7c73158bbc60a3b,SP reward for iETH,11 October 2023,38616,10-01-2024 21:45,12-10-2023 23:00
7428,442,e1fe8c18060b61725fc639e6ed11f31323da2cc773f048910a4634da,SP reward for iETH,11 October 2023,102499,10-01-2024 21:45,12-10-2023 23:00
7429,442,d4da2d85527b6622fb0dfae1fda83de879b7cd969bf5ff96e9ba3aa6,SP reward for iETH,11 October 2023,278888,10-01-2024 21:45,12-10-2023 23:00
7430,442,ef375afc54458f274bd07dec902e981a581fb46d4ab6d996e40b5bb0,SP reward for iETH,11 October 2023,109398,10-01-2024 21:45,12-10-2023 23:00
7431,442,aceab5cd6d083ab7388b8487f260c514770460bd9809196d455c7150,SP reward for iETH,11 October 2023,556344,10-01-2024 21:45,12-10-2023 23:00
7432,442,3942f959c4dacb2bb80d5854e6b2a304601ad692ce27a6040806de62,SP reward for iETH,11 October 2023,64368,10-01-2024 21:45,12-10-2023 23:00
7433,442,dbf62020c6e458cd78ab8e4726fbc766b60c9a473918a5afb8784f4f,SP reward for iETH,11 October 2023,15568,10-01-2024 21:45,12-10-2023 23:00
7434,442,a4bb846ef68110900c05f24352c1648db506ec921bf6011e61e01684,SP reward for iETH,11 October 2023,58002,10-01-2024 21:45,12-10-2023 23:00
7435,442,73064ed9d446fe559dea6a5c0484f4c4876d91e1d7442109f6815770,SP reward for iETH,11 October 2023,2,10-01-2024 21:45,12-10-2023 23:00
7436,442,cd193a0e787cfd42924e2432b5d4b74a19c1bdcb210d44faa6ed875b,SP reward for iETH,11 October 2023,41051,10-01-2024 21:45,12-10-2023 23:00
7437,442,75463feb9358b4187d202bc5b8a3d96df6f8c2416495350e8519a3e2,SP reward for iETH,11 October 2023,38330,10-01-2024 21:45,12-10-2023 23:00
7438,442,0cdd12ae3e182cc9ce56f55e17b6ae78cd48110aa592163b39ba5b03,SP reward for iETH,11 October 2023,15883,10-01-2024 21:45,12-10-2023 23:00
7439,442,144a91af110e1f266e04a5fc28a41d897523570b8c8ca12724be3b64,SP reward for iETH,11 October 2023,30683,10-01-2024 21:45,12-10-2023 23:00
7440,442,c90dfeb23d605971a7c59e29113aecd883e6390ae59b21748a3ef672,SP reward for iETH,11 October 2023,28639,10-01-2024 21:45,12-10-2023 23:00
7441,442,2d8e47435b0c86ffc07f8c45272929148631ba923e3e24abd49c7d62,SP reward for iETH,11 October 2023,4459,10-01-2024 21:45,12-10-2023 23:00
7442,442,a3f63e4cbce10a5560a60dc4c7360da433b03e596e9c61f507eec809,SP reward for iETH,11 October 2023,21999,10-01-2024 21:45,12-10-2023 23:00
7443,442,138e6f1324b88fc7e3c520e1ce26fb28d0fd99871c45b0e83c80f900,SP reward for iETH,11 October 2023,76370,10-01-2024 21:45,12-10-2023 23:00
7444,442,11b4ac68cf0d110247dc7d2bc139c92fd7a21af0a798a913e06fecd1,SP reward for iETH,11 October 2023,42501,10-01-2024 21:45,12-10-2023 23:00
7445,442,5f085aae9b0dcd71e73a7a5074d80dc8cd0dacafc1bb98bc6fe46cb9,SP reward for iETH,11 October 2023,406478,10-01-2024 21:45,12-10-2023 23:00
7446,442,026c8ee36589862c813abaf4142583d8631869cc694bfc393ad229ed,SP reward for iETH,11 October 2023,85591,10-01-2024 21:45,12-10-2023 23:00
7447,442,76bd0706659b380bf2acb2259850bdd90488151424877d178eaa4c2d,SP reward for iETH,11 October 2023,21137,10-01-2024 21:45,12-10-2023 23:00
7448,442,9147f0988a1efd942134a43aaab625d1ff84f6be971c676a2d7d907c,SP reward for iETH,11 October 2023,17656,10-01-2024 21:45,12-10-2023 23:00
7449,442,2dd87e3321612d435e9ded9e76469a8d221b8bfce442e92997b74ae9,SP reward for iETH,11 October 2023,307431,10-01-2024 21:45,12-10-2023 23:00
7450,442,b178ffc093995ed4f92326da8cbbae25832bd1c723b4897435ae3ee3,SP reward for iETH,11 October 2023,29106,10-01-2024 21:45,12-10-2023 23:00
7451,442,6c6327cb74b31bca70661b8a54165f95eec53e59c955ce2060e7dcaa,SP reward for iETH,11 October 2023,50403,10-01-2024 21:45,12-10-2023 23:00
7452,442,b844eda8d8b99c58609f090d3156ef91488778e92501e1154e797492,SP reward for iETH,11 October 2023,66174,10-01-2024 21:45,12-10-2023 23:00
7453,442,91aa6ddecfac713f774fe7635bc6804e96e008cd220186a1382b7f1f,SP reward for iETH,11 October 2023,25997,10-01-2024 21:45,12-10-2023 23:00
7454,442,c1847df694146357cb67166b11ec706348cb02d268b09c7ca0567a2a,SP reward for iETH,11 October 2023,1,10-01-2024 21:45,12-10-2023 23:00
7455,442,343a6e2b66f769abf99ad58bc6425690fd647ea7221a738a55d94bd6,SP reward for iETH,11 October 2023,15333,10-01-2024 21:45,12-10-2023 23:00
7456,442,bc12846dfe29fb17207d6e11b98fdda7201679227d46d744de5574e8,SP reward for iETH,11 October 2023,37068,10-01-2024 21:45,12-10-2023 23:00
7457,442,2387805ec55905b81396a1744734c4695abaaf620a73e88092018f58,SP reward for iETH,11 October 2023,20724,10-01-2024 21:45,12-10-2023 23:00
7458,442,945cd17ae5a96a439a8191283c8459e67ab18c7e2d93fa1dfce4671c,SP reward for iETH,11 October 2023,66449,10-01-2024 21:45,12-10-2023 23:00
7459,442,50b984ca982d833e08f2bd2124164aef4193d86503cb484ecbeb1abc,SP reward for iETH,11 October 2023,96957,10-01-2024 21:45,12-10-2023 23:00
7460,442,0906bc9e7c5e11ffa7933e391b3eac7386660467616399958c62e606,SP reward for iETH,11 October 2023,2408,10-01-2024 21:45,12-10-2023 23:00
7461,442,bd584b825b8ea2a3c6756ada80f881936d174cd8935edeefbff34723,SP reward for iETH,11 October 2023,3400,10-01-2024 21:45,12-10-2023 23:00
7462,442,e04792fa709f493a554e363756388231edd8716df5998754d114594a,SP reward for iETH,11 October 2023,33001,10-01-2024 21:45,12-10-2023 23:00
7463,442,786de79ca4b4c908980fc370c9089196933c2733c12eb95186b97406,SP reward for iETH,11 October 2023,223323,10-01-2024 21:45,12-10-2023 23:00
7464,442,f08a2242c6a6353ea38c9316dc478cad0d5e53eef6c1833e763eb33d,SP reward for iETH,11 October 2023,1679,10-01-2024 21:45,12-10-2023 23:00
7465,442,332640ca63bf1c45ca8f5beafe24f3e68887f052b3a03914e2efd235,SP reward for iETH,11 October 2023,1632,10-01-2024 21:45,12-10-2023 23:00
7466,442,2d7f83bee28f29bf82eb41de3d59674e71af6a2faf3cce9eb95d6026,SP reward for iETH,11 October 2023,38507,10-01-2024 21:45,12-10-2023 23:00
7467,442,2922bb18ea7225c2905acb96276ea33273c5e07a0860fb276087115f,SP reward for iETH,11 October 2023,32869,10-01-2024 21:45,12-10-2023 23:00
7468,442,0da3cacef17d65df4ab3d98a21d5d8ef52ef3f813b35b46e9ac4e562,SP reward for iETH,11 October 2023,529,10-01-2024 21:45,12-10-2023 23:00
7469,442,08abc365d15eb5a450ff8ed2a6207bfa3cb5a0df4ec1ddd0e6636026,SP reward for iETH,11 October 2023,1,10-01-2024 21:45,12-10-2023 23:00
7470,442,16490539b2a6c749b18c82a41ad485eaa882ee019335452b7a7c27c0,SP reward for iETH,11 October 2023,65726,10-01-2024 21:45,12-10-2023 23:00
7471,442,efdea48b2d455838b64f1bdbf0106eef7cd67041ce4aa429d812183e,SP reward for iETH,11 October 2023,34936,10-01-2024 21:45,12-10-2023 23:00
7472,442,30f730fb260aed1721ae7ec3d6ba003509bc8d125ddbf93ddf51cfac,SP reward for iETH,11 October 2023,532494,10-01-2024 21:45,12-10-2023 23:00
7473,442,8bb9c1842b5df8a44359e65982adb4d2a7d0cb745a2b8488592e3d9f,SP reward for iETH,11 October 2023,12860,10-01-2024 21:45,12-10-2023 23:00
7474,442,dfe5d2289b230fb69bdf502d43ec466d44b6742ea21e967ed674bdc9,SP reward for iETH,11 October 2023,645823,10-01-2024 21:45,12-10-2023 23:00
7475,442,9bf780683ee09b92d00a465c519ef7febf74a26e6ff45fd9af96e496,SP reward for iETH,11 October 2023,125541,10-01-2024 21:45,12-10-2023 23:00
7476,442,514ec5e427280c6bca6a0d79dea12bc793673a7241ba8f6f982a542e,SP reward for iETH,11 October 2023,83909,10-01-2024 21:45,12-10-2023 23:00
7477,442,e6f174b44628064bfdc62cdf2be63c50b2cd68625efe6847f5fdbf83,SP reward for iETH,11 October 2023,125827,10-01-2024 21:45,12-10-2023 23:00
7478,442,8425e1110917c188382ff1e28f3e11c6310ca3c1ee09b4b4bcc41bc1,SP reward for iETH,11 October 2023,18535,10-01-2024 21:45,12-10-2023 23:00
7479,442,7d1641812bc78ee852ab754207dc818d1eaa658986d48e6890f08bb9,SP reward for iETH,11 October 2023,181375,10-01-2024 21:45,12-10-2023 23:00
7480,442,e435792ece3754f9a940629ec319e62c108f06fedc90da30504b776f,SP reward for iETH,11 October 2023,91820,10-01-2024 21:45,12-10-2023 23:00
7481,442,e31737eff954647c3cfb076fc5ec72a889d3d7b27a875fdf2fd1b379,SP reward for iETH,11 October 2023,1,10-01-2024 21:45,12-10-2023 23:00
7482,442,e4833eff5469ddeeaf0fbd065ad976676be56e8cd67c04526d51c495,SP reward for iETH,11 October 2023,98456,10-01-2024 21:45,12-10-2023 23:00
7483,442,778f07f22a2e44147376960b871a2bf9382ec1a50ae2c4b2086a8436,SP reward for iETH,11 October 2023,482631,10-01-2024 21:45,12-10-2023 23:00
7484,442,e4a3572c85228edfa7ee4d015fa55fd6c93d181597f86859aaabca91,SP reward for iETH,11 October 2023,152352,10-01-2024 21:45,12-10-2023 23:00
7485,442,63b3889ebf65aba913b3ca44031d7b2c59b04b0727c3f2e67d52d034,SP reward for iETH,11 October 2023,676,10-01-2024 21:45,12-10-2023 23:00
7486,442,34c3340d91bf6565f8b26b14e5dc37c6f89d62bc748b78de164115da,SP reward for iETH,11 October 2023,10147,10-01-2024 21:45,12-10-2023 23:00
7487,442,895dbda6ce8ae6e05cb8936861ffdc934ef3f8b289ecbaf06f20da59,SP reward for iETH,11 October 2023,186747,10-01-2024 21:45,12-10-2023 23:00
7488,442,e1dabf1e8691c018fda047487415acf4ed06b874cc7e2bb639dd1845,SP reward for iETH,11 October 2023,4644,10-01-2024 21:45,12-10-2023 23:00
7489,442,63d62b85ce675ee25e9e0da4c846d9843afc136a494b52ccdc2e48e2,SP reward for iETH,11 October 2023,47,10-01-2024 21:45,12-10-2023 23:00
7490,442,a6dbba290877e35a99d112108edf8c59364f9d06d0de28484b88d592,SP reward for iETH,11 October 2023,5278,10-01-2024 21:45,12-10-2023 23:00
7491,442,006a690654880fd995ebad7a4e4dd8f215be0784cd96ec4e5ebf1226,SP reward for iETH,11 October 2023,637219,10-01-2024 21:45,12-10-2023 23:00
7492,442,d20a972f5bddebc47975b4d78f5a5ea7113b8311a84623fe58891b45,SP reward for iETH,11 October 2023,26367,10-01-2024 21:45,12-10-2023 23:00
7493,442,3c1e2cfc33728127b806c2679ecccabd2c3602a7fe754228f122f754,SP reward for iETH,11 October 2023,1074321,10-01-2024 21:45,12-10-2023 23:00
7494,442,23d5170dffbfa8d5cf6534cd1c06d52d6d2e8819b7914995fa9a94f4,SP reward for iETH,11 October 2023,13041,10-01-2024 21:45,12-10-2023 23:00
7495,442,5310a7c00c573d9400459ad061211250ce8c164a1b657d952003f32e,SP reward for iETH,11 October 2023,249105,10-01-2024 21:45,12-10-2023 23:00
7496,442,3e2a4fefddafa38436d4c55f1c52cbca11c3c2aef0e94f37ff5be620,SP reward for iETH,11 October 2023,126215,10-01-2024 21:45,12-10-2023 23:00
7497,442,b17a9e6267af6b03c1d5b6ed9d2ffd82052fe72f052d434082cfc7dc,SP reward for iETH,11 October 2023,39769,10-01-2024 21:45,12-10-2023 23:00
7498,442,4dab7e1283403bdbdee27b8d4162fc41974ebae2f54d41bd5a01a045,SP reward for iETH,11 October 2023,12209,10-01-2024 21:45,12-10-2023 23:00
7499,442,cc61886cd84b2810e7509648dbac8024a15547b5253af083842d07d3,SP reward for iETH,11 October 2023,119222,10-01-2024 21:45,12-10-2023 23:00
7500,442,b6cdf3c4560e284a5d05fdc1e919565e5e3b6bd51640855b450ccb41,SP reward for iETH,11 October 2023,3729279,10-01-2024 21:45,12-10-2023 23:00
7501,442,23b41dab65f698716d09448d4c399e10d2f66ba2fb6433671643c280,SP reward for iETH,11 October 2023,145746,10-01-2024 21:45,12-10-2023 23:00
7502,442,42a9b7449b9ba23da79cfc754f2172d52b9a8a550e0e7b6eeda08f77,SP reward for iETH,11 October 2023,128,10-01-2024 21:45,12-10-2023 23:00
7503,442,7088f3152f3ae927521b83c3e469bab8107621572660984ac0a5fd16,SP reward for iETH,11 October 2023,147535,10-01-2024 21:45,12-10-2023 23:00
7504,442,a9928569964125814eb08c5a930fd78bf8199b39812c2a87abe879ab,SP reward for iETH,11 October 2023,55530,10-01-2024 21:45,12-10-2023 23:00
7505,442,f357aeab5d6038af73b7ce783bf505ecb9ff382a18e2b211b18a513a,SP reward for iETH,11 October 2023,3748,10-01-2024 21:45,12-10-2023 23:00
7506,442,374b46ff0fc4f269f31c99a12c82159a58207c3e686c437d57dad408,SP reward for iETH,11 October 2023,626444,10-01-2024 21:45,12-10-2023 23:00
7507,442,d203a585d517315ef60b563878acfd72bd9ba9bd458d8c432ba53f7f,SP reward for iETH,11 October 2023,37844,10-01-2024 21:45,12-10-2023 23:00
7508,442,581aabebb65db4e67ca6a39e7a1770f1e6c03db11aa0e257888f1c15,SP reward for iETH,11 October 2023,703740,10-01-2024 21:45,12-10-2023 23:00
7509,442,cf59324e35572473a1c164ace3b16a04c1893f82aae9557abe429d89,SP reward for iETH,11 October 2023,207855,10-01-2024 21:45,12-10-2023 23:00
7510,442,5dbde133f26c4c4d49266229d6414d8496450a0322832c6e4219cb4b,SP reward for iETH,11 October 2023,66648,10-01-2024 21:45,12-10-2023 23:00
7511,442,d74a6efc13c28b96e80fa23036353ec62897443d0ee58a7cae63cb0b,SP reward for iETH,11 October 2023,104867,10-01-2024 21:45,12-10-2023 23:00
7512,442,53eb9c7601e433f0659a74479e98400d203af061f135354f43e0dad4,SP reward for iETH,11 October 2023,36072,10-01-2024 21:45,12-10-2023 23:00
7513,442,fdcb2ad56f90c49a73ace602f2f459055f75c9b42f6b186731da60e0,SP reward for iETH,11 October 2023,22511,10-01-2024 21:45,12-10-2023 23:00
7514,442,b215ba39568ae7a0d55515f874d117697db493f66f20999e88b36433,SP reward for iETH,11 October 2023,28497,10-01-2024 21:45,12-10-2023 23:00
7515,442,e78c4eb4ec3e852b78f8540a7ff65767451cbf7601c4e6a9c4c97d52,SP reward for iETH,11 October 2023,300521,10-01-2024 21:45,12-10-2023 23:00
7516,442,ea79af332a33e08d0180ace4940a4bba5e9040ea76bf0f8a884279cd,SP reward for iETH,11 October 2023,19468,10-01-2024 21:45,12-10-2023 23:00
7517,442,37659fd936489ba08c0f7122f30d034594d20804392ba14cd2a6d362,SP reward for iETH,11 October 2023,4434,10-01-2024 21:45,12-10-2023 23:00
7518,442,1d873b8c37d35e5e322736d5194df4efbcec93bd3e87090998185a10,SP reward for iETH,11 October 2023,94960,10-01-2024 21:45,12-10-2023 23:00
7519,442,8c738aba609903d995a789c5cde7e59510858da191c3fca173d8ecc8,SP reward for iETH,11 October 2023,20589,10-01-2024 21:45,12-10-2023 23:00
7520,442,6c348312a0608ec6032c6b58e8570d4eb54a6792e95185b661ecd19e,SP reward for iETH,11 October 2023,121806,10-01-2024 21:45,12-10-2023 23:00
7521,442,860fe50b46f99f50253e4c88bf0c80c30c05b2047f3f9925b575092f,SP reward for iETH,11 October 2023,1073659,10-01-2024 21:45,12-10-2023 23:00
7522,442,5704ede877045beaaf499cf2a9a7f73b1aec49880230fdbd61512f0e,SP reward for iETH,11 October 2023,30,10-01-2024 21:45,12-10-2023 23:00
7523,442,3a5c536f4deb9d98ff6e72f3ee92266964b9312d00e6230e33c218b4,SP reward for iETH,11 October 2023,24397,10-01-2024 21:45,12-10-2023 23:00
7524,442,57d6070983700de5c4501c698bc410cca90c4ae813ac758cc239be46,SP reward for iETH,11 October 2023,144795,10-01-2024 21:45,12-10-2023 23:00
7525,442,525701de611d44593620f664b0abc5ec17b8223153ec1e918f560efe,SP reward for iETH,11 October 2023,118792,10-01-2024 21:45,12-10-2023 23:00
7526,442,5c37f6244184589068ccd1481ffbe29b185b7634dcb9e43bd9064c17,SP reward for iETH,11 October 2023,38625,10-01-2024 21:45,12-10-2023 23:00
7527,442,31eec5d71937555a28119e20dadcbe20b67b367b2f31f21957466444,SP reward for iETH,11 October 2023,223270,10-01-2024 21:45,12-10-2023 23:00
7528,442,e6fdaba56d087a16a9d4cd4a298d537bb25843159bbe8c9dfcfa3530,SP reward for iETH,11 October 2023,99889,10-01-2024 21:45,12-10-2023 23:00
7529,442,58c052676fe5b1cd52fda1ba62bbdabef2b3f261258e1fcfaa4df833,SP reward for iETH,11 October 2023,440855,10-01-2024 21:45,12-10-2023 23:00
7530,442,244ef5c19b4209da7df61d1f9a41ca599cf12610aed0f9457dbc7353,SP reward for iETH,11 October 2023,199618,10-01-2024 21:45,12-10-2023 23:00
7531,442,010983eec9ff8e0cdb301b705d958ae67ca9335fc4a19fe8701c7191,SP reward for iETH,11 October 2023,115420,10-01-2024 21:45,12-10-2023 23:00
7532,442,b82989f36f9471ddeb5cb48abfc4b3db92692b938d9adb90b2f52437,SP reward for iETH,11 October 2023,770012,10-01-2024 21:45,12-10-2023 23:00
7533,442,86be47e3f02ade0055290f56554a21cd9f6d9e3f037b34301a28890c,SP reward for iETH,11 October 2023,621055,10-01-2024 21:45,12-10-2023 23:00
7534,442,264b74cef0d10e378ac83a2b2cf399d17b45e2b6b3664b69c8019fcf,SP reward for iETH,11 October 2023,2095761,10-01-2024 21:45,12-10-2023 23:00
7535,442,39b1d4be2a009b5add1835ff88e27d53352d43cba2df661d22c9943f,SP reward for iETH,11 October 2023,163504,10-01-2024 21:45,12-10-2023 23:00
7536,442,fbffa3ca1aa8b1911628181e1757f2976c4981da8ce4a1cd62cde4f0,SP reward for iETH,11 October 2023,80901,10-01-2024 21:45,12-10-2023 23:00
7537,442,bb32c423f9a82af12f10a7ddfbb3e06a6160ad5b75827a14c2975eb5,SP reward for iETH,11 October 2023,136104,10-01-2024 21:45,12-10-2023 23:00
7538,442,092b7b9ae9bfed9f25757ce431f885b079ba820ec102294ec9f18c5b,SP reward for iETH,11 October 2023,62802,10-01-2024 21:45,12-10-2023 23:00
7539,442,6c2c506ec04e624743404ae1688a4fc6f668de7ac6990612e26246d0,SP reward for iETH,11 October 2023,13448,10-01-2024 21:45,12-10-2023 23:00
7540,442,7c287d80b89068e3f0e5ad9cdcfccd67e264e10c7bac1f1c50b4b4ce,SP reward for iETH,11 October 2023,57783,10-01-2024 21:45,12-10-2023 23:00
7541,442,21c654305eb324675f59e619a6c6af7de11871079f4b86280654f096,SP reward for iETH,11 October 2023,15781,10-01-2024 21:45,12-10-2023 23:00
7542,442,31b4236f1e3ca2c5ec1844abf72660d6da46e7573291459ca84984e4,SP reward for iETH,11 October 2023,794189,10-01-2024 21:45,12-10-2023 23:00
7543,442,632a6535602ee5ead53e56f5fbf567840543bd145e9a3769479898d5,SP reward for iETH,11 October 2023,202737,10-01-2024 21:45,12-10-2023 23:00
7544,442,264b3be253f8b7ded1b7c01a483256379777df963ce59e49167e95d4,SP reward for iETH,11 October 2023,140083,10-01-2024 21:45,12-10-2023 23:00
7545,442,0b9406a4cc6048882b8fd51266f4be903cdb725e354949f8f4b8729b,SP reward for iETH,11 October 2023,147588,10-01-2024 21:45,12-10-2023 23:00
7546,442,6a22c66b1ac47584e99999b61de170878547bb5a6b87946a6f1e018e,SP reward for iETH,11 October 2023,70789,10-01-2024 21:45,12-10-2023 23:00
7547,442,a65059f2283e5ff29d0c818cba02d9f700fc7c3e891c324bdfd5d1ca,SP reward for iETH,11 October 2023,94217,10-01-2024 21:45,12-10-2023 23:00
7548,442,e367111803d9720ed53b7127da78ed0a9317a8b7188c71fa947fb5cb,SP reward for iETH,11 October 2023,27901,10-01-2024 21:45,12-10-2023 23:00
7549,442,927fc7c9604b1b86803b1e6c79b229cbba70ff722d91214cfc33d8f4,SP reward for iETH,11 October 2023,258501,10-01-2024 21:45,12-10-2023 23:00
7550,442,9c8cc3ac2810e440ae1d0d41c4d7cbf79b860b5f315f8d4ed8350d81,SP reward for iETH,11 October 2023,200144,10-01-2024 21:45,12-10-2023 23:00
7551,442,ebcc3b31dea33abd57fc84f6d81697adf063aa7a6114e07f76ea4594,SP reward for iETH,11 October 2023,48876,10-01-2024 21:45,12-10-2023 23:00
7552,442,1c348c0ee2a2c36691e877a0058da0def13243399ab568db8db5825c,SP reward for iETH,11 October 2023,30708,10-01-2024 21:45,12-10-2023 23:00
7553,442,85dccd823a8eda33c9f680bb5dd7c09479fae10c95732a968f39ddad,SP reward for iETH,11 October 2023,234914,10-01-2024 21:45,12-10-2023 23:00
7554,442,c1cd747fe18cf8260a8115694c82c458f6facfafd5a382447a2a3e03,SP reward for iETH,11 October 2023,77634,10-01-2024 21:45,12-10-2023 23:00
7555,442,659c684b55fbaeac93ace9f4568e4815d01e094b823be7a04d3552f5,SP reward for iETH,11 October 2023,373918,10-01-2024 21:45,12-10-2023 23:00
7556,442,5549e47cc751bd3ea39c302038ed15de03593797992f85d62ec3588b,SP reward for iETH,11 October 2023,3139,10-01-2024 21:45,12-10-2023 23:00
7557,442,eb4632e83ff3219e6198dfda1fda37ffe0006dc4673dca0adebed6f0,SP reward for iETH,11 October 2023,26308,10-01-2024 21:45,12-10-2023 23:00
7558,442,742e13aeb9130597e75cb1e4201368884b223a027760b1614ddcd514,SP reward for iETH,11 October 2023,28533,10-01-2024 21:45,12-10-2023 23:00
7559,442,69db3ddacd4bd728026a19f9e8be6d41771d6cfb8cc1706798b3ad1b,SP reward for iETH,11 October 2023,62152,10-01-2024 21:45,12-10-2023 23:00
7560,442,ff7146ab3d288749871f4cf95b6d586203facd0bbf2cedebd34470e3,SP reward for iETH,11 October 2023,452124,10-01-2024 21:45,12-10-2023 23:00
7561,442,f09508247e043a250758c76b5ccb0e00df48f5caa7d61518dcb96707,SP reward for iETH,11 October 2023,48959,10-01-2024 21:45,12-10-2023 23:00
7562,442,dbf5237efea8d4014dd9dd124d0c1f8798e92e1e2016cf670eaf1424,SP reward for iETH,11 October 2023,45961,10-01-2024 21:45,12-10-2023 23:00
7563,442,bf80faca49b6c4b820d11fd8028343afde02b4e9cfeded543c4650b9,SP reward for iETH,11 October 2023,24392,10-01-2024 21:45,12-10-2023 23:00
7564,442,57e353299dc689c7b021c9252c7d0650f362b3877a2e659340efc70a,SP reward for iETH,11 October 2023,62518,10-01-2024 21:45,12-10-2023 23:00
7565,442,83ab60a79224a24403fce6b98eda271efbf2a363d5a1475a4ede6307,SP reward for iETH,11 October 2023,55512,10-01-2024 21:45,12-10-2023 23:00
7566,442,ba9cdccfb43c0bb8236d5819a7086f1093d0c0a4d6b631ea5eed67bc,SP reward for iETH,11 October 2023,2050041,10-01-2024 21:45,12-10-2023 23:00
7567,442,dddc26bc5c16b1fdccc13e72abfc5bbab373d7ceb98132fe51b39e33,SP reward for iETH,11 October 2023,752006,10-01-2024 21:45,12-10-2023 23:00
7568,442,add22687547b52ee682e6d576776af097ef9374ecce09681b9b43715,SP reward for iETH,11 October 2023,182135,10-01-2024 21:45,12-10-2023 23:00
7569,442,e9b900a8a8988098763b2e5d3a9cd9bac932d2958a6c3b811b79e175,SP reward for iETH,11 October 2023,145311,10-01-2024 21:45,12-10-2023 23:00
7570,442,257054d58a607073e56032f3af44c34c4da9c3c80ffcb6155bc26122,SP reward for iETH,11 October 2023,246862,10-01-2024 21:45,12-10-2023 23:00
7571,442,c432ddfda57b0a0a80baf5c74d4950c6a6a42c9e690b10d3632ac164,SP reward for iETH,11 October 2023,144073,10-01-2024 21:45,12-10-2023 23:00
7572,442,6f47cbf71699a17dff2d3039f2dd0eb49adccb6b7ea8c245d9fb8952,SP reward for iETH,11 October 2023,427994,10-01-2024 21:45,12-10-2023 23:00
7573,442,ee0d3f0402347e81228151903cf5249eb6303bf0e78b4f488263db90,SP reward for iETH,11 October 2023,899320,10-01-2024 21:45,12-10-2023 23:00
7574,442,b2d0834973ca3f26aee1f012c1b4f03cc0dcd96a5e299c62beb86237,SP reward for iETH,11 October 2023,463,10-01-2024 21:45,12-10-2023 23:00
7575,442,ecf6df3e564fb3214117ff1ba3fb4532e6d1f2fb80c0015027b291b8,SP reward for iETH,11 October 2023,102966,10-01-2024 21:45,12-10-2023 23:00
7576,442,7c5378fa54feb8a83d9a2a241503e07eee3876d90931e1953788c3e4,SP reward for iETH,11 October 2023,656223,10-01-2024 21:45,12-10-2023 23:00
7577,442,ecf1cb14a49abe481c4930be126426df3a7468257a129575cd49b41b,SP reward for iETH,11 October 2023,959695,10-01-2024 21:45,12-10-2023 23:00
7578,442,338f6ad73e0886541751486f71ceb084279c1ef0babe1ca9a2d58687,SP reward for iETH,11 October 2023,227598,10-01-2024 21:45,12-10-2023 23:00
7579,442,1ff8ec747a4655f4f3abfe66233fb0343954025143e9134ca779640d,SP reward for iETH,11 October 2023,12193556,10-01-2024 21:45,12-10-2023 23:00
7580,442,0e37ff2bfb32da6cd23995d8683ba2c62b0752390ea6795fae443de3,SP reward for iETH,11 October 2023,466637,10-01-2024 21:45,12-10-2023 23:00
7581,442,5c9d73b5373d44bae79f327e1f81752bf8444bf4c6b0be27f179d2e2,SP reward for iETH,11 October 2023,447772,10-01-2024 21:45,12-10-2023 23:00
7582,442,28bbd819d100bce6cdedd2005ca0a9d23409b52d2b6b2b3699054c90,SP reward for iETH,11 October 2023,2602550,10-01-2024 21:45,12-10-2023 23:00
7583,442,37d0d7bacd94e0c31b8a3a88a5b9e075dc47a7c11720e9806eed4ecc,SP reward for iETH,11 October 2023,1517831,10-01-2024 21:45,12-10-2023 23:00
7584,442,5a3d4f39ee17e2b67b6dd93ba71379a098b16f5f1839a069ce9533f4,SP reward for iETH,11 October 2023,64444,10-01-2024 21:45,12-10-2023 23:00
7585,442,ee8e915802b5f642b6f4d4d30ce94976a6efc51f145c980d9d376034,SP reward for iETH,11 October 2023,19974,10-01-2024 21:45,12-10-2023 23:00
7586,442,a6275c87fe29638ec63e529f7ccbc3f29b77d181cee3bb24945a9fe0,SP reward for iETH,11 October 2023,65568,10-01-2024 21:45,12-10-2023 23:00
7587,442,b10c7dd14700813748087d6fbfd03a8c3b83f6cb191743f5e35f7d84,SP reward for iETH,11 October 2023,935922,10-01-2024 21:45,12-10-2023 23:00
7588,442,c835248f41cb65303bec60d767f0299ea458a19c8c04beb125513487,SP reward for iETH,11 October 2023,323341,10-01-2024 21:45,12-10-2023 23:00
7589,442,eca93e97120204b13cf0fa6a0f87e37c39503bfaa2872a01944f02b8,SP reward for iETH,11 October 2023,94815,10-01-2024 21:45,12-10-2023 23:00
7590,442,80b0277609005bb84688ef825eab5e624478c3737efddc04d222c278,SP reward for iETH,11 October 2023,209980,10-01-2024 21:45,12-10-2023 23:00
7591,442,17847aaa1e8f5041d5591347a6337e9992eb0f565f725cf43191558a,SP reward for iETH,11 October 2023,2017005,10-01-2024 21:45,12-10-2023 23:00
7592,442,eec262031b5b78bd61e1f5aaeb37110ab6599407ab82682ad1798d21,SP reward for iETH,11 October 2023,140644,10-01-2024 21:45,12-10-2023 23:00
7593,442,d293f90ea2fd8c346edc313e42d1d8e3e739282dca078926377f6e1d,SP reward for iETH,11 October 2023,86388,10-01-2024 21:45,12-10-2023 23:00
7594,442,09575db3a66d29e820a464f9a5784aa42e3efd96396413c15d5a1160,SP reward for iETH,11 October 2023,43058,10-01-2024 21:45,12-10-2023 23:00
7595,442,8ede185c7701ad49c0e4a8e8551d273ff717922d2487f54fac34fa6d,SP reward for iETH,11 October 2023,230697,10-01-2024 21:45,12-10-2023 23:00
7596,442,b1896ed05f89dc37f90008cbdd3d7aae51e2304a8bb9fa170803290a,SP reward for iETH,11 October 2023,3021244,10-01-2024 21:45,12-10-2023 23:00
7597,442,623f00f49ed872b8fde76a4d5520f4ff63e50dec00b938701fe2aedd,SP reward for iETH,11 October 2023,46485,10-01-2024 21:45,12-10-2023 23:00
7598,442,4d8a42fbaca129837c77497e86ce3b3eef159f90e4f3f12030e9332f,SP reward for iETH,11 October 2023,103097,10-01-2024 21:45,12-10-2023 23:00
7599,442,5cbf5f0ea9260bb305078b3bbfdca41a598d232d74c9a30db243ab67,SP reward for iETH,11 October 2023,736607,10-01-2024 21:45,12-10-2023 23:00
7600,442,f791a456607c1532c6f056c09bcbdac59fa54e26c62f1304f288c948,SP reward for iETH,11 October 2023,428836,10-01-2024 21:45,12-10-2023 23:00
7601,442,53f44f9ec55dbd78c92531c00f666fb9ebae3415bb2d2f064516a1c2,SP reward for iETH,11 October 2023,11999,10-01-2024 21:45,12-10-2023 23:00
7602,442,862f5ad26068a3da287a54bc2fab1c19a99a48c81939d34870be1b85,SP reward for iETH,11 October 2023,50819,10-01-2024 21:45,12-10-2023 23:00
7603,442,cf160c79e4395e9b17de9ff8fa6d78e9ade6fee1e7080e0c00152e3e,SP reward for iETH,11 October 2023,78170,10-01-2024 21:45,12-10-2023 23:00
7604,442,fc2570c6c03402569141305d77268cb1d15304441a142d76a4ac2814,SP reward for iETH,11 October 2023,161537,10-01-2024 21:45,12-10-2023 23:00
7605,442,17e6192c507aa42939888c9354ab8ad76b387cdd923668c0999a198b,SP reward for iETH,11 October 2023,4561,10-01-2024 21:45,12-10-2023 23:00
7606,442,026a986627de817bcb642714112306ad7b7fec5c593af507676d3835,SP reward for iETH,11 October 2023,5836,10-01-2024 21:45,12-10-2023 23:00
7607,442,fd12aeae1a8e6873b5c4a638cb4d848792b9f401520d27ecd3c3a4b0,SP reward for iETH,11 October 2023,40787,10-01-2024 21:45,12-10-2023 23:00
7608,442,e8efeaa8e932f8ad63d3ec8f75f68926e93f66ffc1fc602e3b28bfa4,SP reward for iETH,11 October 2023,3636147,10-01-2024 21:45,12-10-2023 23:00
7609,442,f7315c71937b8ee2b38ba0cabbb3d24b34186c415cb1a75e1f383666,SP reward for iETH,11 October 2023,45929,10-01-2024 21:45,12-10-2023 23:00
7610,442,8fd1c10f23d010cb70527dfa179041722d39ecbb73a759bc2b88639c,SP reward for iETH,11 October 2023,223342,10-01-2024 21:45,12-10-2023 23:00
7611,442,31735ce88157a4b959f5e404f69aa0a7ff6b9bd0cc3f28d39943e3d7,SP reward for iETH,11 October 2023,102389,10-01-2024 21:45,12-10-2023 23:00
7612,442,d7346fcd395de69e62f4a2bafbc32af393ceecb3287b0ff4442ff36e,SP reward for iETH,11 October 2023,389390,10-01-2024 21:45,12-10-2023 23:00
7613,442,c464a820786db2b4f6292f2d7d300f6e4c5a27921ad23b4d5a9fea1d,SP reward for iETH,11 October 2023,285977,10-01-2024 21:45,12-10-2023 23:00
7614,442,9ea99f6560c2e636e90f5e02b7d73b4ad950dde2177c8e80fd2dafb0,SP reward for iETH,11 October 2023,82069,10-01-2024 21:45,12-10-2023 23:00
7615,442,a3ad69669ecee78b25f6b796d095ca691912481c72cc3ff42ee41ed1,SP reward for iETH,11 October 2023,57938,10-01-2024 21:45,12-10-2023 23:00
7616,442,d0ae4c6f8a0fcdc9cb13e25df039545245b8950ba8820a0adc772a14,SP reward for iETH,11 October 2023,800605,10-01-2024 21:45,12-10-2023 23:00
7617,442,55cf69df3e09e88978a5396efa57fb076d25f9089229a52baac18e5d,SP reward for iETH,11 October 2023,50500,10-01-2024 21:45,12-10-2023 23:00
7618,442,772e948ec345913bb1f86e295f4ff0d3b1f70e1b4ebca5831c6532a9,SP reward for iETH,11 October 2023,13753,10-01-2024 21:45,12-10-2023 23:00
7619,442,775ef1ace4264239a1f7713dfcf2509b35664a69ff58631d9ca7b43d,SP reward for iETH,11 October 2023,121356,10-01-2024 21:45,12-10-2023 23:00
7620,442,437ab86f735097bbe07e92f1ae1b125249806ad8649e3a011db36a2d,SP reward for iETH,11 October 2023,33564,10-01-2024 21:45,12-10-2023 23:00
7621,442,4effa125f9fc4cf7456e397b1a9ac44add9301b8d959e488a8fa1e86,SP reward for iETH,11 October 2023,24820,10-01-2024 21:45,12-10-2023 23:00
7622,442,f04e3a2f427f303624958a861d18f657e307e65da73922e8d823d573,SP reward for iETH,11 October 2023,132927,10-01-2024 21:45,12-10-2023 23:00
7623,442,c51068d78a400985cd0b359e59d17ad32344e3c82dbb911033e92cdf,SP reward for iETH,11 October 2023,2218850,10-01-2024 21:45,12-10-2023 23:00
7624,442,2dbce9a05ff3ecdedbaf202ea14e89a4396560be74f4f5748aa289f6,SP reward for iETH,11 October 2023,2125774,10-01-2024 21:45,12-10-2023 23:00
7625,442,b7ecb676a1826b060ca7fe03135cbb0caf03c02bbb36f2ee9392f822,SP reward for iETH,11 October 2023,1627664,10-01-2024 21:45,12-10-2023 23:00
7626,442,ec39d10b072cdc5297cdf1683465556b81d641cdd07fad63ae4fcdd0,SP reward for iETH,11 October 2023,105268,10-01-2024 21:45,12-10-2023 23:00
7627,442,9e56b28c6ebeb632b7144c800618f085d67742c165f03ed5626a56a4,SP reward for iETH,11 October 2023,7581867,10-01-2024 21:45,12-10-2023 23:00
7628,442,ad4777b70337d0ced4b52aaa6bacb63de8b472344b8f00f330bd09a1,SP reward for iETH,11 October 2023,45568,10-01-2024 21:45,12-10-2023 23:00
7629,442,6f55a9d74db68134d952107df81bfffdec92fed808885f29e3ab39b1,SP reward for iETH,11 October 2023,27407,10-01-2024 21:45,12-10-2023 23:00
7630,442,9e888b8b96c8adc83588187764673c7e357b0c3b404072c997389f74,SP reward for iETH,11 October 2023,68145,10-01-2024 21:45,12-10-2023 23:00
7631,442,ace43bacbaaf8c652192a6b790f353ca7553a105d99419638d1544fa,SP reward for iETH,11 October 2023,108023,10-01-2024 21:45,12-10-2023 23:00
7632,442,08918c42b18ddf44a0916525988f5b94ee9520a3010ece764b39399b,SP reward for iETH,11 October 2023,838873,10-01-2024 21:45,12-10-2023 23:00
7633,442,f6d8c4c39a8c57fbdaabfd6243784c0d6cb36c8b3fc41d01387c5432,SP reward for iETH,11 October 2023,870485,10-01-2024 21:45,12-10-2023 23:00
7634,442,c2caa3f52fdfe4424d8aab68f691aa1617988acdb86a37b2850795ac,SP reward for iETH,11 October 2023,251315,10-01-2024 21:45,12-10-2023 23:00
7635,442,064bdec62473f25d5eb0cb4e051a3bfb6fd889f02e86c496539846b0,SP reward for iETH,11 October 2023,106444,10-01-2024 21:45,12-10-2023 23:00
7636,442,794343926a43d13d72892383b093678fa0602c5ad6338620eb7c302c,SP reward for iETH,11 October 2023,23441,10-01-2024 21:45,12-10-2023 23:00
7637,442,cb2b4570726c6675a37c6a6a64b482eb461e2b5b1a75359d4ae3a8d1,SP reward for iETH,11 October 2023,8419,10-01-2024 21:45,12-10-2023 23:00
7638,442,9b314b76487603dec62a43cfeea584dae73cd42e7f83871495974fdb,SP reward for iETH,11 October 2023,245737,10-01-2024 21:45,12-10-2023 23:00
7639,442,92fd4c1482e065ef6db70c0b78d37262354356a3d67d81aac22ebee3,SP reward for iETH,11 October 2023,5348351,10-01-2024 21:45,12-10-2023 23:00
7640,442,9e62f5685e9d1397fa74526b92e01ec062c6f07a6d2b95500728a976,SP reward for iETH,11 October 2023,5537734,10-01-2024 21:45,12-10-2023 23:00
7641,442,c762b49fcc98442f1dc5e71e6de2635f02c7b22275a7d112abe90dbc,SP reward for iETH,11 October 2023,706873,10-01-2024 21:45,12-10-2023 23:00
7642,442,71c5e6f8e60dcd93e1107a2b11e92628db4daaef1f5705680c4f958d,SP reward for iETH,11 October 2023,441279,10-01-2024 21:45,12-10-2023 23:00
7643,442,78cd8a0a3b2bd1b5d1a85f348849349a8d180b3bc180c9f5ea34c726,SP reward for iETH,11 October 2023,2219584,10-01-2024 21:45,12-10-2023 23:00
7644,442,0d54066357cf1b893f76d88adc3586fc28aa526ab3ac30db74147a50,SP reward for iETH,11 October 2023,161477,10-01-2024 21:45,12-10-2023 23:00
7645,442,ceabd75a3b23cc400a3f7f13e9d00f168902b95910ebc86298a774b6,SP reward for iETH,11 October 2023,4985621,10-01-2024 21:45,12-10-2023 23:00
7646,442,878c6006173f9d113f53ba6169317039743808f62e25f539418ba4af,SP reward for iETH,11 October 2023,2796652,10-01-2024 21:45,12-10-2023 23:00
7647,442,5ba4f7eb27d46622d4728a365e4e78b349d96c40cb8e6b17b32814ad,SP reward for iETH,11 October 2023,26440,10-01-2024 21:45,12-10-2023 23:00
7648,442,a2b3fc71aa466e489bef35c30ca8b4a9388f701ab0cd73c9c81a5409,SP reward for iETH,11 October 2023,73802,10-01-2024 21:45,12-10-2023 23:00
7649,442,d054a3e88aa7d909469f67c6bbaeab11aa87316f08c1eed2b6c2aed3,SP reward for iETH,11 October 2023,231390,10-01-2024 21:45,12-10-2023 23:00
7650,442,50c932f2307b366df7e0d4c2a462a0cced8ff0bfb46c565d79b69858,SP reward for iETH,11 October 2023,497155,10-01-2024 21:45,12-10-2023 23:00
7651,442,a7f36591a463373640ffdb7ecb6222b65e7a6f28944e6d30b5764499,SP reward for iETH,11 October 2023,315641,10-01-2024 21:45,12-10-2023 23:00
7652,442,bf97ad99b5269c15e3726290f95f0fc0ec8dbada31183778548d9da0,SP reward for iETH,11 October 2023,18200983,10-01-2024 21:45,12-10-2023 23:00
7653,442,00023775abacb7c31af161e5d0faebd84067299748396171df0a4143,SP reward for iETH,11 October 2023,346904,10-01-2024 21:45,12-10-2023 23:00
7654,442,c6aef9c4dd86f4d87ee64da60a47365ddefcce6afe4f81ab201dcd59,SP reward for iETH,11 October 2023,56843,10-01-2024 21:45,12-10-2023 23:00
7655,442,134772ad86746619dd39c1bcfd82c5cbec2872f3fbbae1c289e2c7c4,SP reward for iETH,11 October 2023,433,10-01-2024 21:45,12-10-2023 23:00
7656,442,1227be2193b0f03f9ced11395f01fec9baab09491e545787377e5787,SP reward for iETH,11 October 2023,639396,10-01-2024 21:45,12-10-2023 23:00
7657,442,2e5a4c00de5e5ae25ec3d16e50b1da6b651d07ba33d3af5358becf71,SP reward for iETH,11 October 2023,148155,10-01-2024 21:45,12-10-2023 23:00
7658,442,6dfa5c283d15c82b85b918c5480a6abf540d11f8ba50bdd65af11b86,SP reward for iETH,11 October 2023,28497,10-01-2024 21:45,12-10-2023 23:00
7659,442,f1d39751c36b29e842f06a1166cf58e421047fe58c7d91c93e456e53,SP reward for iETH,11 October 2023,138150,10-01-2024 21:45,12-10-2023 23:00
7660,442,6584bcf113af500d0a3da31cf71613891b5ec591bf920e03518cd20a,SP reward for iETH,11 October 2023,721679,10-01-2024 21:45,12-10-2023 23:00
7661,442,a1c6c16a77941b70641de99c94eb9c167da9da22267a137f2adef062,SP reward for iETH,11 October 2023,5882303,10-01-2024 21:45,12-10-2023 23:00
7662,442,a74340a486e8463d7574049adacae6920b126c6776c41ff1fb0ed2ce,SP reward for iETH,11 October 2023,29014,10-01-2024 21:45,12-10-2023 23:00
7663,442,a55a7da0a1aa1b661de849ac383a2be9c3eded37d04cbe728403f2d4,SP reward for iETH,11 October 2023,648046,10-01-2024 21:45,12-10-2023 23:00
7664,442,eb1b8ad62c7f3ea5e90a78719edc152e38ce63b8e928e1902f7d1468,SP reward for iETH,11 October 2023,2870771,10-01-2024 21:45,12-10-2023 23:00
7665,442,037e28af67f2f46508f4f97a151f1b693cfd758194d7f9c9e07794f7,SP reward for iETH,11 October 2023,485025,10-01-2024 21:45,12-10-2023 23:00
7666,442,5cdd7f4959486306226ebcf1e43d45d7bfe2c4acd7ebafaf2c647248,SP reward for iETH,11 October 2023,972091,10-01-2024 21:45,12-10-2023 23:00
7667,442,161478c8f8376606bcc5ae29a3d3c4efe4a06ae5009285f447daa51f,SP reward for iETH,11 October 2023,380041,10-01-2024 21:45,12-10-2023 23:00
7668,442,a4ae6b7d6fde02966811a441c04d72af1ad8a1bafd8684192c5c99f7,SP reward for iETH,11 October 2023,17280,10-01-2024 21:45,12-10-2023 23:00
7669,442,0b6d4094acb71999783c5f632377b48f9df9fc9e2d90e0fda2fdbdec,SP reward for iETH,11 October 2023,869757,10-01-2024 21:45,12-10-2023 23:00
7670,442,9442130f8971114afb57ca22fc0c8bbf9cdd009faba8c714a571d88a,SP reward for iETH,11 October 2023,55833,10-01-2024 21:45,12-10-2023 23:00
7671,442,e8aa119715131d1dc98e1703729210cc98b1883773fefc5177cbfdb9,SP reward for iETH,11 October 2023,200540,10-01-2024 21:45,12-10-2023 23:00
7672,442,6077abce350b8d0846071ae22ba796d4996a063e4980982a12b7d513,SP reward for iETH,11 October 2023,27826,10-01-2024 21:45,12-10-2023 23:00
7673,442,01cefc4ac7b65ac3fddbaedc169b071ab04fcf6f5ab009ff125768c4,SP reward for iETH,11 October 2023,418248,10-01-2024 21:45,12-10-2023 23:00
7674,442,a6ba497ed8d5a03dc779c890dc17d9c5f688a9c8c197597290bb4e14,SP reward for iETH,11 October 2023,219467,10-01-2024 21:45,12-10-2023 23:00
7675,442,d3343c6168437902b403e99ae1f62fade8dc0a729f01ff42ac4abbd6,SP reward for iETH,11 October 2023,580130,10-01-2024 21:45,12-10-2023 23:00
7676,442,5015aba4d3c982a18669bf8a76082f6563b3bb7872f876d3e910644d,SP reward for iETH,11 October 2023,6732000,10-01-2024 21:45,12-10-2023 23:00
7677,442,95fa00657c1613aa2f6a3ff39b636d93ae3106ec72498d3e39b0fa8e,SP reward for iETH,11 October 2023,467095,10-01-2024 21:45,12-10-2023 23:00
7678,442,9e50685ab277c256faccb96797ca4a94bdff89291b969ed2371c5abb,SP reward for iETH,11 October 2023,1026,10-01-2024 21:45,12-10-2023 23:00
7679,442,759b2ad795fb741546cb47086bf90dcbfc4e8144e62a824c815c1ffb,SP reward for iETH,11 October 2023,1506759,10-01-2024 21:45,12-10-2023 23:00
7680,442,ea374c2d569d63853df7d92c816502210495360908aa4df12568e567,SP reward for iETH,11 October 2023,169976,10-01-2024 21:45,12-10-2023 23:00
7681,442,5c704662b0f709ad9ff512bbe5ea1f24f1a1ac2a73053e12c55a50c5,SP reward for iETH,11 October 2023,242847,10-01-2024 21:45,12-10-2023 23:00
7682,442,e05979c7922a556392d6db0c2749d7fcd34934e8daf0dfdeed3070a9,SP reward for iETH,11 October 2023,110228,10-01-2024 21:45,12-10-2023 23:00
7683,442,9320b2e201b2f4141b4ea6e17e410f4696c911f77149408d632ebb8e,SP reward for iETH,11 October 2023,4423858,10-01-2024 21:45,12-10-2023 23:00
7684,442,15ac7ca1b38f99e5e84ca3f3588a779e690a8d586eec079a8dcc6e8c,SP reward for iETH,11 October 2023,1382254,10-01-2024 21:45,12-10-2023 23:00
7685,442,5f431f57ad76f9c3feaf03809fb3ba95da61f53fda601021a73f8040,SP reward for iETH,11 October 2023,2978407,10-01-2024 21:45,12-10-2023 23:00
7686,442,9a9f9ad845523a55422b5720db7abbdf827733b0945a3aafbd5e33f9,SP reward for iETH,11 October 2023,125070,10-01-2024 21:45,12-10-2023 23:00
7687,442,019f3d35ef1c1067784c46f9b165150919cdefda177dd301af373051,SP reward for iETH,11 October 2023,43351,10-01-2024 21:45,12-10-2023 23:00
7688,442,d94f9bc0ffe11ad1005b22a6e5c2b471b29c53510aa81514fc24d95a,SP reward for iETH,11 October 2023,38712,10-01-2024 21:45,12-10-2023 23:00
7689,442,8cfb3488bf7db4a3b403363dedd790347ff45543a63a7ecdf5ba44f5,SP reward for iETH,11 October 2023,1242324,10-01-2024 21:45,12-10-2023 23:00
7690,442,9c2b04c3d361d4d72878e7c0c067ce6cdf9f29561bfab5c59728c4e2,SP reward for iETH,11 October 2023,79064,10-01-2024 21:45,12-10-2023 23:00
7691,442,508757f097d3f23cb9e51cc9d35a550b2f2f9bedea6326229950647f,SP reward for iETH,11 October 2023,8518,10-01-2024 21:45,12-10-2023 23:00
7692,442,8da4658888007dc5604d42ff781ff425ae51926af8c15244df8a3052,SP reward for iETH,11 October 2023,1816628,10-01-2024 21:45,12-10-2023 23:00
7693,442,af7ea0c07f8c05d8c8e27b25a70ae93cff2159b4224f0f032e366d3a,SP reward for iETH,11 October 2023,635009,10-01-2024 21:45,12-10-2023 23:00
7694,442,b0f6f6c285e1711e5cc0b237539ebd40eed3ef96be5b78aac6c389ce,SP reward for iETH,11 October 2023,565366,10-01-2024 21:45,12-10-2023 23:00
7695,442,9057a63eaa2afa9e1f67bdb5d29fd62c59c91d0c79a30e225f079aca,SP reward for iETH,11 October 2023,869452,10-01-2024 21:45,12-10-2023 23:00
7696,442,97bf01e140f1cd68d8f3e3fa882f1f10784d33847cbdd3562934fca0,SP reward for iETH,11 October 2023,1924952,10-01-2024 21:45,12-10-2023 23:00
7697,442,5b06d393e8dfcfc2b19ca8ecc91c242dd437ed72d917391264183f36,SP reward for iETH,11 October 2023,220501,10-01-2024 21:45,12-10-2023 23:00
7698,442,cbf2fe83219efa63b2e1d6c43e53fefa9280e4e862b5cc88d5bdaf7d,SP reward for iETH,11 October 2023,129392,10-01-2024 21:45,12-10-2023 23:00
7699,442,2772388f1b0f2a02ac50c87a58f500ebda9b80a4fe8faa0237326e74,SP reward for iETH,11 October 2023,12767476,10-01-2024 21:45,12-10-2023 23:00
7700,442,a7793000be35ab0dd64570208d714684e292588d3067948d9cab4b62,SP reward for iETH,11 October 2023,1947594,10-01-2024 21:45,12-10-2023 23:00
7701,442,56a31a31d994dd695445965d7862c2025320c4d7a0202bb6e977e74b,SP reward for iETH,11 October 2023,838296,10-01-2024 21:45,12-10-2023 23:00
7702,442,cb07fef02adf81a4bb0ee3ec992f392a4ecd92774619a97be8f086b9,SP reward for iETH,11 October 2023,2132339,10-01-2024 21:45,12-10-2023 23:00
7703,442,8732d6ae48c07b2694e9918fcdfff84e0995b165d4615c32fc76a978,SP reward for iETH,11 October 2023,990582,10-01-2024 21:45,12-10-2023 23:00
7704,442,34b9eb31c69076b836788f32cc4f00a21725cbccace3077105c00801,SP reward for iETH,11 October 2023,84258,10-01-2024 21:45,12-10-2023 23:00
7705,442,8105d0f33d443db33095e1de7e3c084af5cefb8675af79f718bd3e36,SP reward for iETH,11 October 2023,98815,10-01-2024 21:45,12-10-2023 23:00
7706,442,569124adbb5d1457305f93056568f6e6744675288b6ede04630140e4,SP reward for iETH,11 October 2023,1000257,10-01-2024 21:45,12-10-2023 23:00
7707,442,c3945d89b9f99ee385a09971bc4d7bdeedf5e6f809f8f72816ddd692,SP reward for iETH,11 October 2023,197335,10-01-2024 21:45,12-10-2023 23:00
7708,442,5c388590260c27a11e1ee1c0e753ce29e204c58432e25fa2d66bb33a,SP reward for iETH,11 October 2023,224859,10-01-2024 21:45,12-10-2023 23:00
7709,442,f29f47b1b0418459d3089b645f7822ffde188e85a102de177d76cd77,SP reward for iETH,11 October 2023,87029,10-01-2024 21:45,12-10-2023 23:00
7710,442,284839fc9946e6331dada95c3f7c14e995b738b0e580d8079c50bac1,SP reward for iETH,11 October 2023,7081,10-01-2024 21:45,12-10-2023 23:00
7711,442,37dce7298152979f0d0ff71fb2d0c759b298ac6fa7bc56b928ffc1bc,SP reward for iETH,11 October 2023,54366602,10-01-2024 21:45,12-10-2023 23:00
7712,442,42c58ba9df280c4ae00cfa9fc794f2f00e7658f9f6d69abe0e8afe82,SP reward for iETH,11 October 2023,444777,10-01-2024 21:45,12-10-2023 23:00
7713,442,914956f9a626440cebae913d11e64945359d03d5066c30ddbf4e1408,SP reward for iETH,11 October 2023,490234,10-01-2024 21:45,12-10-2023 23:00
7714,442,2ea8cfe869a9f7f29b36dae2a1fcf19b9e4b47293961ec78dc5ebccf,SP reward for iETH,11 October 2023,1076825,10-01-2024 21:45,12-10-2023 23:00
7715,442,568b65fadfb32178198768d1bff91956f5dba957701ce300719237b4,SP reward for iETH,11 October 2023,706796,10-01-2024 21:45,12-10-2023 23:00
7716,442,0077f5569d8a6b58837844cae16b24e60b4718f5805e316dbf493897,SP reward for iETH,11 October 2023,1120467,10-01-2024 21:45,12-10-2023 23:00
7717,442,224881a0dbeda325ad728e2ff0abfe10aa335eb0dfa6258f6c163af1,SP reward for iETH,11 October 2023,977008,10-01-2024 21:45,12-10-2023 23:00
7718,442,5076acb2a03d9c30a10cb6a51faf9a1bd425efa5b701d0e483ff31d3,SP reward for iETH,11 October 2023,1062240,10-01-2024 21:45,12-10-2023 23:00
7719,442,d2a924b445aa266e71c0fc977e3b319ab88f904021b488f3b63f0055,SP reward for iETH,11 October 2023,1545985,10-01-2024 21:45,12-10-2023 23:00
7720,442,1ec35cc7e933953ef129dc5adf6c6773f0400d20a0c3966ffa19b253,SP reward for iETH,11 October 2023,590468,10-01-2024 21:45,12-10-2023 23:00
7721,442,3440301225c582d0a5a6a0a5beec84e9589d670ed742b1cf94d7200c,SP reward for iETH,11 October 2023,259439,10-01-2024 21:45,12-10-2023 23:00
7722,442,cb7cb7825c61148750bb1569f658df2f54872e4a21378797628893f9,SP reward for iETH,11 October 2023,3570587,10-01-2024 21:45,12-10-2023 23:00
7723,442,80df57ef64f6c84627cb8f0909b8613a3a85b59118092ec2565f754b,SP reward for iETH,11 October 2023,251337,10-01-2024 21:45,12-10-2023 23:00
7724,442,fc3f98ae5a3b654f6d89eebba84dede2c2ebe58d58ed3d59984dfef4,SP reward for iETH,11 October 2023,1,10-01-2024 21:45,12-10-2023 23:00
7725,442,4f8edf63fddd78518ee36c8b5d0366c3f57cca7707320c9b6d3b434b,SP reward for iETH,11 October 2023,353192,10-01-2024 21:45,12-10-2023 23:00
7726,442,b476886ebb904922102c2c8e89a984a7e37aac15d29adcd0120b1a09,SP reward for iETH,11 October 2023,4475344,10-01-2024 21:45,12-10-2023 23:00
7727,442,43d0a98cb18fe49f759a593585010bd4b4947c7e7b3493de6d96849f,SP reward for iETH,11 October 2023,2902989,10-01-2024 21:45,12-10-2023 23:00
7728,442,12a8bedd60b73e64175dd4019fc92d9652d748c6c9fd3329063c673a,SP reward for iETH,11 October 2023,5936162,10-01-2024 21:45,12-10-2023 23:00
7729,442,f9c3ea8ec044b27830d9806f8ce5a952fbb89debf69180307e723e57,SP reward for iETH,11 October 2023,352051,10-01-2024 21:45,12-10-2023 23:00
7730,442,0ad45bd4425847c0893b6a9135dc9086793f21620bf46205901be98a,SP reward for iETH,11 October 2023,85873,10-01-2024 21:45,12-10-2023 23:00
7731,442,0fcd5515a7c42ff375fbe24915bf94140f3ae6559957291e2fc8cb98,SP reward for iETH,11 October 2023,428662,10-01-2024 21:45,12-10-2023 23:00
7732,442,cbf9437b6fa4bfa4931ce623e6aff6689fa8ffc1ce3572e6f5ff613a,SP reward for iETH,11 October 2023,2462619,10-01-2024 21:45,12-10-2023 23:00
7733,442,a10a23ec8c8bc86c8b39bb8d034a7ea407acf952bab967bbd8797d7f,SP reward for iETH,11 October 2023,157772,10-01-2024 21:45,12-10-2023 23:00
7734,442,85e349e81e454ec1437215d6983a07e06b26df6b7906c0556b687b43,SP reward for iETH,11 October 2023,8057342,10-01-2024 21:45,12-10-2023 23:00
7735,442,a79e3310327ff57aec9921c729d9a81389fe10aaa398fda3e5ae0fb3,SP reward for iETH,11 October 2023,2349548,10-01-2024 21:45,12-10-2023 23:00
7736,442,d00c92d92560223d54d47e2332b1937f37e48f8faf44d2735e119b40,SP reward for iETH,11 October 2023,77364,10-01-2024 21:45,12-10-2023 23:00
7737,442,a599571d436d6d4796f955247b1e358fa4275e063273d81dc5845a47,SP reward for iETH,11 October 2023,302288,10-01-2024 21:45,12-10-2023 23:00
7738,442,c6d45c71d2db10ad40fe49e492ce13dbf368ee6e721bc09c91ae89f5,SP reward for iETH,11 October 2023,5663838,10-01-2024 21:45,12-10-2023 23:00
7739,442,35b5d87660008e921bf997918dca5a84f808badf0fdc910fb5cc1d06,SP reward for iETH,11 October 2023,264913,10-01-2024 21:45,12-10-2023 23:00
7740,442,072569588caa5cdfcfc07a1bc6e8731d835f6a6f5c077d1d6dee0756,SP reward for iETH,11 October 2023,45832,10-01-2024 21:45,12-10-2023 23:00
7741,442,e0ea68c3e09114bb8b746e67a3e44b5e4c0cdce33c07391dc1f61be2,SP reward for iETH,11 October 2023,1797182,10-01-2024 21:45,12-10-2023 23:00
7742,442,9b7a2c9c23228fbb138fcaf45db9deb395114a33c8fa11a758eeac0c,SP reward for iETH,11 October 2023,77754,10-01-2024 21:45,12-10-2023 23:00
7743,442,a90c9789e1cc4e2b2b3f0623af62cf6c143918214776980f29b12d12,SP reward for iETH,11 October 2023,891603,10-01-2024 21:45,12-10-2023 23:00
7744,442,34589e061b2fcffb9f07e7109d77a14c7c7f55f15f5a52d5ebe6c94e,SP reward for iETH,11 October 2023,11514,10-01-2024 21:45,12-10-2023 23:00
7745,442,d5ffa4e09c6eaa4c882e10d3cc94b6c604e5982bf3715d40d4ec5351,SP reward for iETH,11 October 2023,367574,10-01-2024 21:45,12-10-2023 23:00
7746,442,69af353f2cb9ab695b429cff0e80203bc8e9e47548f28176e9bf99a0,SP reward for iETH,11 October 2023,247088,10-01-2024 21:45,12-10-2023 23:00
7747,442,eb399c4149c7004a187d460e10d8e524215b9b39e600560ce8f42806,SP reward for iETH,11 October 2023,1372487,10-01-2024 21:45,12-10-2023 23:00
7748,442,548fece8d2f6e55efda4a70452343bc1f92cac3c1cf8ef250535c048,SP reward for iETH,11 October 2023,1571174,10-01-2024 21:45,12-10-2023 23:00
7749,442,d28984c713366768ef92d78cdf6375539bc637d329226151e915c315,SP reward for iETH,11 October 2023,2329980,10-01-2024 21:45,12-10-2023 23:00
7750,442,3307f4774118bdc69163b2f8f2065892aa4484df07772bc4fe5fd052,SP reward for iETH,11 October 2023,568984,10-01-2024 21:45,12-10-2023 23:00
7751,442,b6756686f4eb2913773cd154afd06f721a1eeeb6dd84d37b099acb14,SP reward for iETH,11 October 2023,1037859,10-01-2024 21:45,12-10-2023 23:00
7752,442,1b0cbfa819f5a7b1eb06097e9b374f4c240f1a764b9a0a58973fdaa1,SP reward for iETH,11 October 2023,2097361,10-01-2024 21:45,12-10-2023 23:00
7753,442,c590affd526db47b19bcb411793bba5d639c1f5885fafc47838cd22e,SP reward for iETH,11 October 2023,1342183,10-01-2024 21:45,12-10-2023 23:00
7754,442,73761bdecaf3b16b1ac8cfbc32a46cfb73f3086cd854b57855bcf16e,SP reward for iETH,11 October 2023,200479,10-01-2024 21:45,12-10-2023 23:00
7755,442,fa54bc15eb2f3a2b38c0132795dab8639855d59ff6437fc0ee24a331,SP reward for iETH,11 October 2023,1592399,10-01-2024 21:45,12-10-2023 23:00
7756,442,68b290e8c37102ca4abfb9f2f7875308f678c9c39d20a7e9bdbeb719,SP reward for iETH,11 October 2023,939474,10-01-2024 21:45,12-10-2023 23:00
7757,442,07c59e348504d75a47aa875c80c5f7c537f4153637fb942f8f21f7e4,SP reward for iETH,11 October 2023,68690,10-01-2024 21:45,12-10-2023 23:00
7758,442,1d6b21b388975d2273d12b214d15d38aefe4aa45af8ed903e4d386aa,SP reward for iETH,11 October 2023,8610,10-01-2024 21:45,12-10-2023 23:00
7759,442,c207ec74fa19825b5803267491fce22d2cc7b4d7269df74d22f7c4b4,SP reward for iETH,11 October 2023,1974165,10-01-2024 21:45,12-10-2023 23:00
7760,442,69a97eb8edd3bd6c373b00d162d4463c2b6834e4d66d0e6f29f797e3,SP reward for iETH,11 October 2023,23674516,10-01-2024 21:45,12-10-2023 23:00
7761,442,ca0f77040a2b74ee79cb3a2c8046083e364c853648d64885a75ae35e,SP reward for iETH,11 October 2023,1558991,10-01-2024 21:45,12-10-2023 23:00
7762,442,17abbdbbee649dac78243c157c3238f34b9368e0e7d2c0232951484c,SP reward for iETH,11 October 2023,165458,10-01-2024 21:45,12-10-2023 23:00
7763,442,8d0f5398476da86053901f440d112916efc41a0e88481086fe064cf6,SP reward for iETH,11 October 2023,379707,10-01-2024 21:45,12-10-2023 23:00
7764,442,d1660b25e17cb23c44f9161fd71df2a4e847f5b1e0b23a4bae71423a,SP reward for iETH,11 October 2023,95318317,10-01-2024 21:45,12-10-2023 23:00
7765,442,fc1c84e08e8e47cda82dfe5d2778002da43570516efe2517c7878226,SP reward for iETH,11 October 2023,370,10-01-2024 21:45,12-10-2023 23:00
7766,442,e0a5fe8d81c61f33e7b47c1a5b07c02ca836cd80b91e2ce18e088db3,SP reward for iETH,11 October 2023,116228,10-01-2024 21:45,12-10-2023 23:00
7767,442,bdabcdc638396b13e6a2f2fcee884fac8903ad668c7155fad848616a,SP reward for iETH,11 October 2023,156868,10-01-2024 21:45,12-10-2023 23:00
7768,442,cacee11ae9fc0ffb6219d179e22b1cddefd988ebcfb1ec7fca4ad52d,SP reward for iETH,11 October 2023,112291997,10-01-2024 21:45,12-10-2023 23:00
7769,442,25f2b6e8273673fa147f150644a62517d248bba31bbb8c35963fcb94,SP reward for iETH,11 October 2023,528719,10-01-2024 21:45,12-10-2023 23:00
7770,442,b343c02a76bd4f94ecbd4e8260a37ea68d5543d01e9f21e162c9cd1a,SP reward for iETH,11 October 2023,1052725,10-01-2024 21:45,12-10-2023 23:00
7771,442,e174ca1bc8de7a28fcd3d2fbb172d223fbd8b83c1dc51cd37c790420,SP reward for iETH,11 October 2023,2195473,10-01-2024 21:45,12-10-2023 23:00
7772,442,7b313b41860de9075ae0eb22e9211a5822c0f23119037e21b769e96a,SP reward for iETH,11 October 2023,14259226,10-01-2024 21:45,12-10-2023 23:00
7773,442,27e19a4d47b49657009c6265473dd7191ec0908bdcffdc0fe37ee348,SP reward for iETH,11 October 2023,2442417,10-01-2024 21:45,12-10-2023 23:00
7774,442,811bdd761ef03a0aff09b20d4f6ffb6cb5bbc2c726d7d3fa38a537fc,SP reward for iETH,11 October 2023,12323820,10-01-2024 21:45,12-10-2023 23:00
7775,442,ccb220201f3cb6b293ae4aa8f4c4280591f300897fa0354851c616f7,SP reward for iETH,11 October 2023,124074,10-01-2024 21:45,12-10-2023 23:00
7776,442,5c1a02a27266c981c3c4a9f5301c0e540b93da75bba83693aa1284a2,SP reward for iETH,11 October 2023,151907,10-01-2024 21:45,12-10-2023 23:00
7777,442,277fd1b973fb696cd511a2382770f137bedb994b2395d476db829938,SP reward for iETH,11 October 2023,45093647,10-01-2024 21:45,12-10-2023 23:00
7778,442,13dd85c67472864399334d40bd57d4bbfcdd5ea0436ed478f6c2409c,SP reward for iETH,11 October 2023,15747504,10-01-2024 21:45,12-10-2023 23:00
7779,442,4a56c29fe51cedb6d52c5fb17efea3451759a14b6931ec212aeea070,SP reward for iETH,11 October 2023,462734,10-01-2024 21:45,12-10-2023 23:00
7780,442,c480783df5b96cc1a051c2bbe8c96d842a2743c747f303c656613e19,SP reward for iETH,11 October 2023,223748,10-01-2024 21:45,12-10-2023 23:00
7781,442,fa9c7e0beaad372083bafd39c7cef554824a1e9eb21556676864ab7e,SP reward for iETH,11 October 2023,23289978,10-01-2024 21:45,12-10-2023 23:00
7782,442,98e854a41cab6d1ea5e38ff1517f5a1b4a1e8e087fc85195ad42f28c,SP reward for iETH,11 October 2023,302392,10-01-2024 21:45,12-10-2023 23:00
7783,442,63aade055d90301cd816870ee5a3c9fc67d769274b8633e7a7893f05,SP reward for iETH,11 October 2023,2371832,10-01-2024 21:45,12-10-2023 23:00
7784,442,7263b9dd48afbcdd9151c3044a290690040aec1508704bc04fee78ec,SP reward for iETH,11 October 2023,892236,10-01-2024 21:45,12-10-2023 23:00
7785,442,01da9d4fea55755b1bd3017417aeae4b69e15fda2bbdb49d739351ff,SP reward for iETH,11 October 2023,180015,10-01-2024 21:45,12-10-2023 23:00
7786,442,d7093cc9caa740381045e3c433dfc849c3403ecf066fac9233e14246,SP reward for iETH,11 October 2023,824659,10-01-2024 21:45,12-10-2023 23:00
7787,442,7ff55caba5c965a9bacc6c9de36250dfdcc794f7cb5480c73af2155b,SP reward for iETH,11 October 2023,4370070,10-01-2024 21:45,12-10-2023 23:00
7788,442,abd768ffa460e4578bd7a72296552532e2e463ac8727396b752aeef9,SP reward for iETH,11 October 2023,137092,10-01-2024 21:45,12-10-2023 23:00
7789,442,0bb67baf3148157625daeb00d942466bc473a3ff85dd49afa7658f89,SP reward for iETH,11 October 2023,7187418,10-01-2024 21:45,12-10-2023 23:00
7790,442,b0a222c6bfdd962ede1dda2efc895e8d4e79dd5e493694ac784bc7c9,SP reward for iETH,11 October 2023,25786021,10-01-2024 21:45,12-10-2023 23:00
7791,442,dcc2117fe7b56fbf5a0c7ae4bd3e33a3a4ed07cd25e02c4c6e34d510,SP reward for iETH,11 October 2023,690768,10-01-2024 21:45,12-10-2023 23:00
7792,442,239f2ce7543af3b3c9119a00f53a64ad8e1e4b19d90fd1dfaecd7427,SP reward for iETH,11 October 2023,10065011,10-01-2024 21:45,12-10-2023 23:00
7793,442,8d999dd787f9871ef69430cfd7473d3d786fe6e060985c65265997d9,SP reward for iETH,11 October 2023,6963,10-01-2024 21:45,12-10-2023 23:00
7794,442,9eacf5e8b3c6bf9b1abf34590fd8c9b02e34c0bcd682a1e895ede3fe,SP reward for iETH,11 October 2023,6962943,10-01-2024 21:45,12-10-2023 23:00
7795,442,1c01312dd39930a1fd168b6bb8e18b2a71ddbe264e9b125b69450236,SP reward for iETH,11 October 2023,403109,10-01-2024 21:45,12-10-2023 23:00
7796,442,ebb3c77c9d613815a380172a1ccc3f14b656b3a637c068209100501e,SP reward for iETH,11 October 2023,1162070,10-01-2024 21:45,12-10-2023 23:00
7797,442,fcc20a843a102f03b5a67e2d9567fc74c70c2c2c294b85fa83086611,SP reward for iETH,11 October 2023,54995229,10-01-2024 21:45,12-10-2023 23:00
7798,442,495d43a4ab309f1fa086cf3904d3772c79777333c79d8470e5a3bb59,SP reward for iETH,11 October 2023,718463,10-01-2024 21:45,12-10-2023 23:00
7799,442,0e0e12df3f3f5a2cd59f3d2b767cbe947e7e4892e027033457eeaa75,SP reward for iETH,11 October 2023,1469856,10-01-2024 21:45,12-10-2023 23:00
7800,442,9119d1928ddf92d6dc740edccad925e6ec9a7bacafb0a4d1963064a2,SP reward for iETH,11 October 2023,280190,10-01-2024 21:45,12-10-2023 23:00
7801,442,9aec16c760df1aafd6cd7469b76de43e665f9cfa99263e756084ae89,SP reward for iETH,11 October 2023,2115472,10-01-2024 21:45,12-10-2023 23:00
7802,442,a39926586271cd40910a9efa7a9bb2d6a53d7852b444ec240a99f0f9,SP reward for iETH,11 October 2023,217276,10-01-2024 21:45,12-10-2023 23:00
7803,442,e369f9a894744f3c1bf4e714426f0e9753cdcab22a9cf0ab620bd642,SP reward for iETH,11 October 2023,21832751,10-01-2024 21:45,12-10-2023 23:00
7804,442,3657a92f82da5d852f3757b0d144117b3fce7353181e8a8202843d54,SP reward for iETH,11 October 2023,17675397,10-01-2024 21:45,12-10-2023 23:00
7805,442,fa1723e381818dd3249476008192dd876d12607046f821ff55defe4a,SP reward for iETH,11 October 2023,612001,10-01-2024 21:45,12-10-2023 23:00
7806,442,9ef82b39ec0521ee2054f18b3811007af895c6a3248eb9bf458ebedd,SP reward for iETH,11 October 2023,694104,10-01-2024 21:45,12-10-2023 23:00
7807,442,ad7fe2d8b9b3cf82a37e9633c0e48784f788f352c5314d5a5e20bf08,SP reward for iETH,11 October 2023,3499677,10-01-2024 21:45,12-10-2023 23:00
7808,442,0caac09ff220e441884a7a73eef7a39f1372cf9bf052c92db4155457,SP reward for iETH,11 October 2023,4018292,10-01-2024 21:45,12-10-2023 23:00
7809,442,a249e0d4dab1b164dd033043cbabdf204b34f7ecbdb994bec90d7216,SP reward for iETH,11 October 2023,67130,10-01-2024 21:45,12-10-2023 23:00
7810,442,0b1db916e7560c61e187d688e00f936a0730a88d1049e89f4ece9e9a,SP reward for iETH,11 October 2023,7280046,10-01-2024 21:45,12-10-2023 23:00
7811,442,b47ead9c1c659d7d927c23212bd62d475f71d986236aafe16bde23ee,SP reward for iETH,11 October 2023,2548340,10-01-2024 21:45,12-10-2023 23:00
7812,442,ff935aa9517ed6dbb666d91a00c0172972ac4f6de32420c025a23e37,SP reward for iETH,11 October 2023,106531788,10-01-2024 21:45,12-10-2023 23:00
7813,442,b7f7ae08769181fd6287c83f74fe18cce31b5bad2e39eeb4ae982f68,SP reward for iETH,11 October 2023,2489620,10-01-2024 21:45,12-10-2023 23:00
7814,442,ccbe92300e5d955564cdf0cd2003c5cfd63e213d32b12d02ebd6b25e,SP reward for iETH,11 October 2023,1276399,10-01-2024 21:45,12-10-2023 23:00
7815,442,6ab1e8f492b0ade359dcc23754a37711b11e09f3c300db387a7df62a,SP reward for iETH,11 October 2023,431005,10-01-2024 21:45,12-10-2023 23:00
7816,442,19006487a208affb9e50bea4ec43f00e27b951edc7a440ecd4a88d21,SP reward for iETH,11 October 2023,515912,10-01-2024 21:45,12-10-2023 23:00
7817,442,f4a8ce4d0551a961e622053652a6a2b31450ba4bd57780b29e111908,SP reward for iETH,11 October 2023,7689426,10-01-2024 21:45,12-10-2023 23:00
7818,442,f00f927995925d46c18314ed041f55e32d1e9bc0da7b18b5f9d56602,SP reward for iETH,11 October 2023,7085452,10-01-2024 21:45,12-10-2023 23:00
7819,442,14f88693101a09292fbe4dd300718d6cba658cd09cbaa6958a855078,SP reward for iETH,11 October 2023,10027179,10-01-2024 21:45,12-10-2023 23:00
7820,442,c91490adde7feb9e01721f33e1ab60e2002bef0b62a0e83a759ff983,SP reward for iETH,11 October 2023,267478,10-01-2024 21:45,12-10-2023 23:00
7821,442,3a826ec6e4148fb1370003f967fd432adcb29aaeb72e5bc230d82105,SP reward for iETH,11 October 2023,5077760,10-01-2024 21:45,12-10-2023 23:00
7822,442,d63f60aa79a4c439dc9ecee11ebf08b791bbd30b0c82ff5d684d1e62,SP reward for iETH,11 October 2023,3188666,10-01-2024 21:45,12-10-2023 23:00
7823,442,4f9bae79147020cfc7a1879a0429879c46f9e8beec5768b3744a665c,SP reward for iETH,11 October 2023,4135670,10-01-2024 21:45,12-10-2023 23:00
7824,442,f4035fabf6ceffc8d7ba6defb2a76bf77e2fd6f447f37c9037340990,SP reward for iETH,11 October 2023,8812,10-01-2024 21:45,12-10-2023 23:00
7825,442,7715ea9b7284bacb2675cdc4a89dfeb34ce4245f956510eaa294e1d7,SP reward for iETH,11 October 2023,2872226,10-01-2024 21:45,12-10-2023 23:00
7826,442,bbc489f4c0a227930bdf92a3fd265427280735a5254c1de2120276f8,SP reward for iETH,11 October 2023,118560,10-01-2024 21:45,12-10-2023 23:00
7827,442,57ddeaa392fd68799959ed26225a53efdda10ad0b297ce71a8c6b8eb,SP reward for iETH,11 October 2023,5736792,10-01-2024 21:45,12-10-2023 23:00
7828,442,590d2732226bce1245e4da51d3c55e00f3e7ec6a16c5117904558405,SP reward for iETH,11 October 2023,608098,10-01-2024 21:45,12-10-2023 23:00
7829,442,3cd4e0a1ef398a95359b11785b477a8505b46c2444bb6acc08a2ecd4,SP reward for iETH,11 October 2023,7878116,10-01-2024 21:45,12-10-2023 23:00
7830,442,e105290df587390be33d256392f378bfd7709dca5c16de6ff1958de1,SP reward for iETH,11 October 2023,3104,10-01-2024 21:45,12-10-2023 23:00
7831,442,c637928cbdf87a8650a7a8401ad1a6b8757d91192677c615daf7deb9,SP reward for iETH,11 October 2023,6483031,10-01-2024 21:45,12-10-2023 23:00
7832,442,56270f8bf55701d31d45a3db4a13d99ef7848fc936616777f4257dcb,SP reward for iETH,11 October 2023,2066300,10-01-2024 21:45,12-10-2023 23:00
7833,442,811d81c21b08352b6d13adc8815022f120336e4eadd03f4ee1a1b0fa,SP reward for iETH,11 October 2023,627615,10-01-2024 21:45,12-10-2023 23:00
7834,442,cf5450200267464f17eca7d4a23ee0c892f8bb6f0d464b8b5eba0c73,SP reward for iETH,11 October 2023,5618082,10-01-2024 21:45,12-10-2023 23:00
7835,442,bb065d2662a76b6a4be9b01e41d5c3f50462c1dda589da692b9754da,SP reward for iETH,11 October 2023,6192018,10-01-2024 21:45,12-10-2023 23:00
7836,442,09e63926e1dd953e2f6110242c704ce63328e1f2d5ce2142bb66daf2,SP reward for iETH,11 October 2023,751866,10-01-2024 21:45,12-10-2023 23:00
7837,442,092e26fa08057d6cbfc986b6638b347cf850a74b846f6a36e5fd8dfa,SP reward for iETH,11 October 2023,566588,10-01-2024 21:45,12-10-2023 23:00
7838,442,9d77c4650d9fc15ff9d7591ec7324e12e84a7b588a88586e55113d83,SP reward for iETH,11 October 2023,2613940,10-01-2024 21:45,12-10-2023 23:00
7839,442,690b0a92962d8e5940212f11e4e414db2a6a773f06923adaa063bf7a,SP reward for iETH,11 October 2023,36702438,10-01-2024 21:45,12-10-2023 23:00
7840,442,94dd9ef56f37110e5c80250cdd47301e9592be3378200b75222a9708,SP reward for iETH,11 October 2023,18779,10-01-2024 21:45,12-10-2023 23:00
7841,442,43554050d4b81197d15d448aa81b825612a4fef4cba3b48ba25be4e4,SP reward for iETH,11 October 2023,7138,10-01-2024 21:45,12-10-2023 23:00
7842,442,a485b6436c9f49a331655fa1574405c3e9bb1ead65e84b91f28fe826,SP reward for iETH,11 October 2023,22984263,10-01-2024 21:45,12-10-2023 23:00
7843,442,78b355ef81f783f5efe26565142565159adb6d0fe2ff17631c37540c,SP reward for iETH,11 October 2023,174898,10-01-2024 21:45,12-10-2023 23:00
7844,442,9f07862e827e4e5fd19bfbadbce523327f39dbe6dc8d7f9885cc78d1,SP reward for iETH,11 October 2023,142757,10-01-2024 21:45,12-10-2023 23:00
7845,442,f22884c68cb845cbba534a40bc7c2d3cd362c70741bc3632c0bbf772,SP reward for iETH,11 October 2023,29503152,10-01-2024 21:45,12-10-2023 23:00
7846,442,bf909d05ff1a6d1c02af70932384a6e3d457d460b2fb54c93aa2e021,SP reward for iETH,11 October 2023,243845,10-01-2024 21:45,12-10-2023 23:00
7847,442,1344c6719d8058b88f756f2ee293581dab8214b388113a46e95cb2e8,SP reward for iETH,11 October 2023,10707,10-01-2024 21:45,12-10-2023 23:00
7848,442,6c543f866d7e82c724ab7bf7b8ca2568f3a72061fef7a192e8f34616,SP reward for iETH,11 October 2023,57809953,10-01-2024 21:45,12-10-2023 23:00
7849,442,3350a1cb0110a5855f289a0738fdbe0c00c07cf748fd5f5cdf1aa63b,SP reward for iETH,11 October 2023,224907,10-01-2024 21:45,12-10-2023 23:00
7850,442,00666e59e9ceb98f3b3b0f97037acaf2d5e5543044d7d10a93fae574,SP reward for iETH,11 October 2023,2653476,10-01-2024 21:45,12-10-2023 23:00
7851,442,12c646d4c6d7a35c14788d15f0f6142f6148975d8932592fbd625f67,SP reward for iETH,11 October 2023,25627547,10-01-2024 21:45,12-10-2023 23:00
7852,442,fa7a8fdcdf6d6515bddfec9cd7731c20ba94fa51352be03e4c06bda1,SP reward for iETH,11 October 2023,4339717,10-01-2024 21:45,12-10-2023 23:00
7853,442,a33c563393379855e9b6f66e6830ceac659fac8982b06d4128b21722,SP reward for iETH,11 October 2023,5687,10-01-2024 21:45,12-10-2023 23:00
7854,442,9cc6a5c39d7b0a317daf1c2ac03e490912585b884ac4d922a146117b,SP reward for iETH,11 October 2023,8031299,10-01-2024 21:45,12-10-2023 23:00
7855,442,ad122b9fa3ab86495712afd2a6f655430427c2cf21a54fd0c8fe8e63,SP reward for iUSD,11 October 2023,53719,10-01-2024 21:45,12-10-2023 23:00
7856,442,8dc46b205f4e3147a3bb91d9d76b188da58b1da3f1bbe5ce85093ba6,SP reward for iUSD,11 October 2023,4361,10-01-2024 21:45,12-10-2023 23:00
7857,442,529828b5fb8e3347ffc11e615fead9d06250f5457c828595bba6d3ba,SP reward for iUSD,11 October 2023,195239,10-01-2024 21:45,12-10-2023 23:00
7858,442,f0cde7772008d840812c16a10b033c4b64949c7026e1cd26384b812e,SP reward for iUSD,11 October 2023,3073,10-01-2024 21:45,12-10-2023 23:00
7859,442,e2a0f1cae6e8f02aa0fdc9622f8351573919d111cea3bc1eceb898b5,SP reward for iUSD,11 October 2023,23974,10-01-2024 21:45,12-10-2023 23:00
7860,442,7445ca9f38f1c88e0f7f1ec5ba3f11352a03ebdc93814ae8cc3c4365,SP reward for iUSD,11 October 2023,636,10-01-2024 21:45,12-10-2023 23:00
7861,442,56f657fe0244e7e283418ef04510779eab7f5f4791cfda7ef19b020f,SP reward for iUSD,11 October 2023,8512,10-01-2024 21:45,12-10-2023 23:00
7862,442,8bedd3fd1561aa61bc84af3b1354a73ccd0d25e56ca6ad10d46184c5,SP reward for iUSD,11 October 2023,2571,10-01-2024 21:45,12-10-2023 23:00
7863,442,f08a2242c6a6353ea38c9316dc478cad0d5e53eef6c1833e763eb33d,SP reward for iUSD,11 October 2023,1608,10-01-2024 21:45,12-10-2023 23:00
7864,442,815ea6793d319a3090588b6c39c6a080bcc3483d6e73761bb4473a85,SP reward for iUSD,11 October 2023,5708,10-01-2024 21:45,12-10-2023 23:00
7865,442,0944891a137e8df0f9e8d6bf87f7c77b6b2630c69af3e5281612f484,SP reward for iUSD,11 October 2023,6175,10-01-2024 21:45,12-10-2023 23:00
7866,442,b7e3d8ea466740d71d745657f3078a52f9603a22401ffe10d5f84704,SP reward for iUSD,11 October 2023,810,10-01-2024 21:45,12-10-2023 23:00
7867,442,ef1af1a8910ea15c905f4244cbf01932b9cd343cee3f538be0965412,SP reward for iUSD,11 October 2023,2699,10-01-2024 21:45,12-10-2023 23:00
7868,442,6873f354a534d12ba78b5393b34ff62a34e055198eb763a142dc6d06,SP reward for iUSD,11 October 2023,24046,10-01-2024 21:45,12-10-2023 23:00
7869,442,d906bff43d0cf1f953664eb6ce9d568afb32f84dd5a04d368a052957,SP reward for iUSD,11 October 2023,56242,10-01-2024 21:45,12-10-2023 23:00
7870,442,b5373262fed909ee4b36ac1cb3a3fd9112a45078a09c2bc5d7fff5df,SP reward for iUSD,11 October 2023,3380,10-01-2024 21:45,12-10-2023 23:00
7871,442,88e170617a780709bbdda9f213666a62d7a9b2cba72c82fbce60d039,SP reward for iUSD,11 October 2023,92,10-01-2024 21:45,12-10-2023 23:00
7872,442,dd4ec1a00770d0659820e0083be64e233a9da64af048ed52e2c9bf00,SP reward for iUSD,11 October 2023,1192,10-01-2024 21:45,12-10-2023 23:00
7873,442,2c19a094c5f1193406dbc39958bb9c8ab662b8fd06587e47060c2718,SP reward for iUSD,11 October 2023,297402,10-01-2024 21:45,12-10-2023 23:00
7874,442,67b9e1699f39f1483dbe59aaca3fe0689992c2c0c996d6394e4f7569,SP reward for iUSD,11 October 2023,4094,10-01-2024 21:45,12-10-2023 23:00
7875,442,663197d6c6deb7037a232cb477b7cc4b559e93b8aa392f136e2d1e32,SP reward for iUSD,11 October 2023,25585,10-01-2024 21:45,12-10-2023 23:00
7876,442,b5fc9bc8eb047299ba87a5b613947f9c9abaec6ba994d7a835a2479e,SP reward for iUSD,11 October 2023,3396,10-01-2024 21:45,12-10-2023 23:00
7877,442,65d6303282486d29912b02c301c44d66d1c1ad41c3aa32afde902098,SP reward for iUSD,11 October 2023,141407,10-01-2024 21:45,12-10-2023 23:00
7878,442,24d1ce22399ea1ad15281271e90aa1ff32729eda148ccb70b5ae29de,SP reward for iUSD,11 October 2023,3788,10-01-2024 21:45,12-10-2023 23:00
7879,442,9db8dbdfc35cd01248d7ef8b323d76a072cc6ccec45aca38ddd3f99c,SP reward for iUSD,11 October 2023,167426,10-01-2024 21:45,12-10-2023 23:00
7880,442,7027a58b0e7ba0c62c9c728ed6c39aaeea2a5a6eb7655dae15408d74,SP reward for iUSD,11 October 2023,276,10-01-2024 21:45,12-10-2023 23:00
7881,442,c6cd7420bd85c47570966504ccdc3847422b7fa54b2b2e9da06d49c9,SP reward for iUSD,11 October 2023,10724,10-01-2024 21:45,12-10-2023 23:00
7882,442,37ed0edbae22b1cd07e47eade303eb9911b4ce9c80ca0f96906b277d,SP reward for iUSD,11 October 2023,13675,10-01-2024 21:45,12-10-2023 23:00
7883,442,3fbed1f70aaad0f5450f532262388c6ebbdd08685a91a2f4e2b5aa56,SP reward for iUSD,11 October 2023,494649,10-01-2024 21:45,12-10-2023 23:00
7884,442,3f8f2cdd4da6db7af455c401c0e2108d6e2147856f31f815c0036689,SP reward for iUSD,11 October 2023,548002,10-01-2024 21:45,12-10-2023 23:00
7885,442,84ecc5f7b81ce47c366701b164b6ecb5feff0bdcf2672755a2d2917c,SP reward for iUSD,11 October 2023,21192,10-01-2024 21:45,12-10-2023 23:00
7886,442,33077859854a4c4a6ee59151162d9ad87f180123bf154fd9e8518156,SP reward for iUSD,11 October 2023,9701,10-01-2024 21:45,12-10-2023 23:00
7887,442,82356f5dd9c1d197555f8efeece254a8db19ef9857f7f1fe0d168fc3,SP reward for iUSD,11 October 2023,34922,10-01-2024 21:45,12-10-2023 23:00
7888,442,193cbbdd794fd3f6c3cb96d10463421f633f66509cfc2c50b449dfbc,SP reward for iUSD,11 October 2023,7125,10-01-2024 21:45,12-10-2023 23:00
7889,442,aed65613b6eaa83bacd22c00f0be750f1eb6b3dda9e5639434b8ebfa,SP reward for iUSD,11 October 2023,603,10-01-2024 21:45,12-10-2023 23:00
7890,442,57bd6627620ca97848d563e991aa18abf036fe7cdf1e8dac55e39558,SP reward for iUSD,11 October 2023,2417,10-01-2024 21:45,12-10-2023 23:00
7891,442,114ed1fa4be6d0fc67ac7eb0e7c59955986dc2a646f2dbdb03f98d7b,SP reward for iUSD,11 October 2023,33037,10-01-2024 21:45,12-10-2023 23:00
7892,442,577cd4ebc8dd617a8bd294f1b4bd853e1c2c82a10616ef099601b26d,SP reward for iUSD,11 October 2023,188,10-01-2024 21:45,12-10-2023 23:00
7893,442,f6bec0f37a857e1281e70c22d6f5c1b45f94b6ba6d9bc0e97dd614db,SP reward for iUSD,11 October 2023,532453,10-01-2024 21:45,12-10-2023 23:00
7894,442,9d7c80e92b2d81a528c6f4ce7fb1abcd5efb56c5b3123a27209be50f,SP reward for iUSD,11 October 2023,4225,10-01-2024 21:45,12-10-2023 23:00
7895,442,53ad03696a854631cba8cdf7d2628fe142aae67a9e9ce8a19b81e4fa,SP reward for iUSD,11 October 2023,8074,10-01-2024 21:45,12-10-2023 23:00
7896,442,8ce5d17ed848dc9ee4fbc3bb79271e1efbfaf43d9ead7df700faa0ed,SP reward for iUSD,11 October 2023,5604,10-01-2024 21:45,12-10-2023 23:00
7897,442,5f02661fe9260d523acf4075e2361c9ccd10d6f9b10c5d2837151284,SP reward for iUSD,11 October 2023,3306,10-01-2024 21:45,12-10-2023 23:00
7898,442,5aa3cc24dcf73c5402762bc5aa229f63f6bdb0ddbcdeb4a6f3acb59c,SP reward for iUSD,11 October 2023,2018,10-01-2024 21:45,12-10-2023 23:00
7899,442,64ef8751f97cc1ef51b020ca8f648808e77698aba365802d49840f2f,SP reward for iUSD,11 October 2023,2046,10-01-2024 21:45,12-10-2023 23:00
7900,442,239f2ce7543af3b3c9119a00f53a64ad8e1e4b19d90fd1dfaecd7427,SP reward for iUSD,11 October 2023,0,10-01-2024 21:45,12-10-2023 23:00
7901,442,6747fe860de920bf606e1d93b3bc44d208304c44415a30e4095b7d15,SP reward for iUSD,11 October 2023,5,10-01-2024 21:45,12-10-2023 23:00
7902,442,d5faac42498239db89b4f4b5342a64c36d47ed6300a0b0c03ee460a5,SP reward for iUSD,11 October 2023,331,10-01-2024 21:45,12-10-2023 23:00
7903,442,642050a5c5961494b8342be7339a9021eec09b44b199648ab6f2be18,SP reward for iUSD,11 October 2023,439,10-01-2024 21:45,12-10-2023 23:00
7904,442,58565b9a0b90f766dad48a3cb365453b452565ecb6773a55a5517b48,SP reward for iUSD,11 October 2023,1641867,10-01-2024 21:45,12-10-2023 23:00
7905,442,f946a9da7bc2551c51e8bf0d38a5f7978c825edbd438c8f89a904859,SP reward for iUSD,11 October 2023,1684,10-01-2024 21:45,12-10-2023 23:00
7906,442,91aa6ddecfac713f774fe7635bc6804e96e008cd220186a1382b7f1f,SP reward for iUSD,11 October 2023,1865,10-01-2024 21:45,12-10-2023 23:00
7907,442,37ca722e2027c5cf406b6ab9bfe3a6a3a6121ad56ac88e6039789e3d,SP reward for iUSD,11 October 2023,16566,10-01-2024 21:45,12-10-2023 23:00
7908,442,4bdcb3d0328b899e150cbe4efeedafcb2d46cd97f56d1d1a97b8f99d,SP reward for iUSD,11 October 2023,90091,10-01-2024 21:45,12-10-2023 23:00
7909,442,53313be7f4738a1ad1554126858d052f318ccbf66d88b5016e9155d5,SP reward for iUSD,11 October 2023,59,10-01-2024 21:45,12-10-2023 23:00
7910,442,74d50c0b2a239a06b6ac587434530db68e66bf0fd59e1c103629c8b7,SP reward for iUSD,11 October 2023,119184,10-01-2024 21:45,12-10-2023 23:00
7911,442,a8a8d6cf9f5babf18575b08d03ddcd6a055a0a1dab04bb2213fd69a9,SP reward for iUSD,11 October 2023,9544,10-01-2024 21:45,12-10-2023 23:00
7912,442,f2c550cc77d4c4360fc6b780b2b794ee7b55007d8a441bea3938abb3,SP reward for iUSD,11 October 2023,7814,10-01-2024 21:45,12-10-2023 23:00
7913,442,f3a01380eefce347d7713b4c5d50e311521511808e535fae44fb59f2,SP reward for iUSD,11 October 2023,4215,10-01-2024 21:45,12-10-2023 23:00
7914,442,9b113025f2c6f81786d0214a1970cad776b3db8072262d939286d1fc,SP reward for iUSD,11 October 2023,863,10-01-2024 21:45,12-10-2023 23:00
7915,442,160fbbec0ed081424274993969fd198d802e3b8495837cc20ba07598,SP reward for iUSD,11 October 2023,6962,10-01-2024 21:45,12-10-2023 23:00
7916,442,9eeb45bc82ef7227205a3a13b4b89807a4528463752f76ea433c10e1,SP reward for iUSD,11 October 2023,4575,10-01-2024 21:45,12-10-2023 23:00
7917,442,28b66d8534f750f7e6ce51f398ee9f7436525bfa1b3cb1a7f36f38dc,SP reward for iUSD,11 October 2023,251379,10-01-2024 21:45,12-10-2023 23:00
7918,442,d6a625657c0efe8f8a026c58b4889627baaa18a5526fea421477989f,SP reward for iUSD,11 October 2023,115947,10-01-2024 21:45,12-10-2023 23:00
7919,442,bd35e698c1519cd374228d72345ac3a007aa585b19e1fa76ac768818,SP reward for iUSD,11 October 2023,1812,10-01-2024 21:45,12-10-2023 23:00
7920,442,3d1168af1573bf5b74d0cf10c8fa32a1b4173649f230e1c90960183d,SP reward for iUSD,11 October 2023,4944,10-01-2024 21:45,12-10-2023 23:00
7921,442,8c964a70518a80f577b48a7281cb1843ae4c0a40c8e4dd5af17bd06a,SP reward for iUSD,11 October 2023,14084,10-01-2024 21:45,12-10-2023 23:00
7922,442,5cdf84ad76fb735689a463f081ce64455d07208781b617297b622830,SP reward for iUSD,11 October 2023,34715,10-01-2024 21:45,12-10-2023 23:00
7923,442,6e40bd68f7505ec6b2943305dd1becd267f0bb79b5e46bce75718d41,SP reward for iUSD,11 October 2023,14539,10-01-2024 21:45,12-10-2023 23:00
7924,442,f9f1d44d00b15f63b1aac48dd4e3b4738bec1c79cef84b67ef5c69e4,SP reward for iUSD,11 October 2023,19417,10-01-2024 21:45,12-10-2023 23:00
7925,442,d71882533c70394cfade226a4b2338786ffcb27bb1a360148508c28d,SP reward for iUSD,11 October 2023,26616,10-01-2024 21:45,12-10-2023 23:00
7926,442,559d23a5db8f1b809ba9b48e7504582c96af34f68495f3ed51b2cce5,SP reward for iUSD,11 October 2023,112762,10-01-2024 21:45,12-10-2023 23:00
7927,442,d7346fcd395de69e62f4a2bafbc32af393ceecb3287b0ff4442ff36e,SP reward for iUSD,11 October 2023,2916,10-01-2024 21:45,12-10-2023 23:00
7928,442,4ff84f0ac0bd82a6b10a454e7526a531435890c6da1c01404940d7ee,SP reward for iUSD,11 October 2023,21273,10-01-2024 21:45,12-10-2023 23:00
7929,442,68508e515cb193333cce070a1c36b7ee417313b5648af8965d81bd20,SP reward for iUSD,11 October 2023,242,10-01-2024 21:45,12-10-2023 23:00
7930,442,3993f803206b3c6d823fd5286f5dc1d4c91135afbafd3e54f651a411,SP reward for iUSD,11 October 2023,1285191,10-01-2024 21:45,12-10-2023 23:00
7931,442,962451fcde3d1d3603722efc54a8f7d0d370798ed989947d4bb1b6c8,SP reward for iUSD,11 October 2023,33541,10-01-2024 21:45,12-10-2023 23:00
7932,442,72a59314981c54873af2418f0690f8e52ba89562fd4dfcb5fa7aa4bd,SP reward for iUSD,11 October 2023,179077,10-01-2024 21:45,12-10-2023 23:00
7933,442,4604467a331a2044f37e747d8d081b73538f8d1001a17b6bb55bb0a8,SP reward for iUSD,11 October 2023,49310,10-01-2024 21:45,12-10-2023 23:00
7934,442,3e5e3dc4c45ead7c7e88fcd186620ffe4b292bc02a54aebb5c753815,SP reward for iUSD,11 October 2023,33667,10-01-2024 21:45,12-10-2023 23:00
7935,442,68e1002e7fbfbfae546c4597ec5a986db289ef36a12d40b58a5260be,SP reward for iUSD,11 October 2023,16919,10-01-2024 21:45,12-10-2023 23:00
7936,442,5b1af46cec17d48b26b69b2e643ccd5bece471f4954aeb14bea90586,SP reward for iUSD,11 October 2023,22851,10-01-2024 21:45,12-10-2023 23:00
7937,442,6bfad24902340f4237017493bdf4490613343a1c2f02b7a5b4f4e337,SP reward for iUSD,11 October 2023,7761,10-01-2024 21:45,12-10-2023 23:00
7938,442,a3259647cb4c6a8efc1ba1b6077831fe603f4c1236bf1746e19c88e9,SP reward for iUSD,11 October 2023,163505,10-01-2024 21:45,12-10-2023 23:00
7939,442,76acdf55012635af253d2743b41d17dfa4459293ad2ba44104050c2b,SP reward for iUSD,11 October 2023,5034,10-01-2024 21:45,12-10-2023 23:00
7940,442,7968a748b588347106eebc57fb2cf6afc0bfebd72784ab489dbd0ad5,SP reward for iUSD,11 October 2023,765,10-01-2024 21:45,12-10-2023 23:00
7941,442,94be338db483fec65437c12b87e6a48e49a8b483445d52a9bd0c0c36,SP reward for iUSD,11 October 2023,33710,10-01-2024 21:45,12-10-2023 23:00
7942,442,332640ca63bf1c45ca8f5beafe24f3e68887f052b3a03914e2efd235,SP reward for iUSD,11 October 2023,8328,10-01-2024 21:45,12-10-2023 23:00
7943,442,d4274c2088411d1c7c9bf283cb734d0fb4577bc45278481cfe7505f1,SP reward for iUSD,11 October 2023,18543,10-01-2024 21:45,12-10-2023 23:00
7944,442,ea374c2d569d63853df7d92c816502210495360908aa4df12568e567,SP reward for iUSD,11 October 2023,3774,10-01-2024 21:45,12-10-2023 23:00
7945,442,df3ed3c34530edc62131484128ad73c4a256a8974d6a52ec845b64ed,SP reward for iUSD,11 October 2023,249877,10-01-2024 21:45,12-10-2023 23:00
7946,442,4e5426811df99e191ae0bc3eca64836e561a07d1623b16f94828240b,SP reward for iUSD,11 October 2023,5401,10-01-2024 21:45,12-10-2023 23:00
7947,442,8bb9f1df2cd1d6f7e3c5758eb144bf720666784db45e4fd8fa7ca440,SP reward for iUSD,11 October 2023,1384,10-01-2024 21:45,12-10-2023 23:00
7948,442,89d095d531c5d92be599e65bfe27c44652b2cf99b72a332427e9d8a2,SP reward for iUSD,11 October 2023,45276,10-01-2024 21:45,12-10-2023 23:00
7949,442,34d9199dd24497aeedaaa07324c61c74d192d13417e9c35147c4a56a,SP reward for iUSD,11 October 2023,3731,10-01-2024 21:45,12-10-2023 23:00
7950,442,278c8e15c48d22d81c86ef27d34212b6e3b8ccaab5414d4ee3633b7f,SP reward for iUSD,11 October 2023,3712,10-01-2024 21:45,12-10-2023 23:00
7951,442,cb7cb7825c61148750bb1569f658df2f54872e4a21378797628893f9,SP reward for iUSD,11 October 2023,247394,10-01-2024 21:45,12-10-2023 23:00
7952,442,fc933ffc8d260f40b24fd2dcf83aad2c426a0471e73c7dc87f58d8ad,SP reward for iUSD,11 October 2023,16872,10-01-2024 21:45,12-10-2023 23:00
7953,442,7de337d83081a32aebfcd1e0d193a2bc16a27bd6b79d4cae868e10ef,SP reward for iUSD,11 October 2023,337599,10-01-2024 21:45,12-10-2023 23:00
7954,442,3e10263d5b2ba0da4de992fabb8c5f84d8a1ab8714c671a6d5856b77,SP reward for iUSD,11 October 2023,1495,10-01-2024 21:45,12-10-2023 23:00
7955,442,65fc42e22008193de7a306e5fe9fd2f577c152405566e88cb9799936,SP reward for iUSD,11 October 2023,3970,10-01-2024 21:45,12-10-2023 23:00
7956,442,ef500acce9b7728948264268d5807c40106c9cfc347b884efff9db46,SP reward for iUSD,11 October 2023,138598,10-01-2024 21:45,12-10-2023 23:00
7957,442,2f37e1ed677e0433a6b91609ff613f842e0a1d4ee7d3c180806bff79,SP reward for iUSD,11 October 2023,4317,10-01-2024 21:45,12-10-2023 23:00
7958,442,73064ed9d446fe559dea6a5c0484f4c4876d91e1d7442109f6815770,SP reward for iUSD,11 October 2023,530,10-01-2024 21:45,12-10-2023 23:00
7959,442,e28aba5171ad00a856677709fe5fbfb3a6e298f99c156ac780559240,SP reward for iUSD,11 October 2023,85154,10-01-2024 21:45,12-10-2023 23:00
7960,442,2fbdf41fac86b8215049143086655832bbab1c197f3768f20cd72cc6,SP reward for iUSD,11 October 2023,23013,10-01-2024 21:45,12-10-2023 23:00
7961,442,ccc25cc3789dafa8d0fd76d139cf2380bd9f2f422559672e22ce5604,SP reward for iUSD,11 October 2023,8173,10-01-2024 21:45,12-10-2023 23:00
7962,442,8a4c3daa12883c0f1497bc247769e75a9780ccf05e91a12ff2817052,SP reward for iUSD,11 October 2023,8091,10-01-2024 21:45,12-10-2023 23:00
7963,442,00dbe9c7a086b01849f3b76fc376042ab007d22aeff9fe5ad2717840,SP reward for iUSD,11 October 2023,21671,10-01-2024 21:45,12-10-2023 23:00
7964,442,8d995bf956bbf2a69b6549ca3a6830e9292b0d2641e9fa520d0f294d,SP reward for iUSD,11 October 2023,76563,10-01-2024 21:45,12-10-2023 23:00
7965,442,1741556bb8f73f9ce821d81a273de59e3cbed3ce6ae3358763709f59,SP reward for iUSD,11 October 2023,338,10-01-2024 21:45,12-10-2023 23:00
7966,442,f9f2145a4745019f15d0b21fcdd6a58e7f2e4f7b94337fd9b5c5db63,SP reward for iUSD,11 October 2023,132,10-01-2024 21:45,12-10-2023 23:00
7967,442,324b6c26b4d9b073ddcfa472805dc34452bade6de21f4c03fb2b1818,SP reward for iUSD,11 October 2023,2201,10-01-2024 21:45,12-10-2023 23:00
7968,442,246e54e96104c23bcd7d8c64e2800100761178c08c831385742f1e23,SP reward for iUSD,11 October 2023,256,10-01-2024 21:45,12-10-2023 23:00
7969,442,286ad3b19328beb1a9794af815ad8c71651a0369cd8da4aa57104735,SP reward for iUSD,11 October 2023,3342,10-01-2024 21:45,12-10-2023 23:00
7970,442,5c09e2a58cc302fffed20347693d203662ff73a13dc71dac8d322f50,SP reward for iUSD,11 October 2023,247,10-01-2024 21:45,12-10-2023 23:00
7971,442,b2d0834973ca3f26aee1f012c1b4f03cc0dcd96a5e299c62beb86237,SP reward for iUSD,11 October 2023,93,10-01-2024 21:45,12-10-2023 23:00
7972,442,9df87edb89f15cfbbc1d2bc31d67a045860d2eed2e9b5c7f81317e41,SP reward for iUSD,11 October 2023,3175,10-01-2024 21:45,12-10-2023 23:00
7973,442,57d407e152f15436acb9ae40d001d051d7dfef85f575dd739a6c85c0,SP reward for iUSD,11 October 2023,35589,10-01-2024 21:45,12-10-2023 23:00
7974,442,7a8a0ae460d6803fe27a3ee1d3b10e1f1aab38dea89b608d94f3ff19,SP reward for iUSD,11 October 2023,30559,10-01-2024 21:45,12-10-2023 23:00
7975,442,b36db24351d85ac05fecee1e3e0afd76422db67b1a8cab61b2f57f81,SP reward for iUSD,11 October 2023,126957,10-01-2024 21:45,12-10-2023 23:00
7976,442,07870a95cc8ef51c6813a07f93b76c9e920640902bf176855333a03e,SP reward for iUSD,11 October 2023,194974,10-01-2024 21:45,12-10-2023 23:00
7977,442,24be347acbb7713ebcd0f5b2b131f5d6ec0b9d48f4f142a0da648760,SP reward for iUSD,11 October 2023,2528,10-01-2024 21:45,12-10-2023 23:00
7978,442,fe305441ef512260f2c6a5a88326bff15ea41fb8d5cdf036968988f4,SP reward for iUSD,11 October 2023,32153,10-01-2024 21:45,12-10-2023 23:00
7979,442,47195e22579086e671fd58e9458f9eebe2c2ee4b099138ac0d281714,SP reward for iUSD,11 October 2023,3112,10-01-2024 21:45,12-10-2023 23:00
7980,442,cef48e82717f374be93b1e5bccad65b68e9403e57dcec8f251b35455,SP reward for iUSD,11 October 2023,74573391,10-01-2024 21:45,12-10-2023 23:00
7981,442,a53ec2197f8871174d9b194e7492463e9d6e0cd9706f088a4b803738,SP reward for iUSD,11 October 2023,7027,10-01-2024 21:45,12-10-2023 23:00
7982,442,d59bd2a7dfdda65788e0e5b5028b8af63831b832390bba330a2eee82,SP reward for iUSD,11 October 2023,1261,10-01-2024 21:45,12-10-2023 23:00
7983,442,8c734ed7e636cb450286a7ad6965ac49313d9981213aa6ec3a8c2619,SP reward for iUSD,11 October 2023,126112,10-01-2024 21:45,12-10-2023 23:00
7984,442,8d40f3075338523fa3ab3455dcc2d07d7cbd48f02186b44270367f56,SP reward for iUSD,11 October 2023,5930,10-01-2024 21:45,12-10-2023 23:00
7985,442,8707ca72180e998be7256d3ca209f1018ee51fc9f9e1d55fd1d962ae,SP reward for iUSD,11 October 2023,1687,10-01-2024 21:45,12-10-2023 23:00
7986,442,5e7faea68262c87aec85b67c123673325a4193ab39de773499af83ba,SP reward for iUSD,11 October 2023,3133669,10-01-2024 21:45,12-10-2023 23:00
7987,442,63b3889ebf65aba913b3ca44031d7b2c59b04b0727c3f2e67d52d034,SP reward for iUSD,11 October 2023,2665,10-01-2024 21:45,12-10-2023 23:00
7988,442,64a10c64f24430b1dd073fdd02d0ba3f90aedfbb56a11ebc88f31d9a,SP reward for iUSD,11 October 2023,7698,10-01-2024 21:45,12-10-2023 23:00
7989,442,929695c172f6c2841df1482161ec1a2716ee2f166c27c86b20736e71,SP reward for iUSD,11 October 2023,6196,10-01-2024 21:45,12-10-2023 23:00
7990,442,e794c8df47584e1931c1fbbc03c4375a5d895d675c337668088fcc78,SP reward for iUSD,11 October 2023,61962,10-01-2024 21:45,12-10-2023 23:00
7991,442,15e9e17482c1661f3967fe537414073da9192c7001f7b1477cea24ed,SP reward for iUSD,11 October 2023,1253467,10-01-2024 21:45,12-10-2023 23:00
7992,442,3a5c536f4deb9d98ff6e72f3ee92266964b9312d00e6230e33c218b4,SP reward for iUSD,11 October 2023,36330,10-01-2024 21:45,12-10-2023 23:00
7993,442,5174ab849efa5337d220c79f849aa39ee378cd42b3ea9a2cc55ff905,SP reward for iUSD,11 October 2023,24892,10-01-2024 21:45,12-10-2023 23:00
7994,442,b4cae3fa064ca51caef29fabac5ad516abe965e7ff23fd150a8ac4c7,SP reward for iUSD,11 October 2023,18668,10-01-2024 21:45,12-10-2023 23:00
7995,442,028e1d95bb16f9205f5b7b2f597556c72dd9c67a53663b69a5bcfd5e,SP reward for iUSD,11 October 2023,69814,10-01-2024 21:45,12-10-2023 23:00
7996,442,139bb54cd4877496dd1e6ca754a513b7ef490beb8b9eac610304b27a,SP reward for iUSD,11 October 2023,377,10-01-2024 21:45,12-10-2023 23:00
7997,442,36e7a0d0cc0aa8097eee1cb2c052221d192467310c3fe0964b2f24df,SP reward for iUSD,11 October 2023,1654,10-01-2024 21:45,12-10-2023 23:00
7998,442,d5783eeb99454513796d07833a55b33d041157aa2557f641d50b7f13,SP reward for iUSD,11 October 2023,81,10-01-2024 21:45,12-10-2023 23:00
7999,442,50799f7dba5923c0dbfdba5aab54eb247df7039b260be7fb579b0aa0,SP reward for iUSD,11 October 2023,0,10-01-2024 21:45,12-10-2023 23:00
8000,442,19c1be2fd0ce6e32cde0185dd60a56edc288d8de6243c1ca4e569f51,SP reward for iUSD,11 October 2023,16,10-01-2024 21:45,12-10-2023 23:00
8001,442,a2b2868b4ed8cb7d64c181d43729fc2d1ee6349d19244491006b16d1,SP reward for iUSD,11 October 2023,4147,10-01-2024 21:45,12-10-2023 23:00
8002,442,0dbb67ed102393b0bf27cb9d1c2f8f83ad7a9f1689904879a5191c92,SP reward for iUSD,11 October 2023,305686,10-01-2024 21:45,12-10-2023 23:00
8003,442,bc6c5a27cb024bb39c7f0ef9881e65e226e1b89f6e481fc2665718d3,SP reward for iUSD,11 October 2023,250112,10-01-2024 21:45,12-10-2023 23:00
8004,442,fba0d2c2242bf4794c16df6438f63a677f173b53f5e57c3646431f3e,SP reward for iUSD,11 October 2023,307,10-01-2024 21:45,12-10-2023 23:00
8005,442,d9467aa8366e0043e34e255d5aed0241df4a8ea3d53498fb3c4e6be2,SP reward for iUSD,11 October 2023,9236,10-01-2024 21:45,12-10-2023 23:00
8006,442,206d7694ee3d2734f453414972c1758f1462fd8aa3366c7a3dc1f8b8,SP reward for iUSD,11 October 2023,16922,10-01-2024 21:45,12-10-2023 23:00
8007,442,3320216f1ae5b4d1bb1fe4912b28facd2e7cda8774f16d51f12b9824,SP reward for iUSD,11 October 2023,1693226,10-01-2024 21:45,12-10-2023 23:00
8008,442,243143a1edf725605b078e3660ccf3ef4811e54ce8d70b04ae15a4b0,SP reward for iUSD,11 October 2023,897,10-01-2024 21:45,12-10-2023 23:00
8009,442,e7dc57922d735adaed887f06044db8b95f9cb86031d73b266028572b,SP reward for iUSD,11 October 2023,278,10-01-2024 21:45,12-10-2023 23:00
8010,442,508757f097d3f23cb9e51cc9d35a550b2f2f9bedea6326229950647f,SP reward for iUSD,11 October 2023,1739,10-01-2024 21:45,12-10-2023 23:00
8011,442,e0a5fe8d81c61f33e7b47c1a5b07c02ca836cd80b91e2ce18e088db3,SP reward for iUSD,11 October 2023,163970,10-01-2024 21:45,12-10-2023 23:00
8012,442,67269b7b7c3eeba5e7fbc3101a98137e5a61b9b355bfa57ec2d3f60d,SP reward for iUSD,11 October 2023,1135531,10-01-2024 21:45,12-10-2023 23:00
8013,442,2d7f83bee28f29bf82eb41de3d59674e71af6a2faf3cce9eb95d6026,SP reward for iUSD,11 October 2023,28709,10-01-2024 21:45,12-10-2023 23:00
8014,442,45205288ff65fd218fb46790846d21c21e6c17a2935357aab294786e,SP reward for iUSD,11 October 2023,300,10-01-2024 21:45,12-10-2023 23:00
8015,442,451fe314c4e9a41bb5804455fb4057afc1cbf2b74cde2d3d737b3354,SP reward for iUSD,11 October 2023,82204,10-01-2024 21:45,12-10-2023 23:00
8016,442,6b1b3b6c653239a344063df53c885e3bb0aa463431a7a52b1d218c46,SP reward for iUSD,11 October 2023,160574,10-01-2024 21:45,12-10-2023 23:00
8017,442,e1adb2d62927f4ad62b82d8593808a9a3bbd446521e91d72286b9a41,SP reward for iUSD,11 October 2023,410632,10-01-2024 21:45,12-10-2023 23:00
8018,442,bbc6d8e0a8f8fa47238a3df22e1b9a0e39a0de2330ba5b49d69a6bc0,SP reward for iUSD,11 October 2023,29966,10-01-2024 21:45,12-10-2023 23:00
8019,442,73a2384cb145aa11ef7c996728c5715f87b007368e1a4769853927ee,SP reward for iUSD,11 October 2023,35637057,10-01-2024 21:45,12-10-2023 23:00
8020,442,264b3be253f8b7ded1b7c01a483256379777df963ce59e49167e95d4,SP reward for iUSD,11 October 2023,54507,10-01-2024 21:45,12-10-2023 23:00
8021,442,97e4d04ae43b647e81b6329013697a1417c167be759ae49780568c76,SP reward for iUSD,11 October 2023,489033,10-01-2024 21:45,12-10-2023 23:00
8022,442,bb0f5b12be7e2bcd62cdd47940f17714a1f71a29d865e9fef823caac,SP reward for iUSD,11 October 2023,169087,10-01-2024 21:45,12-10-2023 23:00
8023,442,289cee24fb86dd5d5b6f02c8ca80397e03fa83c086d6e698e3ec330b,SP reward for iUSD,11 October 2023,613,10-01-2024 21:45,12-10-2023 23:00
8024,442,543dbea1a4955e257d3568d640b1ceeeefcad09e2cf93f16c15e49d4,SP reward for iUSD,11 October 2023,14802,10-01-2024 21:45,12-10-2023 23:00
8025,442,b2cd3ac1116b5d4d2634eb51a832f9c99dd03abe51b9e05f463bde68,SP reward for iUSD,11 October 2023,178348,10-01-2024 21:45,12-10-2023 23:00
8026,442,405966152e910c43c45f1d21d8420d7ce66c604b9750824741970780,SP reward for iUSD,11 October 2023,10642,10-01-2024 21:45,12-10-2023 23:00
8027,442,752ca73ddf1be8dffa36de008da3efa547f9b96354198896f5961e0e,SP reward for iUSD,11 October 2023,18900,10-01-2024 21:45,12-10-2023 23:00
8028,442,d70718d3e1db70560f6ed8698916bf4fb99ef5f0b7b013b3dd35c115,SP reward for iUSD,11 October 2023,26782,10-01-2024 21:45,12-10-2023 23:00
8029,442,c2ad2086100a4240ecbb70a1c93699235750bed5cc26d56a6220c67f,SP reward for iUSD,11 October 2023,92508,10-01-2024 21:45,12-10-2023 23:00
8030,442,4613c7a03b53d3a7de1991289304d848749b9602fb602bab2ed697cd,SP reward for iUSD,11 October 2023,563759,10-01-2024 21:45,12-10-2023 23:00
8031,442,9cc6a5c39d7b0a317daf1c2ac03e490912585b884ac4d922a146117b,SP reward for iUSD,11 October 2023,379399,10-01-2024 21:45,12-10-2023 23:00
8032,442,b7169d51b139306b85aea0b9bf1707d56250572cc8cae113a846a4c5,SP reward for iUSD,11 October 2023,87313,10-01-2024 21:45,12-10-2023 23:00
8033,442,ad47602fd2e1cb7a8f94dd6aa26b927b7006651f8e87123d60386c0e,SP reward for iUSD,11 October 2023,82187,10-01-2024 21:45,12-10-2023 23:00
8034,442,6c348312a0608ec6032c6b58e8570d4eb54a6792e95185b661ecd19e,SP reward for iUSD,11 October 2023,51314,10-01-2024 21:45,12-10-2023 23:00
8035,442,edf2a7b7d47e681123613e5c8c2162dff732ab5c2785a55964344b81,SP reward for iUSD,11 October 2023,113811,10-01-2024 21:45,12-10-2023 23:00
8036,442,93a04efb87bfe0561564998c38839778443fa52b4ed501ae02a77866,SP reward for iUSD,11 October 2023,0,10-01-2024 21:45,12-10-2023 23:00
8037,442,7cd8f3d5d95127141e5843ab2818de72f85efb9e7b8a1cf847e794c4,SP reward for iUSD,11 October 2023,225541,10-01-2024 21:45,12-10-2023 23:00
8038,442,af350112892e7a6b63800ac394548afe1112c24355369c587acc65f3,SP reward for iUSD,11 October 2023,25357,10-01-2024 21:45,12-10-2023 23:00
8039,442,3adcdfb9ffd10f6fe6e9729057aeea9415faf43c87222f70a79b427e,SP reward for iUSD,11 October 2023,228856,10-01-2024 21:45,12-10-2023 23:00
8040,442,ef375afc54458f274bd07dec902e981a581fb46d4ab6d996e40b5bb0,SP reward for iUSD,11 October 2023,603619,10-01-2024 21:45,12-10-2023 23:00
8041,442,c8ca667b94b226c0400fc4f3f8ce935ef841edd752b09fbf28b1cb16,SP reward for iUSD,11 October 2023,2035,10-01-2024 21:45,12-10-2023 23:00
8042,442,cda0141ed9eedd491c294cf9e57b08aed8604c91efc11353b4f630ce,SP reward for iUSD,11 October 2023,72145,10-01-2024 21:45,12-10-2023 23:00
8043,442,6a22c66b1ac47584e99999b61de170878547bb5a6b87946a6f1e018e,SP reward for iUSD,11 October 2023,21616,10-01-2024 21:45,12-10-2023 23:00
8044,442,31ac5363f5d3b6bc5ee0a10aac24f82fb0417a1e53f318833cb34c9b,SP reward for iUSD,11 October 2023,41348,10-01-2024 21:45,12-10-2023 23:00
8045,442,a4bb846ef68110900c05f24352c1648db506ec921bf6011e61e01684,SP reward for iUSD,11 October 2023,33041,10-01-2024 21:45,12-10-2023 23:00
8046,442,6a24d71337297e197a1427892b2c50f5474749fe1b7e73ade6465ab2,SP reward for iUSD,11 October 2023,316135,10-01-2024 21:45,12-10-2023 23:00
8047,442,c91490adde7feb9e01721f33e1ab60e2002bef0b62a0e83a759ff983,SP reward for iUSD,11 October 2023,6030,10-01-2024 21:45,12-10-2023 23:00
8048,442,251afb45009e8cdcc4d95ce402b280fd11751704e540c5c12c5d293c,SP reward for iUSD,11 October 2023,10707,10-01-2024 21:45,12-10-2023 23:00
8049,442,30179de3ec968f9071cb72762baf87ba795033e3555f72da413ff06a,SP reward for iUSD,11 October 2023,75793,10-01-2024 21:45,12-10-2023 23:00
8050,442,103a18c8b3b964841f73d52e0c579fc88f335d20d9c8d7f4de033b3e,SP reward for iUSD,11 October 2023,204193,10-01-2024 21:45,12-10-2023 23:00
8051,442,7bfcb0b4a3974232c21fe4440a2befb5aff58093e9582c9d447c1e0d,SP reward for iUSD,11 October 2023,549448,10-01-2024 21:45,12-10-2023 23:00
8052,442,987894dea0f7cedc976ab26c7384a072f94d38778f876730df6cf3a8,SP reward for iUSD,11 October 2023,460511,10-01-2024 21:45,12-10-2023 23:00
8053,442,a61e01183e93a2bd0cb1ee515fe8c652c33404cb1643c0bb5867cd63,SP reward for iUSD,11 October 2023,2116,10-01-2024 21:45,12-10-2023 23:00
8054,442,23d5170dffbfa8d5cf6534cd1c06d52d6d2e8819b7914995fa9a94f4,SP reward for iUSD,11 October 2023,0,10-01-2024 21:45,12-10-2023 23:00
8055,442,aa8b22272df60f8f0e8fbd918edcff8e2d6a061abfd0510712964da3,SP reward for iUSD,11 October 2023,25622,10-01-2024 21:45,12-10-2023 23:00
8056,442,6f55a9d74db68134d952107df81bfffdec92fed808885f29e3ab39b1,SP reward for iUSD,11 October 2023,26286,10-01-2024 21:45,12-10-2023 23:00
8057,442,3264b50776f1384d46195e028a333fa715897338efed324854bfbd3f,SP reward for iUSD,11 October 2023,168730,10-01-2024 21:45,12-10-2023 23:00
8058,442,002079cd2c353aff567679318c7a4929fe774847c4ee46328ad550ea,SP reward for iUSD,11 October 2023,538157,10-01-2024 21:45,12-10-2023 23:00
8059,442,100747c195d12e8e0c443c5eaf99c8ae8329642720d9f923d6e644fd,SP reward for iUSD,11 October 2023,1270970,10-01-2024 21:45,12-10-2023 23:00
8060,442,e40d6449d63880f6344b1e200dd7e1fba9de3658785727f47247e106,SP reward for iUSD,11 October 2023,1707017,10-01-2024 21:45,12-10-2023 23:00
8061,442,8c738aba609903d995a789c5cde7e59510858da191c3fca173d8ecc8,SP reward for iUSD,11 October 2023,125814,10-01-2024 21:45,12-10-2023 23:00
8062,442,ae8cd1b8b6b4d6219985afb80a2acdb275eff59f4e1cf94ec01c08dd,SP reward for iUSD,11 October 2023,34819,10-01-2024 21:45,12-10-2023 23:00
8063,442,202a05658b2d4f335ac72de9060a6c71c91ccff518723d7fd614899c,SP reward for iUSD,11 October 2023,189482,10-01-2024 21:45,12-10-2023 23:00
8064,442,53d081f4e3093d26ce758b5b34fbdb4f9a838aae83e7257cc8fc5d59,SP reward for iUSD,11 October 2023,3790,10-01-2024 21:45,12-10-2023 23:00
8065,442,810fa90e5670a736eb92bbee8bc538bd6e641667ba73afe3e74f8046,SP reward for iUSD,11 October 2023,2477,10-01-2024 21:45,12-10-2023 23:00
8066,442,ccf0463efcfc0be16312d889a485c827392edb4bf32af4b43af4aad5,SP reward for iUSD,11 October 2023,6500,10-01-2024 21:45,12-10-2023 23:00
8067,442,1c9a3d3314df62b223b8683be48cf9dfd5359058cb23851f8fcff4d9,SP reward for iUSD,11 October 2023,3011,10-01-2024 21:45,12-10-2023 23:00
8068,442,b844eda8d8b99c58609f090d3156ef91488778e92501e1154e797492,SP reward for iUSD,11 October 2023,58395,10-01-2024 21:45,12-10-2023 23:00
8069,442,03eff44005d2c091c2647b45a89f9fe5b0ecea143c4e954cfc2dcedc,SP reward for iUSD,11 October 2023,256,10-01-2024 21:45,12-10-2023 23:00
8070,442,864f7a3b00ec7f36857c76b97cb1b32ea61360522085426dac6de657,SP reward for iUSD,11 October 2023,38258,10-01-2024 21:45,12-10-2023 23:00
8071,442,c56ae41f6148d38ef6528fcaad635917d659e7896dbe4ed9734be7aa,SP reward for iUSD,11 October 2023,9424,10-01-2024 21:45,12-10-2023 23:00
8072,442,d203a585d517315ef60b563878acfd72bd9ba9bd458d8c432ba53f7f,SP reward for iUSD,11 October 2023,28051,10-01-2024 21:45,12-10-2023 23:00
8073,442,73c236c3e865c9a4e66c7262f739b777bab078cbcece1f9d2e413dfb,SP reward for iUSD,11 October 2023,156808,10-01-2024 21:45,12-10-2023 23:00
8074,442,ad7fe2d8b9b3cf82a37e9633c0e48784f788f352c5314d5a5e20bf08,SP reward for iUSD,11 October 2023,9304,10-01-2024 21:45,12-10-2023 23:00
8075,442,e122dfae82cf0dc0f672851fd0051a019fb7cf74edafc30443e2faa4,SP reward for iUSD,11 October 2023,378964,10-01-2024 21:45,12-10-2023 23:00
8076,442,228f7a0a9cf92326f01761f7311eea4f14bab84d35f9222b4900d312,SP reward for iUSD,11 October 2023,239791,10-01-2024 21:45,12-10-2023 23:00
8077,442,8bb9c1842b5df8a44359e65982adb4d2a7d0cb745a2b8488592e3d9f,SP reward for iUSD,11 October 2023,22541,10-01-2024 21:45,12-10-2023 23:00
8078,442,ca9ad9d3aa303cf4205c00bd707881b0dcd2807816e5a6ad59134aa7,SP reward for iUSD,11 October 2023,77986,10-01-2024 21:45,12-10-2023 23:00
8079,442,a66f3589c69139fbd204ad42b34a70b65dba7834ce7641ae649c5171,SP reward for iUSD,11 October 2023,415247,10-01-2024 21:45,12-10-2023 23:00
8080,442,9a48d764ff4b8117da0b37be0f132e319dbb672f9f30a4f136cfe89f,SP reward for iUSD,11 October 2023,59062,10-01-2024 21:45,12-10-2023 23:00
8081,442,fc5543c66855df3872fc1c6bedbd95bb592feb158a7656d0964358b1,SP reward for iUSD,11 October 2023,4275,10-01-2024 21:45,12-10-2023 23:00
8082,442,96fcd31985e22ce4ab339cd92f94a5e54e5ddb4880f0a3a6c6ccb2f5,SP reward for iUSD,11 October 2023,15284,10-01-2024 21:45,12-10-2023 23:00
8083,442,fe822c00f04e3ae7c0c0f92523e6f644645db628621f17a25e88642f,SP reward for iUSD,11 October 2023,29853,10-01-2024 21:45,12-10-2023 23:00
8084,442,75ee02775bcf62517779f638a4184d62ebedc4da72d555aceed1e655,SP reward for iUSD,11 October 2023,646777,10-01-2024 21:45,12-10-2023 23:00
8085,442,5a3d4f39ee17e2b67b6dd93ba71379a098b16f5f1839a069ce9533f4,SP reward for iUSD,11 October 2023,229921,10-01-2024 21:45,12-10-2023 23:00
8086,442,eab5d00ea8449574401c05c7cd7df84d919c9e88b816a262e3a9dbbc,SP reward for iUSD,11 October 2023,345591,10-01-2024 21:45,12-10-2023 23:00
8087,442,b178ffc093995ed4f92326da8cbbae25832bd1c723b4897435ae3ee3,SP reward for iUSD,11 October 2023,38764,10-01-2024 21:45,12-10-2023 23:00
8088,442,4046d7935086947d2c6dba7e4e5f0db6f8fb72f945d1c1f992ab6c9d,SP reward for iUSD,11 October 2023,232,10-01-2024 21:45,12-10-2023 23:00
8089,442,5277d320e4e981971f75599c3c15bc0abebbdb6aea9cbadccb16bff1,SP reward for iUSD,11 October 2023,44876,10-01-2024 21:45,12-10-2023 23:00
8090,442,6c3942ed244be5b4dbb74591d7ea4e7c1aec07ed88ef81b678cac0d9,SP reward for iUSD,11 October 2023,152203,10-01-2024 21:45,12-10-2023 23:00
8091,442,eb7a0af8677832e487f154e7cb7483878208fc5f4bf6cc1ebd63656d,SP reward for iUSD,11 October 2023,22235,10-01-2024 21:45,12-10-2023 23:00
8092,442,eaec8a1a356ed27fb30ce01dca32e642e85c0c7e0c330aa3b5e6143d,SP reward for iUSD,11 October 2023,54571,10-01-2024 21:45,12-10-2023 23:00
8093,442,8349a2fcec7eba3f55e7f7b603f0f2bdf932405669b4b42bca49cad9,SP reward for iUSD,11 October 2023,3790,10-01-2024 21:45,12-10-2023 23:00
8094,442,350370eb8dce8178f824b16c34a1df2ee956a3b488e0890d40e4256d,SP reward for iUSD,11 October 2023,18952,10-01-2024 21:45,12-10-2023 23:00
8095,442,9085a048fd190f237c52943ac271b9b78042747efb1cd553d6e54f4f,SP reward for iUSD,11 October 2023,141377,10-01-2024 21:45,12-10-2023 23:00
8096,442,b1428eb9701f0ebc77e97ea2f7fcb5b6960513c2000db36db80ee52c,SP reward for iUSD,11 October 2023,876,10-01-2024 21:45,12-10-2023 23:00
8097,442,58c052676fe5b1cd52fda1ba62bbdabef2b3f261258e1fcfaa4df833,SP reward for iUSD,11 October 2023,70849,10-01-2024 21:45,12-10-2023 23:00
8098,442,1215c650198e8fe85528c3640a864a2b9202f1fdbc5a63e3c7663db5,SP reward for iUSD,11 October 2023,9722,10-01-2024 21:45,12-10-2023 23:00
8099,442,2954f74123faee312835907b70036cd8086ef1552b1cf04161413269,SP reward for iUSD,11 October 2023,32234,10-01-2024 21:45,12-10-2023 23:00
8100,442,e4140e7cad203c8a050cbc966735f5eaa1110e1719040b5ec18ccdb6,SP reward for iUSD,11 October 2023,1273,10-01-2024 21:45,12-10-2023 23:00
8101,442,8fee6a42565c9c1ebe2fb3caf8c3f6590df4a8aa40aa37fd672605dd,SP reward for iUSD,11 October 2023,20533,10-01-2024 21:45,12-10-2023 23:00
8102,442,bc12846dfe29fb17207d6e11b98fdda7201679227d46d744de5574e8,SP reward for iUSD,11 October 2023,108346,10-01-2024 21:45,12-10-2023 23:00
8103,442,58752f54a31c2eac27269cda36bf0091016a21b4bf6f65f678eb4e3a,SP reward for iUSD,11 October 2023,178506,10-01-2024 21:45,12-10-2023 23:00
8104,442,144a91af110e1f266e04a5fc28a41d897523570b8c8ca12724be3b64,SP reward for iUSD,11 October 2023,26073,10-01-2024 21:45,12-10-2023 23:00
8105,442,5f7d1aba60a090039edbb0294ccb27d3617a8827396b292ee49dec9f,SP reward for iUSD,11 October 2023,80294,10-01-2024 21:45,12-10-2023 23:00
8106,442,df14eb586b1cc9bd64d32ddab4f401239ce21622474b22ba83193f29,SP reward for iUSD,11 October 2023,0,10-01-2024 21:45,12-10-2023 23:00
8107,442,826d2683285bc4a4de68fc10eb78f2631371f48a5d4c0af654badda0,SP reward for iUSD,11 October 2023,371420,10-01-2024 21:45,12-10-2023 23:00
8108,442,9c8aec49d745d235f31947cec55e7d22010df0d07bbe94e7b7b4d18b,SP reward for iUSD,11 October 2023,2234529,10-01-2024 21:45,12-10-2023 23:00
8109,442,7c5a3ffd4843cf9bb750918cb453a87e71b3b21d63b02dd45dd3ea31,SP reward for iUSD,11 October 2023,139628,10-01-2024 21:45,12-10-2023 23:00
8110,442,17d3378cdb60f18ebad70aab20bf4be3fe7415602c2e07313297aa35,SP reward for iUSD,11 October 2023,189627,10-01-2024 21:45,12-10-2023 23:00
8111,442,bfecbbfaf133076c576cf705b8472cd12b28dbfa5d1bc7a48e9838a0,SP reward for iUSD,11 October 2023,19331,10-01-2024 21:45,12-10-2023 23:00
8112,442,d1b4a2e733c66382f3c60bf7a43803b57e44c07d5efe87bf8c4185ee,SP reward for iUSD,11 October 2023,144462,10-01-2024 21:45,12-10-2023 23:00
8113,442,497d04574667e0eaaa3beefd2d3896e6b177c7d8bb445542ba371204,SP reward for iUSD,11 October 2023,29967,10-01-2024 21:45,12-10-2023 23:00
8114,442,19c87ada5b44424a2f54fdd13b556f9306ef9f1356359c57581abd4f,SP reward for iUSD,11 October 2023,61145,10-01-2024 21:45,12-10-2023 23:00
8115,442,8f231e37853682192e02aa25cd60ee701aab8248646a396ebaa67234,SP reward for iUSD,11 October 2023,379,10-01-2024 21:45,12-10-2023 23:00
8116,442,1f7ef810b5dc6ec53922eb17e910a74c3b343b9117c51d4cac82cd88,SP reward for iUSD,11 October 2023,31347,10-01-2024 21:45,12-10-2023 23:00
8117,442,c12e9cc03830ebd3539ff3f6cec70e37fa4d9654ca7b19f3e92add09,SP reward for iUSD,11 October 2023,279,10-01-2024 21:45,12-10-2023 23:00
8118,442,f4111bbae46475ee2fe4ddcc9b4e56b6bde1b12464cf0ffd1da01dbe,SP reward for iUSD,11 October 2023,34491,10-01-2024 21:45,12-10-2023 23:00
8119,442,1d7973ee2e656a214ebd66635ffc5f28ea4b76cd155316ac258d737f,SP reward for iUSD,11 October 2023,0,10-01-2024 21:45,12-10-2023 23:00
8120,442,4482822ba84d47736ecfc0a9647e3d1f6114b32f6bc944ceb6c67b13,SP reward for iUSD,11 October 2023,194733,10-01-2024 21:45,12-10-2023 23:00
8121,442,24c0af03702aca77635142b03003971246b68cd205c38c495b4b39de,SP reward for iUSD,11 October 2023,73360,10-01-2024 21:45,12-10-2023 23:00
8122,442,47a70e7e1e30fa7879992e6d45818928c30ae913cbebafaab2ce71f1,SP reward for iUSD,11 October 2023,1691,10-01-2024 21:45,12-10-2023 23:00
8123,442,82f241eb5dadcc19e9990f85c9e7a93bb655b2c07ed3fe375509b417,SP reward for iUSD,11 October 2023,29264,10-01-2024 21:45,12-10-2023 23:00
8124,442,f3820b9d2e1ff6bc15652ffbc01346225e9d3f5c06adeb77b316f12a,SP reward for iUSD,11 October 2023,47377,10-01-2024 21:45,12-10-2023 23:00
8125,442,2387805ec55905b81396a1744734c4695abaaf620a73e88092018f58,SP reward for iUSD,11 October 2023,73763,10-01-2024 21:45,12-10-2023 23:00
8126,442,cee88901cf864fa86dc84f90f43ef51a081d79457173b1a9c5f5163b,SP reward for iUSD,11 October 2023,4395,10-01-2024 21:45,12-10-2023 23:00
8127,442,ddf0645e036c907d05ea30c896a7412ac7fbe1e0e6cd009a9cc1a28d,SP reward for iUSD,11 October 2023,0,10-01-2024 21:45,12-10-2023 23:00
8128,442,597f95da769ea4d957262de8280c653109cb3b72d5ebf25e894a16e0,SP reward for iUSD,11 October 2023,1,10-01-2024 21:45,12-10-2023 23:00
8129,442,17abbdbbee649dac78243c157c3238f34b9368e0e7d2c0232951484c,SP reward for iUSD,11 October 2023,1653,10-01-2024 21:45,12-10-2023 23:00
8130,442,10a2ea055b227f1d48a0a462ca6048f82693653fdb534eb7cd3ca654,SP reward for iUSD,11 October 2023,131628,10-01-2024 21:45,12-10-2023 23:00
8131,442,514ec5e427280c6bca6a0d79dea12bc793673a7241ba8f6f982a542e,SP reward for iUSD,11 October 2023,104530,10-01-2024 21:45,12-10-2023 23:00
8132,442,a3f63e4cbce10a5560a60dc4c7360da433b03e596e9c61f507eec809,SP reward for iUSD,11 October 2023,84106,10-01-2024 21:45,12-10-2023 23:00
8133,442,1d7f38bdc1dd27e154b6b85e01488580a1be8da0e3e24379c3c41ed5,SP reward for iUSD,11 October 2023,20062,10-01-2024 21:45,12-10-2023 23:00
8134,442,67806817b5a6f5deab56bebd3cb40fe54b33e574c929f66038694808,SP reward for iUSD,11 October 2023,5541,10-01-2024 21:45,12-10-2023 23:00
8135,442,8cbda1c576e20477e63a5b48625b91411ca4ed1c0fe3049792af6647,SP reward for iUSD,11 October 2023,699,10-01-2024 21:45,12-10-2023 23:00
8136,442,e56d333d5f95252d68f7c7bb93abb5597fdb6e7853fd3b391a2896fe,SP reward for iUSD,11 October 2023,82041,10-01-2024 21:45,12-10-2023 23:00
8137,442,1434b0f9b0d42bdfe065dfbde6089def626c28128e2b25234b8409db,SP reward for iUSD,11 October 2023,95011,10-01-2024 21:45,12-10-2023 23:00
8138,442,6bd530b62ab7384bb1c3587cf52c29ee1e58a8f10abe719db749b887,SP reward for iUSD,11 October 2023,3968,10-01-2024 21:45,12-10-2023 23:00
8139,442,e78c4eb4ec3e852b78f8540a7ff65767451cbf7601c4e6a9c4c97d52,SP reward for iUSD,11 October 2023,258210,10-01-2024 21:45,12-10-2023 23:00
8140,442,8882040c52f06ec0ddbb69b43fb12ff177a723f1a87ba44bdb783729,SP reward for iUSD,11 October 2023,796,10-01-2024 21:45,12-10-2023 23:00
8141,442,e4833eff5469ddeeaf0fbd065ad976676be56e8cd67c04526d51c495,SP reward for iUSD,11 October 2023,69667,10-01-2024 21:45,12-10-2023 23:00
8142,442,cd86c7001be335cb5ba746ee9c7b23758eff240e67ae44b4af9f3f85,SP reward for iUSD,11 October 2023,38186,10-01-2024 21:45,12-10-2023 23:00
8143,442,f2a6c0d4cf8b5d29ef1a526543844df74f48e57a723f8dc3aa7d0700,SP reward for iUSD,11 October 2023,3993,10-01-2024 21:45,12-10-2023 23:00
8144,442,e599429457c61531f5ec659442d7e430dc2e1c6152944d6815f4b064,SP reward for iUSD,11 October 2023,757001,10-01-2024 21:45,12-10-2023 23:00
8145,442,2e354a08d7d9618ca9e97625081ec5af50e35ce1ce91aea6081dbb1b,SP reward for iUSD,11 October 2023,8350,10-01-2024 21:45,12-10-2023 23:00
8146,442,af28fb0c496ec12e14bd2b811c3e0b14af9b5f18832209c9403015b3,SP reward for iUSD,11 October 2023,17130,10-01-2024 21:45,12-10-2023 23:00
8147,442,4f3e26f997727f545315520c7ebea39f54580a528754927778354dee,SP reward for iUSD,11 October 2023,165280,10-01-2024 21:45,12-10-2023 23:00
8148,442,e04ad9f221db058997b74653494041917fe1e69e2b9cb027132bf88b,SP reward for iUSD,11 October 2023,0,10-01-2024 21:45,12-10-2023 23:00
8149,442,a3ad69669ecee78b25f6b796d095ca691912481c72cc3ff42ee41ed1,SP reward for iUSD,11 October 2023,62126,10-01-2024 21:45,12-10-2023 23:00
8150,442,dc4f211e154e0a1994da4d0ff78ab6940da37643026fd55640b37266,SP reward for iUSD,11 October 2023,8794,10-01-2024 21:45,12-10-2023 23:00
8151,442,0f74ede103adb7050c0ec12533911dc20b449e1ce9b1e7b19c773f82,SP reward for iUSD,11 October 2023,6240,10-01-2024 21:45,12-10-2023 23:00
8152,442,bc74633bac550bbadaf788c0d83c68087a119dbdd4f75bbde49f154a,SP reward for iUSD,11 October 2023,61644,10-01-2024 21:45,12-10-2023 23:00
8153,442,20dbc91dd83004def0b7b5ee1073d012cd8369571bba1892e37990fe,SP reward for iUSD,11 October 2023,158927,10-01-2024 21:45,12-10-2023 23:00
8154,442,f549c4dfa45a19b8a0ac22a24f491e30cba260e71eb526031e21b7c2,SP reward for iUSD,11 October 2023,197074,10-01-2024 21:45,12-10-2023 23:00
8155,442,8f949023bd7eaa7f381c2ad298b345b7750cf9d04a1f53d0adcab6c2,SP reward for iUSD,11 October 2023,22879,10-01-2024 21:45,12-10-2023 23:00
8156,442,96278b46637b84faf5c2e4d79ca1c3034721972ac784030cdd2f2fe8,SP reward for iUSD,11 October 2023,76069,10-01-2024 21:45,12-10-2023 23:00
8157,442,16acc855c03e081be1599b86632c5fe8ab630fb3f656a018c206ee8a,SP reward for iUSD,11 October 2023,29570,10-01-2024 21:45,12-10-2023 23:00
8158,442,faaf89a26e9d1a69134ad6d814176639b0eda359e7a43ab21934ccd8,SP reward for iUSD,11 October 2023,57817,10-01-2024 21:45,12-10-2023 23:00
8159,442,9d9c672d1261ac30b4605678f451ccda8f90a1cce1633b4fee0f92bd,SP reward for iUSD,11 October 2023,114339,10-01-2024 21:45,12-10-2023 23:00
8160,442,24e2a220f53ccd6ea5908cb441244f1bc2821a24044e2cc0dfb8a241,SP reward for iUSD,11 October 2023,13,10-01-2024 21:45,12-10-2023 23:00
8161,442,ef9de691f4e2a8a57504a10dc805a8e20ab0cf9e2906769420f3aea9,SP reward for iUSD,11 October 2023,5800,10-01-2024 21:45,12-10-2023 23:00
8162,442,80e6c7de0d6efe91cf577b5502f0f7f9fcb5225d49fab2d74cf0cdc7,SP reward for iUSD,11 October 2023,278642,10-01-2024 21:45,12-10-2023 23:00
8163,442,7b2c3d7b795d7cb692b32fe35662bf0c1dc7844185e2af3ee0b3a7eb,SP reward for iUSD,11 October 2023,40818,10-01-2024 21:45,12-10-2023 23:00
8164,442,4e6357b65b3479d5e94963c01f5b6eca88a030a35fd9851dd3b648f3,SP reward for iUSD,11 October 2023,284328,10-01-2024 21:45,12-10-2023 23:00
8165,442,2674b6d8b52070036fd0f1b28a35cd2bac3c079bba31a3fba4e97276,SP reward for iUSD,11 October 2023,47727,10-01-2024 21:45,12-10-2023 23:00
8166,442,df7f42a4594781aabfc866f3baac1486457f32ea8981c17d0f991831,SP reward for iUSD,11 October 2023,3791,10-01-2024 21:45,12-10-2023 23:00
8167,442,8dc87d03f862104a9117247e414f007ea8167226f52de0eed6ccdbfc,SP reward for iUSD,11 October 2023,141961,10-01-2024 21:45,12-10-2023 23:00
8168,442,ac293f8851bccc597d9f23b7b76bb9afca7bf65e42c93fd9e51ebadb,SP reward for iUSD,11 October 2023,0,10-01-2024 21:45,12-10-2023 23:00
8169,442,c9e01dc055bd66469fa16356f9912c27f82caec0bc33240e9ff61f30,SP reward for iUSD,11 October 2023,112594,10-01-2024 21:45,12-10-2023 23:00
8170,442,b4502587636550a7424c0caf9198bb9a64edd628d422268535f103c4,SP reward for iUSD,11 October 2023,127825,10-01-2024 21:45,12-10-2023 23:00
8171,442,7d976df39c7d42ad6ec5309c5930812d1bee7ef3c716066aea81d8ce,SP reward for iUSD,11 October 2023,57045,10-01-2024 21:45,12-10-2023 23:00
8172,442,ec39d10b072cdc5297cdf1683465556b81d641cdd07fad63ae4fcdd0,SP reward for iUSD,11 October 2023,47388,10-01-2024 21:45,12-10-2023 23:00
8173,442,adfa05b38e47fd0dd027217e2e2b26c8bbeef24b73ac056cd653e96a,SP reward for iUSD,11 October 2023,59207,10-01-2024 21:45,12-10-2023 23:00
8174,442,d20b12211611481db8e256e2b04dea47a8cfd875086c6d7a610788e7,SP reward for iUSD,11 October 2023,90999,10-01-2024 21:45,12-10-2023 23:00
8175,442,c89452591e9f783896d9cf6b5b340aac2001d25133f0a9e8df28a0ab,SP reward for iUSD,11 October 2023,124764,10-01-2024 21:45,12-10-2023 23:00
8176,442,50d250e7e540d5c12595729616d0dbbfbbe12ab4060c6a33cf768715,SP reward for iUSD,11 October 2023,30328,10-01-2024 21:45,12-10-2023 23:00
8177,442,49d1c05ce83ea5dfd6abad09021caf4c5806f207ba657091c46a501b,SP reward for iUSD,11 October 2023,12516,10-01-2024 21:45,12-10-2023 23:00
8178,442,422352cc2e0da85c78a0e09b09dfaa78719da049e1be30f81c917cb3,SP reward for iUSD,11 October 2023,36015,10-01-2024 21:45,12-10-2023 23:00
8179,442,387700ae4dfdf8a65b70d7ff59f155f1ee30d2f7e2483337f6d0782d,SP reward for iUSD,11 October 2023,83346,10-01-2024 21:45,12-10-2023 23:00
8180,442,df56067ead947725fb7502ac74c457e8852933f6ef28c7c455236207,SP reward for iUSD,11 October 2023,17714,10-01-2024 21:45,12-10-2023 23:00
8181,442,5b1931f083d9a8fe8fd2ee68265df2ebfa5cb6d3cde6833c60a5aeb8,SP reward for iUSD,11 October 2023,74146,10-01-2024 21:45,12-10-2023 23:00
8182,442,76dbab8dc974000bd173ef0593fa4e50aae01be6e13a19f1dd9cae55,SP reward for iUSD,11 October 2023,84711,10-01-2024 21:45,12-10-2023 23:00
8183,442,5d9de15a9e526c04fba22b12118560b4c7aee4f3bee35e23431b05f0,SP reward for iUSD,11 October 2023,155,10-01-2024 21:45,12-10-2023 23:00
8184,442,03aa5081199a16295e8451a866b93a521747db809eacdef947175ac6,SP reward for iUSD,11 October 2023,10134,10-01-2024 21:45,12-10-2023 23:00
8185,442,53eb9c7601e433f0659a74479e98400d203af061f135354f43e0dad4,SP reward for iUSD,11 October 2023,39047,10-01-2024 21:45,12-10-2023 23:00
8186,442,fdcb2ad56f90c49a73ace602f2f459055f75c9b42f6b186731da60e0,SP reward for iUSD,11 October 2023,120002,10-01-2024 21:45,12-10-2023 23:00
8187,442,420fe4b0b65093169ee9622b1b0c88675e97472513f94170d76bfac9,SP reward for iUSD,11 October 2023,892,10-01-2024 21:45,12-10-2023 23:00
8188,442,d74968060bb951234139833a846b6b81ded3059ad1724915091bac2d,SP reward for iUSD,11 October 2023,958796,10-01-2024 21:45,12-10-2023 23:00
8189,442,d07a74350a813a2daed74dfade4248bb51ff24da457a48fba9b4539b,SP reward for iUSD,11 October 2023,1266351,10-01-2024 21:45,12-10-2023 23:00
8190,442,fbc5a2e4982c53a70c6eb71bcbdfca2698bba849a2e5e06ea566fd93,SP reward for iUSD,11 October 2023,56816,10-01-2024 21:45,12-10-2023 23:00
8191,442,f1f046fcc9cd06aa851f3296213d127f954ecba8136ee829a645f3ec,SP reward for iUSD,11 October 2023,506,10-01-2024 21:45,12-10-2023 23:00
8192,442,d33119934f905c46c074d86b01e9ed68d8df9416c1f98311adda04d1,SP reward for iUSD,11 October 2023,61281,10-01-2024 21:45,12-10-2023 23:00
8193,442,92a3a6bc9849096be7edb873d5bda4a39b735d23250bbf9984446ad6,SP reward for iUSD,11 October 2023,159423,10-01-2024 21:45,12-10-2023 23:00
8194,442,c4c6e2c645f453f6f7ca990b7ade2b2b2de868c0aeb5c7511e481fe9,SP reward for iUSD,11 October 2023,2429742,10-01-2024 21:45,12-10-2023 23:00
8195,442,9d94c36c0ba08524969fb2fa100dce63e0eefda22b75eca8ec3e30c4,SP reward for iUSD,11 October 2023,1096117,10-01-2024 21:45,12-10-2023 23:00
8196,442,1ff9f868d6a65ea7dec1b4d37240001097a28168752e2723e624337c,SP reward for iUSD,11 October 2023,38457,10-01-2024 21:45,12-10-2023 23:00
8197,442,ea79af332a33e08d0180ace4940a4bba5e9040ea76bf0f8a884279cd,SP reward for iUSD,11 October 2023,34597,10-01-2024 21:45,12-10-2023 23:00
8198,442,966c8c683271fb81c24235f265eac3d02095b67ca0613e08a0de963f,SP reward for iUSD,11 October 2023,75821,10-01-2024 21:45,12-10-2023 23:00
8199,442,026c8ee36589862c813abaf4142583d8631869cc694bfc393ad229ed,SP reward for iUSD,11 October 2023,99384,10-01-2024 21:45,12-10-2023 23:00
8200,442,270a564190936d5e6199cd157798a1d802e05b5c4d69a756d02a4024,SP reward for iUSD,11 October 2023,26598,10-01-2024 21:45,12-10-2023 23:00
8201,442,1d873b8c37d35e5e322736d5194df4efbcec93bd3e87090998185a10,SP reward for iUSD,11 October 2023,226413,10-01-2024 21:45,12-10-2023 23:00
8202,442,f00f927995925d46c18314ed041f55e32d1e9bc0da7b18b5f9d56602,SP reward for iUSD,11 October 2023,42791,10-01-2024 21:45,12-10-2023 23:00
8203,442,1dfa4ee606a41e8ce99a52d958e3f76f9f1a455a61853efd0e6cc58d,SP reward for iUSD,11 October 2023,50762,10-01-2024 21:45,12-10-2023 23:00
8204,442,9bd32d0c896ecfd22af41a2328d4e1d7bc2e8be07e61ce7eb5caa536,SP reward for iUSD,11 October 2023,6794256,10-01-2024 21:45,12-10-2023 23:00
8205,442,159af115130e7a5e8ac56e11c97ebfc173b379c9ad0a240b112eeefe,SP reward for iUSD,11 October 2023,13069,10-01-2024 21:45,12-10-2023 23:00
8206,442,efdea48b2d455838b64f1bdbf0106eef7cd67041ce4aa429d812183e,SP reward for iUSD,11 October 2023,163542,10-01-2024 21:45,12-10-2023 23:00
8207,442,0392279ce70fc3bc7d60fa0437da097cc264ada08fd59acdba593965,SP reward for iUSD,11 October 2023,47580,10-01-2024 21:45,12-10-2023 23:00
8208,442,a0f890b740b6e870ee690e3d02ca5fdeddf9969aea0a87b3bef425e1,SP reward for iUSD,11 October 2023,159004,10-01-2024 21:45,12-10-2023 23:00
8209,442,55cf69df3e09e88978a5396efa57fb076d25f9089229a52baac18e5d,SP reward for iUSD,11 October 2023,32539,10-01-2024 21:45,12-10-2023 23:00
8210,442,0a36d2059eac53b46045092125f8419d455cf63ba48a7f2285a1a691,SP reward for iUSD,11 October 2023,963917,10-01-2024 21:45,12-10-2023 23:00
8211,442,8d42ea2a53e949ffcdcebccbb0656fd0c66f68dd3e12af30d5232c29,SP reward for iUSD,11 October 2023,33634,10-01-2024 21:45,12-10-2023 23:00
8212,442,7b0fc9c9e92364eb4bcf52d28f9996c8d2278916eb95eb50a18905bd,SP reward for iUSD,11 October 2023,115531,10-01-2024 21:45,12-10-2023 23:00
8213,442,7aeadf295aa5275bb56ee50e2608cc2672d1d01e57ba0bec3dd00daf,SP reward for iUSD,11 October 2023,433,10-01-2024 21:45,12-10-2023 23:00
8214,442,3b7b01b415e7533f8bceb3e9e467dbca6d784c7be99fcadb68b1a9d1,SP reward for iUSD,11 October 2023,1873,10-01-2024 21:45,12-10-2023 23:00
8215,442,728b52d41c48009dca4d9f7331776537533452cc035505ff82ac9079,SP reward for iUSD,11 October 2023,565,10-01-2024 21:45,12-10-2023 23:00
8216,442,56270f8bf55701d31d45a3db4a13d99ef7848fc936616777f4257dcb,SP reward for iUSD,11 October 2023,36756,10-01-2024 21:45,12-10-2023 23:00
8217,442,b86d5dffbc00894203fdf272c003fee91969d85b806859edc242b34a,SP reward for iUSD,11 October 2023,27737,10-01-2024 21:45,12-10-2023 23:00
8218,442,fe214b004cc1504fc1544acd5b5e0d6dfe76484168e6c7d57d752b79,SP reward for iUSD,11 October 2023,3186,10-01-2024 21:45,12-10-2023 23:00
8219,442,90ea3bd89364dbe9084b55fcc578c4f44a9bba7c4a7176cff33b8bb0,SP reward for iUSD,11 October 2023,13805,10-01-2024 21:45,12-10-2023 23:00
8220,442,c49e050f25dd059da1f3ebdd00004e46d22cc1ece96e487ea84cee54,SP reward for iUSD,11 October 2023,21181,10-01-2024 21:45,12-10-2023 23:00
8221,442,3676a8f6fc88d00bb27fa5eb2e25f91b69ad6b211c9931263bbeb39c,SP reward for iUSD,11 October 2023,5232,10-01-2024 21:45,12-10-2023 23:00
8222,442,7eba1da590e93ee9a4da7bf746111c27c6b21f82ca90fd8c7ca5a441,SP reward for iUSD,11 October 2023,20943,10-01-2024 21:45,12-10-2023 23:00
8223,442,b0e1aa74e9c491e73fb3c6625d941a883f95c05069b107021888830e,SP reward for iUSD,11 October 2023,6148,10-01-2024 21:45,12-10-2023 23:00
8224,442,f357aeab5d6038af73b7ce783bf505ecb9ff382a18e2b211b18a513a,SP reward for iUSD,11 October 2023,2282,10-01-2024 21:45,12-10-2023 23:00
8225,442,4b4d2f7ec3cec8a1b3105c8cb94a6e77bd64f3fedc0bd828ffcbcb28,SP reward for iUSD,11 October 2023,192935,10-01-2024 21:45,12-10-2023 23:00
8226,442,3b45d59fb8b82d21d208964521a6bbc8d42f06b2ed7e533f8b7a745a,SP reward for iUSD,11 October 2023,298505,10-01-2024 21:45,12-10-2023 23:00
8227,442,a7c4ad49f24faecad3a91f5e5a4109cfa822faade50e6840a3db3d67,SP reward for iUSD,11 October 2023,2672774,10-01-2024 21:45,12-10-2023 23:00
8228,442,8daf909109e33c204da5034dd588269357cdf89c0947d09c1812955f,SP reward for iUSD,11 October 2023,27576,10-01-2024 21:45,12-10-2023 23:00
8229,442,7c287d80b89068e3f0e5ad9cdcfccd67e264e10c7bac1f1c50b4b4ce,SP reward for iUSD,11 October 2023,61432,10-01-2024 21:45,12-10-2023 23:00
8230,442,8fd369b6dda38f92043d8595e10ba47a47f2f48f71e37951a6af4fcd,SP reward for iUSD,11 October 2023,39516,10-01-2024 21:45,12-10-2023 23:00
8231,442,5a22248acd76b04db2a4f0804b465d7e0e6f9c13d3be980b3f7ef9e7,SP reward for iUSD,11 October 2023,25421,10-01-2024 21:45,12-10-2023 23:00
8232,442,dd8f3e200e38deea7336fefd98ab66572801dfabd658f332105e18fa,SP reward for iUSD,11 October 2023,56039,10-01-2024 21:45,12-10-2023 23:00
8233,442,4dc5cb65b80027553882008cef8ce7356c362e083f00aede47ebc35f,SP reward for iUSD,11 October 2023,0,10-01-2024 21:45,12-10-2023 23:00
8234,442,8b824c5bc7c0c7c6ef3396d567c47dd502e361f62d9f9e6015eb8150,SP reward for iUSD,11 October 2023,3830,10-01-2024 21:45,12-10-2023 23:00
8235,442,e1d69e1f1e390faddb3d82a5d66c971e4bef61893892252dfca99837,SP reward for iUSD,11 October 2023,1,10-01-2024 21:45,12-10-2023 23:00
8236,442,b9127ad6a07fb42d0a5323ce8a79edbf1fbec2c87d010884d650799f,SP reward for iUSD,11 October 2023,15851,10-01-2024 21:45,12-10-2023 23:00
8237,442,480162a64c53e1f9f76d471d5166e722be81296144d422344254a54e,SP reward for iUSD,11 October 2023,859225,10-01-2024 21:45,12-10-2023 23:00
8238,442,93fc1d5eda11f4e015acabe138fdf310674c33e9d82a7dc8a7d73d99,SP reward for iUSD,11 October 2023,93171,10-01-2024 21:45,12-10-2023 23:00
8239,442,55f6685cbc8c1c99948804a10f2eada7ed6121822a45452582ead10a,SP reward for iUSD,11 October 2023,770,10-01-2024 21:45,12-10-2023 23:00
8240,442,4c281c0efad5222fef57cfc5c21e5e07eb358c155406af6c9ef95402,SP reward for iUSD,11 October 2023,382814,10-01-2024 21:45,12-10-2023 23:00
8241,442,bf80faca49b6c4b820d11fd8028343afde02b4e9cfeded543c4650b9,SP reward for iUSD,11 October 2023,138893,10-01-2024 21:45,12-10-2023 23:00
8242,442,b3628e24f6d8e81e31b7c5dc85cbae7ba04e6f17bbdd1f75eae051c5,SP reward for iUSD,11 October 2023,44186,10-01-2024 21:45,12-10-2023 23:00
8243,442,c1ecfddcc1b386980d2cad46efaad99e373cf70398b7c01db68e4f4f,SP reward for iUSD,11 October 2023,303487,10-01-2024 21:45,12-10-2023 23:00
8244,442,602b3643af4dbdab1ac91e39e1901d0c190bd42d192f408efc4bee88,SP reward for iUSD,11 October 2023,59968,10-01-2024 21:45,12-10-2023 23:00
8245,442,509cba9202668605404e5c6a39d0af1f1522fe41d2e679ce8e394469,SP reward for iUSD,11 October 2023,269996,10-01-2024 21:45,12-10-2023 23:00
8246,442,ecf5b1ffca39a9821dc42163dea13dc58d4d9b28767edf02124a271a,SP reward for iUSD,11 October 2023,27413,10-01-2024 21:45,12-10-2023 23:00
8247,442,a239ef61e4b000e08143a86c114827b4e14e8e5bbea3254d947f9c56,SP reward for iUSD,11 October 2023,37646,10-01-2024 21:45,12-10-2023 23:00
8248,442,b8c025a487acc9735d8bc4ae174ef37a96cb3b9445c45f7d94f9b02c,SP reward for iUSD,11 October 2023,53477,10-01-2024 21:45,12-10-2023 23:00
8249,442,17e3d3fc02a43bae98b84a8eab7638749627e2246b2b2804a7d3ae12,SP reward for iUSD,11 October 2023,12365,10-01-2024 21:45,12-10-2023 23:00
8250,442,e8be99d7f6e19ccb5282e5387ddbdc30308653a1ee0478e1fb209e07,SP reward for iUSD,11 October 2023,90900,10-01-2024 21:45,12-10-2023 23:00
8251,442,8c1ddac13237e90ddf09d9a1884ad85b2265ff7930c6848c57750f2f,SP reward for iUSD,11 October 2023,55621,10-01-2024 21:45,12-10-2023 23:00
8252,442,bc3dbd25ddb3da8133ae71b85d66fcc5ce16a42cbdf8313173b61ca6,SP reward for iUSD,11 October 2023,12,10-01-2024 21:45,12-10-2023 23:00
8253,442,b47ead9c1c659d7d927c23212bd62d475f71d986236aafe16bde23ee,SP reward for iUSD,11 October 2023,38042,10-01-2024 21:45,12-10-2023 23:00
8254,442,20d5e801d2da02fbf8e0ed455656e0a7b2f34314cd386806973ce69d,SP reward for iUSD,11 October 2023,7696,10-01-2024 21:45,12-10-2023 23:00
8255,442,6e1beb91f97d5743780e42d9a3deeb8102c716ae69bafe5f99a26e79,SP reward for iUSD,11 October 2023,5410106,10-01-2024 21:45,12-10-2023 23:00
8256,442,9d6a55eb1359d4a6c2f1466d1d65dd5083a6fa692b69702af90b51bb,SP reward for iUSD,11 October 2023,1110246,10-01-2024 21:45,12-10-2023 23:00
8257,442,e0a1a45ac9fc8b2f545ef76355404c31a0650b032d7ebbfe3eb8a5b1,SP reward for iUSD,11 October 2023,198400,10-01-2024 21:45,12-10-2023 23:00
8258,442,53a025fd77be078830865d6918bf8042b3d34bf54b09898d43d5a65c,SP reward for iUSD,11 October 2023,50251,10-01-2024 21:45,12-10-2023 23:00
8259,442,e544d0152f17bacc61736bea720477a416dbd60ead88c42cf6dda564,SP reward for iUSD,11 October 2023,5917,10-01-2024 21:45,12-10-2023 23:00
8260,442,076fe746635376963ae1c07c98dfa6a84168ff429673d2546ee5e744,SP reward for iUSD,11 October 2023,2019,10-01-2024 21:45,12-10-2023 23:00
8261,442,02847e2d52b2bb68326a4d8c20cf22758d8d66a8098b464fb05e388e,SP reward for iUSD,11 October 2023,306720,10-01-2024 21:45,12-10-2023 23:00
8262,442,2d2698946bc0f751dfc642bda9716d9c95065c4bb6aa23fa36379917,SP reward for iUSD,11 October 2023,66343,10-01-2024 21:45,12-10-2023 23:00
8263,442,fd0172cfb6d4f7289491b5316afb91c0f416ce5ca33fc39727bd691c,SP reward for iUSD,11 October 2023,1983,10-01-2024 21:45,12-10-2023 23:00
8264,442,05f8ebd54f40e71508f9cfec116a05dc8256562162f8024666821248,SP reward for iUSD,11 October 2023,264627,10-01-2024 21:45,12-10-2023 23:00
8265,442,8c516966b25c9f4da8ad8fc78ec351c17ddeeb5500c875c73373d2b0,SP reward for iUSD,11 October 2023,529724,10-01-2024 21:45,12-10-2023 23:00
8266,442,1a6bd66047466d65c4a336460ed902a8aef0801554a8bc831a49ea18,SP reward for iUSD,11 October 2023,387,10-01-2024 21:45,12-10-2023 23:00
8267,442,a3857f6dc9fa15ac685d02ad13824292ec40648c7af5b4fbe064c0d8,SP reward for iUSD,11 October 2023,103461,10-01-2024 21:45,12-10-2023 23:00
8268,442,7cf91d208dbe661058d16ea8ef2c387153cf91944aabcb9c7ef7fa1e,SP reward for iUSD,11 October 2023,387,10-01-2024 21:45,12-10-2023 23:00
8269,442,f107be1c8f14b6f7ecd0a826c5a0addb31538b4d91813ca450a664f1,SP reward for iUSD,11 October 2023,784920,10-01-2024 21:45,12-10-2023 23:00
8270,442,244ef5c19b4209da7df61d1f9a41ca599cf12610aed0f9457dbc7353,SP reward for iUSD,11 October 2023,2001,10-01-2024 21:45,12-10-2023 23:00
8271,442,2922bb18ea7225c2905acb96276ea33273c5e07a0860fb276087115f,SP reward for iUSD,11 October 2023,1454,10-01-2024 21:45,12-10-2023 23:00
8272,442,dff1a907d3ac2ba42da4911d6cabe1fa998cd1269fbbdd20651939f9,SP reward for iUSD,11 October 2023,823977,10-01-2024 21:45,12-10-2023 23:00
8273,442,623f00f49ed872b8fde76a4d5520f4ff63e50dec00b938701fe2aedd,SP reward for iUSD,11 October 2023,72217,10-01-2024 21:45,12-10-2023 23:00
8274,442,862f5ad26068a3da287a54bc2fab1c19a99a48c81939d34870be1b85,SP reward for iUSD,11 October 2023,31197,10-01-2024 21:45,12-10-2023 23:00
8275,442,a906c9214bfd42f7299dedeed943496d866cb18ce0f178b0e37d9a97,SP reward for iUSD,11 October 2023,387,10-01-2024 21:45,12-10-2023 23:00
8276,442,08a15c4563f6297afadcb38fdb23a44c8c5771181d618481581f31a7,SP reward for iUSD,11 October 2023,78309,10-01-2024 21:45,12-10-2023 23:00
8277,442,9c8cc3ac2810e440ae1d0d41c4d7cbf79b860b5f315f8d4ed8350d81,SP reward for iUSD,11 October 2023,1240,10-01-2024 21:45,12-10-2023 23:00
8278,442,24715697456eca22df1c613d9f85b0cdb97f2cb5a253d7b7cae5f09f,SP reward for iUSD,11 October 2023,271314,10-01-2024 21:45,12-10-2023 23:00
8279,442,7443fff25d519ebfa4e8783e4180f6b2d7ca64d76b3a3c783694d487,SP reward for iUSD,11 October 2023,4995,10-01-2024 21:45,12-10-2023 23:00
8280,442,ccc6065bab9183933462a4acb0bcea38368806fd4e7435a4e76d3624,SP reward for iUSD,11 October 2023,387013,10-01-2024 21:45,12-10-2023 23:00
8281,442,6f3eb2687c020672e8f99bf2253e22d45fd86bf23d125fe22faf6264,SP reward for iUSD,11 October 2023,11774849,10-01-2024 21:45,12-10-2023 23:00
8282,442,7297266c1e8790a732b07a5a0e0eed06c6c570c69ac34b8e80ac8adb,SP reward for iUSD,11 October 2023,72417,10-01-2024 21:45,12-10-2023 23:00
8283,442,6f860cd15e7d9a0fe71735b338fa4ad81e418ddaae95928bd2994fc1,SP reward for iUSD,11 October 2023,2900078,10-01-2024 21:45,12-10-2023 23:00
8284,442,315da5b171400a2b8d131c70ea53f27b1977bb1fcec1537d70649dac,SP reward for iUSD,11 October 2023,17142,10-01-2024 21:45,12-10-2023 23:00
8285,442,ea8d6023f782f4802d83c0c803c213be848f2a5aec6bceb40a3a71c2,SP reward for iUSD,11 October 2023,183,10-01-2024 21:45,12-10-2023 23:00
8286,442,94b544b36d242aecf2649579a989e97018d5f0003e983e50a0dc2994,SP reward for iUSD,11 October 2023,3014685,10-01-2024 21:45,12-10-2023 23:00
8287,442,6bdf4e6548d770125f81c51ebc92b583787973ead359912e3ccd8e66,SP reward for iUSD,11 October 2023,371451,10-01-2024 21:45,12-10-2023 23:00
8288,442,f013b77ae6ab1f09b5bef9c18f26089ddf57e2e780dc6f1c70746f8c,SP reward for iUSD,11 October 2023,86663,10-01-2024 21:45,12-10-2023 23:00
8289,442,7da76359fef75e30d83f945e689ef4d26db9fd199823020e223169b3,SP reward for iUSD,11 October 2023,625385,10-01-2024 21:45,12-10-2023 23:00
8290,442,fa773cf3b7cb0a80d8ff29e065ad3fc2a4bb075874f3fbac743fd368,SP reward for iUSD,11 October 2023,15486,10-01-2024 21:45,12-10-2023 23:00
8291,442,48e67b9addfc8366aeeebfd3b2bfb1f9f6aa102b44aef6aac664abef,SP reward for iUSD,11 October 2023,387,10-01-2024 21:45,12-10-2023 23:00
8292,442,948214e72eb2e68d27c7a9e8eeffe30d0d2631882d13c1b17552a7ca,SP reward for iUSD,11 October 2023,40636,10-01-2024 21:45,12-10-2023 23:00
8293,442,e3fe1aded971a56dc2ca9fad8d423d3832f7ac0f915911462729f453,SP reward for iUSD,11 October 2023,237110,10-01-2024 21:45,12-10-2023 23:00
8294,442,70f311783e3166f6d6bc39a700b92a2a2610b7cf7f20b5775244b657,SP reward for iUSD,11 October 2023,770316,10-01-2024 21:45,12-10-2023 23:00
8295,442,a78e32382cd9a5a2b8d7700c24cb7ff2b42b14fe8e649beb51d51bf6,SP reward for iUSD,11 October 2023,12384,10-01-2024 21:45,12-10-2023 23:00
8296,442,08abc365d15eb5a450ff8ed2a6207bfa3cb5a0df4ec1ddd0e6636026,SP reward for iUSD,11 October 2023,0,10-01-2024 21:45,12-10-2023 23:00
8297,442,c1b6645d779259c35eb76b24c1246268cab805bccea9e202efa61910,SP reward for iUSD,11 October 2023,181,10-01-2024 21:45,12-10-2023 23:00
8298,442,0a6b28124de76240db2832c69d10c2c64d528b08b31d137113083e2d,SP reward for iUSD,11 October 2023,100433,10-01-2024 21:45,12-10-2023 23:00
8299,442,d0e69129e2a6d9a0ff61abf04b9964bee86e44bca28c63e5b783507a,SP reward for iUSD,11 October 2023,77401,10-01-2024 21:45,12-10-2023 23:00
8300,442,56e1526eba166e9060a8d8eb258e59df76cf752827d1be7a6de02119,SP reward for iUSD,11 October 2023,134053,10-01-2024 21:45,12-10-2023 23:00
8301,442,17b20aff00b6cd78f4ac0c68b92d90346171f461a9e6d22aad787dc9,SP reward for iUSD,11 October 2023,96377,10-01-2024 21:45,12-10-2023 23:00
8302,442,3fc99b5ace443b8b20f99280b237d4982e82f01ce5bd5e1317cf9fe8,SP reward for iUSD,11 October 2023,33699,10-01-2024 21:45,12-10-2023 23:00
8303,442,785a9c718e4d80e2b612ccbf605200b61d0562d2f05c4ef3c4b9ed11,SP reward for iUSD,11 October 2023,11655,10-01-2024 21:45,12-10-2023 23:00
8304,442,a5519ef18d12dae09537ad81bef88d2cf26f0a098a611e2c38312c99,SP reward for iUSD,11 October 2023,28294,10-01-2024 21:45,12-10-2023 23:00
8305,442,1dd8c643a330ff68e47b63be8e261996c69d1708ad07a3788e522310,SP reward for iUSD,11 October 2023,133112,10-01-2024 21:45,12-10-2023 23:00
8306,442,1ec7a4dcfcb759b54f5acc35f348f1862a92992cab701e486a46e6b2,SP reward for iUSD,11 October 2023,2711,10-01-2024 21:45,12-10-2023 23:00
8307,442,ecf1cb14a49abe481c4930be126426df3a7468257a129575cd49b41b,SP reward for iUSD,11 October 2023,74882,10-01-2024 21:45,12-10-2023 23:00
8308,442,5f841de490d21c2b60d865852552b8a829e6ef4fabd1fee7ac7977bd,SP reward for iUSD,11 October 2023,58051,10-01-2024 21:45,12-10-2023 23:00
8309,442,a2d70cfaa0036c4e8ff9d67d82c708bedb8555d2d26d27953aa72b89,SP reward for iUSD,11 October 2023,1515854,10-01-2024 21:45,12-10-2023 23:00
8310,442,5a4fad55fdeabf0d0dfb5d4b75464bf5ee33a8f1edd2015dc0b39c24,SP reward for iUSD,11 October 2023,153699,10-01-2024 21:45,12-10-2023 23:00
8311,442,0a88cfdb4ec15ebaf1211179a242c9de1b82c0b7d567db563db83960,SP reward for iUSD,11 October 2023,317116,10-01-2024 21:45,12-10-2023 23:00
8312,442,6932deb22295a31fb022f0ab0542fa2b64c1b7574d6bacbb6e0c3e48,SP reward for iUSD,11 October 2023,3802,10-01-2024 21:45,12-10-2023 23:00
8313,442,00f2483408518f8f77107b4795978a23d7e3419783a1add171a70e01,SP reward for iUSD,11 October 2023,259295,10-01-2024 21:45,12-10-2023 23:00
8314,442,3ff27f47760d508cbc7e9db201e9fa0a985717f9cbfd307d429ba670,SP reward for iUSD,11 October 2023,1902381,10-01-2024 21:45,12-10-2023 23:00
8315,442,f480fbde43ef244fdc26d00d58708b3ebf0d6db3aeedc8d404c3bcd9,SP reward for iUSD,11 October 2023,38701,10-01-2024 21:45,12-10-2023 23:00
8316,442,4ee18dff52099c980cd8d3a1e85c37110cef73ff901eaabdabc12c60,SP reward for iUSD,11 October 2023,389861,10-01-2024 21:45,12-10-2023 23:00
8317,442,ff8e7203f15bca5e4a5daabba94cb4c7d76ec425eee4071a5299533c,SP reward for iUSD,11 October 2023,106119,10-01-2024 21:45,12-10-2023 23:00
8318,442,7e7cf0f8895addc5cee4e2c2139707a3ff156c06ab0158772912a1ae,SP reward for iUSD,11 October 2023,498300,10-01-2024 21:45,12-10-2023 23:00
8319,442,ddc7d434a87369990847553dbe9a0020ccbf868222cb6193b0303eca,SP reward for iUSD,11 October 2023,116338,10-01-2024 21:45,12-10-2023 23:00
8320,442,163e7ed3a11d4f07038eaa7266da150356eb2de38fbfc74992a1b2d2,SP reward for iUSD,11 October 2023,485,10-01-2024 21:45,12-10-2023 23:00
8321,442,b0418646136117e82f751e82489d865a6ec05301689d2ced4beecc3a,SP reward for iUSD,11 October 2023,47066,10-01-2024 21:45,12-10-2023 23:00
8322,442,cbab5a1070c1bb9df2ed2e466cdfd3fb4b1b7bd24af14e65b46ea556,SP reward for iUSD,11 October 2023,58051,10-01-2024 21:45,12-10-2023 23:00
8323,442,b3c0baac03f058345281c6f2e9b3cfb6a1d112ffd8e2dc5398b8ff27,SP reward for iUSD,11 October 2023,1525155,10-01-2024 21:45,12-10-2023 23:00
8324,442,95fa00657c1613aa2f6a3ff39b636d93ae3106ec72498d3e39b0fa8e,SP reward for iUSD,11 October 2023,89925,10-01-2024 21:45,12-10-2023 23:00
8325,442,b6cdf3c4560e284a5d05fdc1e919565e5e3b6bd51640855b450ccb41,SP reward for iUSD,11 October 2023,1962390,10-01-2024 21:45,12-10-2023 23:00
8326,442,442473fe94bec21e9f98a2aa1ee59955a336ec53ee7e9571a37919fe,SP reward for iUSD,11 October 2023,48444,10-01-2024 21:45,12-10-2023 23:00
8327,442,e31737eff954647c3cfb076fc5ec72a889d3d7b27a875fdf2fd1b379,SP reward for iUSD,11 October 2023,0,10-01-2024 21:45,12-10-2023 23:00
8328,442,64e14912b40c1db7d2bfd71e19890295f04e4a0bf0569050e379b62e,SP reward for iUSD,11 October 2023,602803,10-01-2024 21:45,12-10-2023 23:00
8329,442,d695b98ba895d0c874d7d3e37fcddc0abed1218af810673d64c9a4f0,SP reward for iUSD,11 October 2023,40624,10-01-2024 21:45,12-10-2023 23:00
8330,442,1de7b5c57a2c321f4d30e829c98ca17967671555659cd4679963a702,SP reward for iUSD,11 October 2023,310892,10-01-2024 21:45,12-10-2023 23:00
8331,442,ec9bd9c5e9a69a42d50d7c1a91d1f0331c0db89cdaff294efbb6f5d5,SP reward for iUSD,11 October 2023,44086,10-01-2024 21:45,12-10-2023 23:00
8332,442,5ba4f7eb27d46622d4728a365e4e78b349d96c40cb8e6b17b32814ad,SP reward for iUSD,11 October 2023,25745,10-01-2024 21:45,12-10-2023 23:00
8333,442,ee0d3f0402347e81228151903cf5249eb6303bf0e78b4f488263db90,SP reward for iUSD,11 October 2023,138,10-01-2024 21:45,12-10-2023 23:00
8334,442,f77212fba1bdb4ff7f24eca2412cabbc6b1b0a3b8f75645fe8f51b9a,SP reward for iUSD,11 October 2023,255230,10-01-2024 21:45,12-10-2023 23:00
8335,442,343a6e2b66f769abf99ad58bc6425690fd647ea7221a738a55d94bd6,SP reward for iUSD,11 October 2023,97869,10-01-2024 21:45,12-10-2023 23:00
8336,442,092b7b9ae9bfed9f25757ce431f885b079ba820ec102294ec9f18c5b,SP reward for iUSD,11 October 2023,31620,10-01-2024 21:45,12-10-2023 23:00
8337,442,7922b7b982018c9fb7dc9eba6ff0130ef2785f3b69febda1b3ebd513,SP reward for iUSD,11 October 2023,30638,10-01-2024 21:45,12-10-2023 23:00
8338,442,8873329f3abcaeb2b1164af90d4709146106c2e5922217d7ae5c82fd,SP reward for iUSD,11 October 2023,713494,10-01-2024 21:45,12-10-2023 23:00
8339,442,0dffd2d5af73d5577a3976d171582cf71c0b9c7ad342c2b148f7a369,SP reward for iUSD,11 October 2023,41556,10-01-2024 21:45,12-10-2023 23:00
8340,442,69db3ddacd4bd728026a19f9e8be6d41771d6cfb8cc1706798b3ad1b,SP reward for iUSD,11 October 2023,9812,10-01-2024 21:45,12-10-2023 23:00
8341,442,fd8b12e5733ab14abac15c45c5640e9b8a8dd42c7da181e367d5a210,SP reward for iUSD,11 October 2023,193283,10-01-2024 21:45,12-10-2023 23:00
8342,442,eb0382a090804495fc3003fde29059573bdb73ec2568ea91dc8c3984,SP reward for iUSD,11 October 2023,1366634,10-01-2024 21:45,12-10-2023 23:00
8343,442,803167cc20ac7658f5d139632317419c5ff0d4eeba12d1c7a7d9cf05,SP reward for iUSD,11 October 2023,232287,10-01-2024 21:45,12-10-2023 23:00
8344,442,9f376f894c2b994121f92765e48368c979e9c029a3f4e4ecea793e16,SP reward for iUSD,11 October 2023,14962344,10-01-2024 21:45,12-10-2023 23:00
8345,442,85bcc68578fe0326ae00e8aac5e6c5e734dfc3fc04d8e9a31d27c1ef,SP reward for iUSD,11 October 2023,12338099,10-01-2024 21:45,12-10-2023 23:00
8346,442,c873c75697322b5db843e9c249e669cc125c0e629ad3700729e101e6,SP reward for iUSD,11 October 2023,203515,10-01-2024 21:45,12-10-2023 23:00
8347,442,e6fdaba56d087a16a9d4cd4a298d537bb25843159bbe8c9dfcfa3530,SP reward for iUSD,11 October 2023,156856,10-01-2024 21:45,12-10-2023 23:00
8348,442,05f18a042f7922dc33589f39660bde4f8db1993b472e142d726ec32e,SP reward for iUSD,11 October 2023,109870,10-01-2024 21:45,12-10-2023 23:00
8349,442,5e13abe277486840e30f1659db877d7419046746b4e263c961e69b28,SP reward for iUSD,11 October 2023,8777298,10-01-2024 21:45,12-10-2023 23:00
8350,442,32f0c1cb0c852e6ae372fe350093a8125db1c779e6b1a3d531b1157a,SP reward for iUSD,11 October 2023,1814067,10-01-2024 21:45,12-10-2023 23:00
8351,442,17d29d0c794995d71da6ea5934500e087a6a17455de61b289c09386b,SP reward for iUSD,11 October 2023,33819,10-01-2024 21:45,12-10-2023 23:00
8352,442,98834a3e6ba9bfb2b67115492791bb63d58c51040303830f0a9143e2,SP reward for iUSD,11 October 2023,40203,10-01-2024 21:45,12-10-2023 23:00
8353,442,9057a63eaa2afa9e1f67bdb5d29fd62c59c91d0c79a30e225f079aca,SP reward for iUSD,11 October 2023,2957623,10-01-2024 21:45,12-10-2023 23:00
8354,442,2f01482df3484b64b0427ed10c3827a1d5219fa6a27a7c178620d97d,SP reward for iUSD,11 October 2023,511932,10-01-2024 21:45,12-10-2023 23:00
8355,442,05b8794c06e90623641bbc36252326edc2040d3f75ee94b9effbbda7,SP reward for iUSD,11 October 2023,25398,10-01-2024 21:45,12-10-2023 23:00
8356,442,18f797c7f4e5f911f82a3d0740bdfe2ee44513cd6cafb0ac425ce961,SP reward for iUSD,11 October 2023,143197,10-01-2024 21:45,12-10-2023 23:00
8357,442,d054a3e88aa7d909469f67c6bbaeab11aa87316f08c1eed2b6c2aed3,SP reward for iUSD,11 October 2023,513263,10-01-2024 21:45,12-10-2023 23:00
8358,442,982897eebb4516bb2e68c969145ed6b60afd9581c5395fd8d5f41671,SP reward for iUSD,11 October 2023,811589,10-01-2024 21:45,12-10-2023 23:00
8359,442,d84e831d588461cb5ee6885956aeebf1e280a9830bbe4a166a8f3ece,SP reward for iUSD,11 October 2023,766762,10-01-2024 21:45,12-10-2023 23:00
8360,442,a90c9789e1cc4e2b2b3f0623af62cf6c143918214776980f29b12d12,SP reward for iUSD,11 October 2023,115724,10-01-2024 21:45,12-10-2023 23:00
8361,442,697ed4b4d37e6505d79692e149459fdae0ccd24d11201f9034b6c006,SP reward for iUSD,11 October 2023,10277,10-01-2024 21:45,12-10-2023 23:00
8362,442,5f14eece267f4274f229339fbe54f9f6c207f3e565d81f17360f7314,SP reward for iUSD,11 October 2023,1390444,10-01-2024 21:45,12-10-2023 23:00
8363,442,50b834c5a9617a6a7d88fc1087764dc7df7d8929a68412245e3ddef9,SP reward for iUSD,11 October 2023,124603,10-01-2024 21:45,12-10-2023 23:00
8364,442,4bc42a51d5b86d192f74c6f89fff93b8b4bd983b5afa88f1f30fc307,SP reward for iUSD,11 October 2023,1839161,10-01-2024 21:45,12-10-2023 23:00
8365,442,a10a23ec8c8bc86c8b39bb8d034a7ea407acf952bab967bbd8797d7f,SP reward for iUSD,11 October 2023,74668,10-01-2024 21:45,12-10-2023 23:00
8366,442,dc463d66e78fedc35745fc23dd9073df8049027d973305017e40c328,SP reward for iUSD,11 October 2023,37867,10-01-2024 21:45,12-10-2023 23:00
8367,442,1c348c0ee2a2c36691e877a0058da0def13243399ab568db8db5825c,SP reward for iUSD,11 October 2023,36408,10-01-2024 21:45,12-10-2023 23:00
8368,442,ce736383a9b512a93405b76edf6c6dacdcbe28d75891ac1de0aa339e,SP reward for iUSD,11 October 2023,2488402,10-01-2024 21:45,12-10-2023 23:00
8369,442,fbffa3ca1aa8b1911628181e1757f2976c4981da8ce4a1cd62cde4f0,SP reward for iUSD,11 October 2023,141020,10-01-2024 21:45,12-10-2023 23:00
8370,442,775ef1ace4264239a1f7713dfcf2509b35664a69ff58631d9ca7b43d,SP reward for iUSD,11 October 2023,122735,10-01-2024 21:45,12-10-2023 23:00
8371,442,0cb386bce313c0fb289c915ac51a6b364064c49a910efe10b25f1131,SP reward for iUSD,11 October 2023,9751,10-01-2024 21:45,12-10-2023 23:00
8372,442,d9c8b98111cec63a1f7e9f91c94c8fb21ead1f9057aee130e360af4c,SP reward for iUSD,11 October 2023,692646,10-01-2024 21:45,12-10-2023 23:00
8373,442,f28382adfa047a0f4258f6ebe2dc27f1b31852ad0afa692e553d75e0,SP reward for iUSD,11 October 2023,102563,10-01-2024 21:45,12-10-2023 23:00
8374,442,85dccd823a8eda33c9f680bb5dd7c09479fae10c95732a968f39ddad,SP reward for iUSD,11 October 2023,212502,10-01-2024 21:45,12-10-2023 23:00
8375,442,2e4fa47bb79e7a949afe7120907ed104d82118f209433130746e7c87,SP reward for iUSD,11 October 2023,708507,10-01-2024 21:45,12-10-2023 23:00
8376,442,694a11f7561643073c68202510f71c96127f1dfae84eeeeee2ae7a97,SP reward for iUSD,11 October 2023,259814,10-01-2024 21:45,12-10-2023 23:00
8377,442,0cc8211b4e1b8ad56ffa00ba5b8a54b14c58f48d692bb0957c1364d1,SP reward for iUSD,11 October 2023,38045,10-01-2024 21:45,12-10-2023 23:00
8378,442,058a5ab0c66647dcce82d7244f80bfea41ba76c7c9ccaf86a41b00fe,SP reward for iUSD,11 October 2023,387007,10-01-2024 21:45,12-10-2023 23:00
8379,442,268b50ad94f59bf74b844db64a206111490bce164673364de01ade99,SP reward for iUSD,11 October 2023,31820,10-01-2024 21:45,12-10-2023 23:00
8380,442,c835248f41cb65303bec60d767f0299ea458a19c8c04beb125513487,SP reward for iUSD,11 October 2023,397907,10-01-2024 21:45,12-10-2023 23:00
8381,442,ab0a64f658b137b30ef606a422077d26ffa7cb161c883140ea9a1222,SP reward for iUSD,11 October 2023,91573,10-01-2024 21:45,12-10-2023 23:00
8382,442,cb7e89fcaadfed571c5ed0b22579cce20b89e0407cfc051d8d97fc89,SP reward for iUSD,11 October 2023,5472602,10-01-2024 21:45,12-10-2023 23:00
8383,442,0be100b577b01fb14cd3163192a4b4ef9862a633c140ae6f2c8bf6c2,SP reward for iUSD,11 October 2023,19549,10-01-2024 21:45,12-10-2023 23:00
8384,442,f04e3a2f427f303624958a861d18f657e307e65da73922e8d823d573,SP reward for iUSD,11 October 2023,132613,10-01-2024 21:45,12-10-2023 23:00
8385,442,5d0278f262cee5584be34cb2ae2396dd2ce4f77be03268e418460e39,SP reward for iUSD,11 October 2023,430443,10-01-2024 21:45,12-10-2023 23:00
8386,442,d901310b443168e1fc2d91faeb7f64e19312a8f9ffa2280ad775c1fe,SP reward for iUSD,11 October 2023,1777510,10-01-2024 21:45,12-10-2023 23:00
8387,442,c6aef9c4dd86f4d87ee64da60a47365ddefcce6afe4f81ab201dcd59,SP reward for iUSD,11 October 2023,67637,10-01-2024 21:45,12-10-2023 23:00
8388,442,dede5b62baacdf9db0cc4d64e270375f1178959e709025adf86da9ac,SP reward for iUSD,11 October 2023,159224,10-01-2024 21:45,12-10-2023 23:00
8389,442,a05f633f38a2e39630741c08136382bf304be65bf5173b8de6ea8233,SP reward for iUSD,11 October 2023,97290,10-01-2024 21:45,12-10-2023 23:00
8390,442,5187bd9ddecc2fdfae36f4e67526cc8368478db4478c08bff6a708dc,SP reward for iUSD,11 October 2023,2829,10-01-2024 21:45,12-10-2023 23:00
8391,442,cb57b003edf212f5f09920822915fc2e42c6623428df6c2f9a4aadcd,SP reward for iUSD,11 October 2023,17653263,10-01-2024 21:45,12-10-2023 23:00
8392,442,464d259be57b9500cb956a40b3ac62bf2b6ec3b1d707d77a94e9df70,SP reward for iUSD,11 October 2023,663802,10-01-2024 21:45,12-10-2023 23:00
8393,442,553c24788c7e3923749226ba754c1230965e5a6881e269b89c108012,SP reward for iUSD,11 October 2023,53008,10-01-2024 21:45,12-10-2023 23:00
8394,442,fba609340b44a18a5167d83f7d91d290ee0a6402f9e91518774806fb,SP reward for iUSD,11 October 2023,24524,10-01-2024 21:45,12-10-2023 23:00
8395,442,698ceb483c24a183e0a9efbb33b25789c41494082421f4df6c75803e,SP reward for iUSD,11 October 2023,1607480,10-01-2024 21:45,12-10-2023 23:00
8396,442,c11f654d8903679a66bb77686c7c6f49d09af62f797185f8c7c0e49f,SP reward for iUSD,11 October 2023,425707,10-01-2024 21:45,12-10-2023 23:00
8397,442,282d71e3b5d2f953fda5e9e1060d58339fd99d5addcdad9c83b70e6a,SP reward for iUSD,11 October 2023,390945,10-01-2024 21:45,12-10-2023 23:00
8398,442,e334c9ac9cc8a7f379b6bbd5228bcc12af9b3677a88608f176f592cd,SP reward for iUSD,11 October 2023,322712,10-01-2024 21:45,12-10-2023 23:00
8399,442,d8873d99d8bac628cb99a6bfc97e0c7c1553286d4a62aedde875354b,SP reward for iUSD,11 October 2023,700070,10-01-2024 21:45,12-10-2023 23:00
8400,442,23a4132fbbc480b22e541ce9d36fb2dcf3e97d334f5f1f9cdda8579f,SP reward for iUSD,11 October 2023,4946,10-01-2024 21:45,12-10-2023 23:00
8401,442,94383c0e1505b2041179e4c62e9de5178cd95e9c4884a5a369e4bfdd,SP reward for iUSD,11 October 2023,5943823,10-01-2024 21:45,12-10-2023 23:00
8402,442,9f32afb76121b1f7b8f95eeb67e2e8c13346bd110e2f99ee02647139,SP reward for iUSD,11 October 2023,170162,10-01-2024 21:45,12-10-2023 23:00
8403,442,8fbf2dba947a3e4bcc194190c1bd62b068c0421e7e322c5f63a913f6,SP reward for iUSD,11 October 2023,31898,10-01-2024 21:45,12-10-2023 23:00
8404,442,d74a6efc13c28b96e80fa23036353ec62897443d0ee58a7cae63cb0b,SP reward for iUSD,11 October 2023,205700,10-01-2024 21:45,12-10-2023 23:00
8405,442,d82937c09e5b5a6194fe4f369106beb8d9013941e0546bfe3d674d8d,SP reward for iUSD,11 October 2023,140717,10-01-2024 21:45,12-10-2023 23:00
8406,442,e388024f70a31b9841cda41c8ae43867bce9bae07d348f222edc6081,SP reward for iUSD,11 October 2023,1301841,10-01-2024 21:45,12-10-2023 23:00
8407,442,d20a972f5bddebc47975b4d78f5a5ea7113b8311a84623fe58891b45,SP reward for iUSD,11 October 2023,28271,10-01-2024 21:45,12-10-2023 23:00
8408,442,9ef82b39ec0521ee2054f18b3811007af895c6a3248eb9bf458ebedd,SP reward for iUSD,11 October 2023,1166599,10-01-2024 21:45,12-10-2023 23:00
8409,442,c7433f16ccc68259a53af788ab3d7178af7b97152636957fb2c62dc1,SP reward for iUSD,11 October 2023,265740,10-01-2024 21:45,12-10-2023 23:00
8410,442,84a3845f1764ec4c31ea9d3a5d355b0d7ed82567fb46fc65a18685ad,SP reward for iUSD,11 October 2023,934954,10-01-2024 21:45,12-10-2023 23:00
8411,442,47893efd2d27dd035f8005af5b18cb452af194e3f61b19c57fee1c51,SP reward for iUSD,11 October 2023,5903075,10-01-2024 21:45,12-10-2023 23:00
8412,442,59e2aba1fb0abc61bee1f5f9a772d1681b69dc9b39c50831fd2fa80e,SP reward for iUSD,11 October 2023,14,10-01-2024 21:45,12-10-2023 23:00
8413,442,a98843c2533d5681e29cc5257c9cfa172b4eac792a04c4601962c0f8,SP reward for iUSD,11 October 2023,1751729,10-01-2024 21:45,12-10-2023 23:00
8414,442,57b3dadb9e3e83508002cfb84caf121224704722b831e82aeb9705a2,SP reward for iUSD,11 October 2023,54558,10-01-2024 21:45,12-10-2023 23:00
8415,442,079a22b7bbec3302d9294545f49453f016b7ff5d22a728431ba05ded,SP reward for iUSD,11 October 2023,5445748,10-01-2024 21:45,12-10-2023 23:00
8416,442,5704ede877045beaaf499cf2a9a7f73b1aec49880230fdbd61512f0e,SP reward for iUSD,11 October 2023,464,10-01-2024 21:45,12-10-2023 23:00
8417,442,2650b27630522d003c9542d54127d356f73714d289f491e8daff64f4,SP reward for iUSD,11 October 2023,320095,10-01-2024 21:45,12-10-2023 23:00
8418,442,74abc195569ef29da8d1cf2842d2a34b8e0f7a8b23722ba46606e998,SP reward for iUSD,11 October 2023,1509076,10-01-2024 21:45,12-10-2023 23:00
8419,442,8f72847f16ec95a2ea2a9c6a914ac2d2e45524e7f7665e17c664c32c,SP reward for iUSD,11 October 2023,19998024,10-01-2024 21:45,12-10-2023 23:00
8420,442,09cf80f8ab5cd027f911c64df907e63006e22a1f56f20ba093fe317c,SP reward for iUSD,11 October 2023,2311005,10-01-2024 21:45,12-10-2023 23:00
8421,442,88a1b78ff061c18bf631fed05ffd64139ec46bcfabdb8fd79c99f646,SP reward for iUSD,11 October 2023,8635496,10-01-2024 21:45,12-10-2023 23:00
8422,442,c1cd747fe18cf8260a8115694c82c458f6facfafd5a382447a2a3e03,SP reward for iUSD,11 October 2023,307867,10-01-2024 21:45,12-10-2023 23:00
8423,442,e435792ece3754f9a940629ec319e62c108f06fedc90da30504b776f,SP reward for iUSD,11 October 2023,571259,10-01-2024 21:45,12-10-2023 23:00
8424,442,1227be2193b0f03f9ced11395f01fec9baab09491e545787377e5787,SP reward for iUSD,11 October 2023,1729188,10-01-2024 21:45,12-10-2023 23:00
8425,442,d00c92d92560223d54d47e2332b1937f37e48f8faf44d2735e119b40,SP reward for iUSD,11 October 2023,205671,10-01-2024 21:45,12-10-2023 23:00
8426,442,36f8e2d7f56a884613705fdc41d538014cccd5b812e2628a5ddb0dd7,SP reward for iUSD,11 October 2023,568539,10-01-2024 21:45,12-10-2023 23:00
8427,442,d45412bd659b743dc194f012b7d5fb89e23cb3752460ce286879e9c8,SP reward for iUSD,11 October 2023,581366,10-01-2024 21:45,12-10-2023 23:00
8428,442,7423ab90ed86ee42a4e78d597414b265ae53e202ce56a3b1dfabbef1,SP reward for iUSD,11 October 2023,2548069,10-01-2024 21:45,12-10-2023 23:00
8429,442,2a186360f52023fb2e72d8f9db51d37c9cb73f2a0c9baa970d96b9da,SP reward for iUSD,11 October 2023,4599,10-01-2024 21:45,12-10-2023 23:00
8430,442,155786e476bb13cc43fa713f6f0ce67fd9978b8937adbea7fb9b897e,SP reward for iUSD,11 October 2023,0,10-01-2024 21:45,12-10-2023 23:00
8431,442,b56fdbb66dec9c967d89b574589a540521feb3e33cf3153e02d443e8,SP reward for iUSD,11 October 2023,40386,10-01-2024 21:45,12-10-2023 23:00
8432,442,cb54cfadf73e05aff09561a2fb16e0799fbe9f03b0c4d83b61fa9b4f,SP reward for iUSD,11 October 2023,1994720,10-01-2024 21:45,12-10-2023 23:00
8433,442,cc49c427436479201845dee1a19f6148e015b178c5cace194f9628ef,SP reward for iUSD,11 October 2023,136922,10-01-2024 21:45,12-10-2023 23:00
8434,442,87f24e4fc4a1328618c93c8f4453858062ef19fad9a0da6a58897c3c,SP reward for iUSD,11 October 2023,256901,10-01-2024 21:45,12-10-2023 23:00
8435,442,c8af7ec346eb1242adaeebd3ad327b140d37d084dc75a3e026ce4b39,SP reward for iUSD,11 October 2023,137671,10-01-2024 21:45,12-10-2023 23:00
8436,442,c2174735c17d772c59d5d19d925f29092b36344e24964b3d115637b7,SP reward for iUSD,11 October 2023,112190,10-01-2024 21:45,12-10-2023 23:00
8437,442,8ae7c1900973787d73c17eb1ee974babede3d21b69489f0413815b9b,SP reward for iUSD,11 October 2023,28428,10-01-2024 21:45,12-10-2023 23:00
8438,442,fac447a7a795f2b08ce132a2daa6b394adbe5a6b5a378b705c20dd86,SP reward for iUSD,11 October 2023,8125,10-01-2024 21:45,12-10-2023 23:00
8439,442,a39922fbb194ad7cbb312e63adc84aec33bd4e385ff14dfda64e9eb5,SP reward for iUSD,11 October 2023,1498288,10-01-2024 21:45,12-10-2023 23:00
8440,442,6584bcf113af500d0a3da31cf71613891b5ec591bf920e03518cd20a,SP reward for iUSD,11 October 2023,1588511,10-01-2024 21:45,12-10-2023 23:00
8441,442,338f6ad73e0886541751486f71ceb084279c1ef0babe1ca9a2d58687,SP reward for iUSD,11 October 2023,3124096,10-01-2024 21:45,12-10-2023 23:00
8442,442,337cc0ebe91c677d32b45378aa718afb46e731d20dedca7e71fab356,SP reward for iUSD,11 October 2023,605718,10-01-2024 21:45,12-10-2023 23:00
8443,442,6e905d1b63238bc14a154abf1caf7d960df681fe54b912080253f388,SP reward for iUSD,11 October 2023,227795,10-01-2024 21:45,12-10-2023 23:00
8444,442,a74340a486e8463d7574049adacae6920b126c6776c41ff1fb0ed2ce,SP reward for iUSD,11 October 2023,41299,10-01-2024 21:45,12-10-2023 23:00
8445,442,da206c89b87c2a2e2d5230fa43b194e02a947da30dbf996d01e28a50,SP reward for iUSD,11 October 2023,60405,10-01-2024 21:45,12-10-2023 23:00
8446,442,991cdf984dad30fa2dcd54085e6d4b8689be3edbad0b8d4186c69e7f,SP reward for iUSD,11 October 2023,409863,10-01-2024 21:45,12-10-2023 23:00
8447,442,c19c3361c08376eaf1baaf5c4663dd51eea289a28b4e864a4bdfdd78,SP reward for iUSD,11 October 2023,59478914,10-01-2024 21:45,12-10-2023 23:00
8448,442,5cdd7f4959486306226ebcf1e43d45d7bfe2c4acd7ebafaf2c647248,SP reward for iUSD,11 October 2023,864085,10-01-2024 21:45,12-10-2023 23:00
8449,442,161478c8f8376606bcc5ae29a3d3c4efe4a06ae5009285f447daa51f,SP reward for iUSD,11 October 2023,560478,10-01-2024 21:45,12-10-2023 23:00
8450,442,fd79020d34bdd47dbdfbc9bd9b330d43a0ab87be0e6f96a7328591d0,SP reward for iUSD,11 October 2023,1025132,10-01-2024 21:45,12-10-2023 23:00
8451,442,ba9cdccfb43c0bb8236d5819a7086f1093d0c0a4d6b631ea5eed67bc,SP reward for iUSD,11 October 2023,2161287,10-01-2024 21:45,12-10-2023 23:00
8452,442,fcc20a843a102f03b5a67e2d9567fc74c70c2c2c294b85fa83086611,SP reward for iUSD,11 October 2023,62644602,10-01-2024 21:45,12-10-2023 23:00
8453,442,a4ae6b7d6fde02966811a441c04d72af1ad8a1bafd8684192c5c99f7,SP reward for iUSD,11 October 2023,97001,10-01-2024 21:45,12-10-2023 23:00
8454,442,d293f90ea2fd8c346edc313e42d1d8e3e739282dca078926377f6e1d,SP reward for iUSD,11 October 2023,1056293,10-01-2024 21:45,12-10-2023 23:00
8455,442,7b265e114f73e3211208c90e4ad81cc9c33949b1b14cf64f7bb83b90,SP reward for iUSD,11 October 2023,4596461,10-01-2024 21:45,12-10-2023 23:00
8456,442,3ad5dd18668f5b377db54b25779327cc864e6dfc639209a302c79c9a,SP reward for iUSD,11 October 2023,202789,10-01-2024 21:45,12-10-2023 23:00
8457,442,0b6d4094acb71999783c5f632377b48f9df9fc9e2d90e0fda2fdbdec,SP reward for iUSD,11 October 2023,746970,10-01-2024 21:45,12-10-2023 23:00
8458,442,e0ea68c3e09114bb8b746e67a3e44b5e4c0cdce33c07391dc1f61be2,SP reward for iUSD,11 October 2023,3130833,10-01-2024 21:45,12-10-2023 23:00
8459,442,f7315c71937b8ee2b38ba0cabbb3d24b34186c415cb1a75e1f383666,SP reward for iUSD,11 October 2023,18952,10-01-2024 21:45,12-10-2023 23:00
8460,442,10b776dcc1840a0606e0cad33d6641d643d7e13ace69c9646edf99dd,SP reward for iUSD,11 October 2023,3567236,10-01-2024 21:45,12-10-2023 23:00
8461,442,98c9ede2d55f7f080a56fae1fdaf13fba514696d0ca759c8994b7967,SP reward for iUSD,11 October 2023,1642067,10-01-2024 21:45,12-10-2023 23:00
8462,442,3d4d56f02ddccf47cbebceccd1d5fdf9e2f8020e8fd929e08318922b,SP reward for iUSD,11 October 2023,10468197,10-01-2024 21:45,12-10-2023 23:00
8463,442,fa9c7e0beaad372083bafd39c7cef554824a1e9eb21556676864ab7e,SP reward for iUSD,11 October 2023,10806087,10-01-2024 21:45,12-10-2023 23:00
8464,442,b895c57b4e6630d050de5e09138efc20f7e640d2bc8ffe1c0d14cfba,SP reward for iUSD,11 October 2023,1734034,10-01-2024 21:45,12-10-2023 23:00
8465,442,064bdec62473f25d5eb0cb4e051a3bfb6fd889f02e86c496539846b0,SP reward for iUSD,11 October 2023,47182,10-01-2024 21:45,12-10-2023 23:00
8466,442,35fc0d9a0b03f48768465620b16a3d5902a30dab99d4a7d2c08add5c,SP reward for iUSD,11 October 2023,3944462,10-01-2024 21:45,12-10-2023 23:00
8467,442,c5854b3494829859718d554f59b8fdef5ccec8fdccc9751344e24b3e,SP reward for iUSD,11 October 2023,6430,10-01-2024 21:45,12-10-2023 23:00
8468,442,6ab1e8f492b0ade359dcc23754a37711b11e09f3c300db387a7df62a,SP reward for iUSD,11 October 2023,903628,10-01-2024 21:45,12-10-2023 23:00
8469,442,d6e3d66efb7fa4952880722480e66467a350a17d78a96cdadf979d53,SP reward for iUSD,11 October 2023,1629077,10-01-2024 21:45,12-10-2023 23:00
8470,442,2b895e4b71b00c1b791f9f19402cd8a08898720bf4e990cc4eef77b9,SP reward for iUSD,11 October 2023,78489,10-01-2024 21:45,12-10-2023 23:00
8471,442,2a2acc24ba402b8086208c7018a49ae417d95461d2979b9d994f9035,SP reward for iUSD,11 October 2023,2723641,10-01-2024 21:45,12-10-2023 23:00
8472,442,0cc3fd8d76cf6637dd2bcf040015bb20a7845bee40ac164df50254b6,SP reward for iUSD,11 October 2023,3927897,10-01-2024 21:45,12-10-2023 23:00
8473,442,e6eea7abac12ee5189c640fc562f48ea59a2f121c8403ca97e34cb69,SP reward for iUSD,11 October 2023,51914,10-01-2024 21:45,12-10-2023 23:00
8474,442,df9ea106bd220f6e95c0d6f5a718f8815bafdb5e0421399feff70205,SP reward for iUSD,11 October 2023,146299,10-01-2024 21:45,12-10-2023 23:00
8475,442,9730f04ab71ff759ededcbc4f7b4c8b2353af6885f2741194c98ed61,SP reward for iUSD,11 October 2023,174773,10-01-2024 21:45,12-10-2023 23:00
8476,442,a181fb98e93e123144d85fee0993bd560ed91d82ccb4b9681bdecc95,SP reward for iUSD,11 October 2023,527307,10-01-2024 21:45,12-10-2023 23:00
8477,442,3faabb3508ee0fb5a909dd6e5b73d101c7e0d69fe91f75593c8033e0,SP reward for iUSD,11 October 2023,309360,10-01-2024 21:45,12-10-2023 23:00
8478,442,946c74a18ccd97a6cdb64318cb3374ab72e83c616d30d604e1cb8d20,SP reward for iUSD,11 October 2023,57753345,10-01-2024 21:45,12-10-2023 23:00
8479,442,149c6cbb53238fec80d8e323309c8d81a1ee81ff15cf45af7a16516b,SP reward for iUSD,11 October 2023,0,10-01-2024 21:45,12-10-2023 23:00
8480,442,6c543f866d7e82c724ab7bf7b8ca2568f3a72061fef7a192e8f34616,SP reward for iUSD,11 October 2023,3935408,10-01-2024 21:45,12-10-2023 23:00
8481,442,979f9f2d799f4b0fdc0c6503d435fd4d79d21411095c222a2226d19c,SP reward for iUSD,11 October 2023,3080636,10-01-2024 21:45,12-10-2023 23:00
8482,442,01da9d4fea55755b1bd3017417aeae4b69e15fda2bbdb49d739351ff,SP reward for iUSD,11 October 2023,8195,10-01-2024 21:45,12-10-2023 23:00
8483,442,8aa76b18d1a22584264b2e660df4cca898199cc0cdbb41af9f12fd0f,SP reward for iUSD,11 October 2023,1238104,10-01-2024 21:45,12-10-2023 23:00
8484,442,f1fd5fd7154759c785737edd86ea83fcedaa305ca780e20d69cf294a,SP reward for iUSD,11 October 2023,1437658,10-01-2024 21:45,12-10-2023 23:00
8485,442,8732d6ae48c07b2694e9918fcdfff84e0995b165d4615c32fc76a978,SP reward for iUSD,11 October 2023,1751862,10-01-2024 21:45,12-10-2023 23:00
8486,442,00d5a046be21b4c6c5c6c90c6f831f2b6413cf7c22bd0e0affddf169,SP reward for iUSD,11 October 2023,376647,10-01-2024 21:45,12-10-2023 23:00
8487,442,66245022306cc7bc7c408845ef8eff4b6f3e43b47de7941c95889e62,SP reward for iUSD,11 October 2023,1573257,10-01-2024 21:45,12-10-2023 23:00
8488,442,e09afca138bcdc4bf4da58eb17b98db2572818ba7ac17328f9db9118,SP reward for iUSD,11 October 2023,9786220,10-01-2024 21:45,12-10-2023 23:00
8489,442,e135f30c9c5c572d9dfa6bdc3d20f58403d163e6fb11aeae583a78f0,SP reward for iUSD,11 October 2023,31160,10-01-2024 21:45,12-10-2023 23:00
8490,442,a79e3310327ff57aec9921c729d9a81389fe10aaa398fda3e5ae0fb3,SP reward for iUSD,11 October 2023,898634,10-01-2024 21:45,12-10-2023 23:00
8491,442,2795b7b51bdf9be9e61f92f50bf27bf425f80dcb1044d6bc240c1ed0,SP reward for iUSD,11 October 2023,339407,10-01-2024 21:45,12-10-2023 23:00
8492,442,b85dff549239e4a2cb2ee05686b291f7e251c661364e610fd913475e,SP reward for iUSD,11 October 2023,200551,10-01-2024 21:45,12-10-2023 23:00
8493,442,b7f7ae08769181fd6287c83f74fe18cce31b5bad2e39eeb4ae982f68,SP reward for iUSD,11 October 2023,1883449,10-01-2024 21:45,12-10-2023 23:00
8494,442,072569588caa5cdfcfc07a1bc6e8731d835f6a6f5c077d1d6dee0756,SP reward for iUSD,11 October 2023,419954,10-01-2024 21:45,12-10-2023 23:00
8495,442,04b2d0d78cb7211ad2f3f155d56973076eb41dbe51040db046525ecf,SP reward for iUSD,11 October 2023,18475639,10-01-2024 21:45,12-10-2023 23:00
8496,442,5f75978f9c34609c4720a15d2cb51b1384ef0711a8e4afa7de0d060a,SP reward for iUSD,11 October 2023,482429,10-01-2024 21:45,12-10-2023 23:00
8497,442,8d936446136ef1c56b2be4d5a4f98e6fa1012788406a466f9b713fd0,SP reward for iUSD,11 October 2023,1834942,10-01-2024 21:45,12-10-2023 23:00
8498,442,51ba77a69f4bd280866f41ca99f33f4d0d82db2d7bd7d854b915fc06,SP reward for iUSD,11 October 2023,537948,10-01-2024 21:45,12-10-2023 23:00
8499,442,f5fc2163bd928f1bd4be6463323d1341eb5709ad2fc7780f3a0110bf,SP reward for iUSD,11 October 2023,3668178,10-01-2024 21:45,12-10-2023 23:00
8500,442,930a5a40fb419b4ca1a3d0a2f8cba25c0baeb5949e794034a7fbd1b4,SP reward for iUSD,11 October 2023,106003,10-01-2024 21:45,12-10-2023 23:00
8501,442,ca79ad389e53d6d78f64b08613237df256252d328a6adf8cd3fddaad,SP reward for iUSD,11 October 2023,1261289,10-01-2024 21:45,12-10-2023 23:00
8502,442,426dc9a8ffd26f37ef26cc1e2619df3223ecc9718d8d57801efc5ddc,SP reward for iUSD,11 October 2023,40083,10-01-2024 21:45,12-10-2023 23:00
8503,442,dddc26bc5c16b1fdccc13e72abfc5bbab373d7ceb98132fe51b39e33,SP reward for iUSD,11 October 2023,7646368,10-01-2024 21:45,12-10-2023 23:00
8504,442,9e424dfa5b06d4e6acfe6749af8d6a19bab26f56b09b4c321661e890,SP reward for iUSD,11 October 2023,127216,10-01-2024 21:45,12-10-2023 23:00
8505,442,e30a204b11986043cac4fca3022600e309ad1bd06963affb22fcf3a5,SP reward for iUSD,11 October 2023,4081266,10-01-2024 21:45,12-10-2023 23:00
8506,442,a13cf52d79177a8df19463e96c2d0629cb8affd4c658c60f7c618597,SP reward for iUSD,11 October 2023,9761330,10-01-2024 21:45,12-10-2023 23:00
8507,442,8c861a9b2a144a55f0c8ca8314bc57c3a580324b51fdc6ff2dd4a9d6,SP reward for iUSD,11 October 2023,3275102,10-01-2024 21:45,12-10-2023 23:00
8508,442,0696bd335a574f62f105d7e9eee0f7a2c84c21b9779fa4885654d8e2,SP reward for iUSD,11 October 2023,122859,10-01-2024 21:45,12-10-2023 23:00
8509,442,771cfa350bd4fdc1e17319971cc30b1f224eb81d8afd8ab7866deeb6,SP reward for iUSD,11 October 2023,4073512,10-01-2024 21:45,12-10-2023 23:00
8510,442,d683ff7b8b7ec25d210d61d015c0aa66c0befccaa031851d067af87b,SP reward for iUSD,11 October 2023,223943,10-01-2024 21:45,12-10-2023 23:00
8511,442,a8fe5934b7f4cb3a24db0ae235b002f777c72614d127bb3649809961,SP reward for iUSD,11 October 2023,47135,10-01-2024 21:45,12-10-2023 23:00
8512,442,c1199d9f8fec89635975b43432249e58999e9e1d85e8cff60ad5b329,SP reward for iUSD,11 October 2023,485317,10-01-2024 21:45,12-10-2023 23:00
8513,442,3b51d0cc84f801364b28475d2d494f4f3fb23fe7ab720ebb6bb75437,SP reward for iUSD,11 October 2023,94373,10-01-2024 21:45,12-10-2023 23:00
8514,442,548fece8d2f6e55efda4a70452343bc1f92cac3c1cf8ef250535c048,SP reward for iUSD,11 October 2023,1104089,10-01-2024 21:45,12-10-2023 23:00
8515,442,972bbf37a804f90fae9fee48576beb8611cf3da5cf4834df0cf7160c,SP reward for iUSD,11 October 2023,25616,10-01-2024 21:45,12-10-2023 23:00
8516,442,e2db0579454041b6d16ddc4745cf7f3ad3e0535ee838258f7af685f3,SP reward for iUSD,11 October 2023,122147,10-01-2024 21:45,12-10-2023 23:00
8517,442,0f87c9e4a0a8103f4c6ada1bffe2b608dbcfed9f22ead6d6541ea7f7,SP reward for iUSD,11 October 2023,14448,10-01-2024 21:45,12-10-2023 23:00
8518,442,520656bf9131c244f7925816da91de7e7b8f96b868d358641128120b,SP reward for iUSD,11 October 2023,482500,10-01-2024 21:45,12-10-2023 23:00
8519,442,4161da6570a522b9de574b45ae1ade7338a5dd8e69a40138fa57ac67,SP reward for iUSD,11 October 2023,1749426,10-01-2024 21:45,12-10-2023 23:00
8520,442,3e253558970a2b5956a66d2b5d7ef2a57edb8aaefe9c3ed9f96a4019,SP reward for iUSD,11 October 2023,1371926,10-01-2024 21:45,12-10-2023 23:00
8521,442,c59dfaaf43c38d28e4bf38064a298f6adff6f0ac28a81ca2ba81efd4,SP reward for iUSD,11 October 2023,41749,10-01-2024 21:45,12-10-2023 23:00
8522,442,058f356380a71f1d3d1e14c7f1abba5f716847dfe200f36c3a5aa949,SP reward for iUSD,11 October 2023,813422,10-01-2024 21:45,12-10-2023 23:00
8523,442,d1660b25e17cb23c44f9161fd71df2a4e847f5b1e0b23a4bae71423a,SP reward for iUSD,11 October 2023,129804886,10-01-2024 21:45,12-10-2023 23:00
8524,442,ebb3c77c9d613815a380172a1ccc3f14b656b3a637c068209100501e,SP reward for iUSD,11 October 2023,322532,10-01-2024 21:45,12-10-2023 23:00
8525,442,1be221caa2e043e3f2ac88126788bbab75a92f69f96c4ebd85e5d3da,SP reward for iUSD,11 October 2023,3583317,10-01-2024 21:45,12-10-2023 23:00
8526,442,597619e9233ddb715df243a0d183d89891f3204dcac08dcd692732ef,SP reward for iUSD,11 October 2023,1105293,10-01-2024 21:45,12-10-2023 23:00
8527,442,a0ff3365ef9cd002c84b6d003102a2c1004a3cc675b81d72e1afbf9d,SP reward for iUSD,11 October 2023,813427,10-01-2024 21:45,12-10-2023 23:00
8528,442,d5ffa4e09c6eaa4c882e10d3cc94b6c604e5982bf3715d40d4ec5351,SP reward for iUSD,11 October 2023,103883,10-01-2024 21:45,12-10-2023 23:00
8529,442,9442130f8971114afb57ca22fc0c8bbf9cdd009faba8c714a571d88a,SP reward for iUSD,11 October 2023,61141,10-01-2024 21:45,12-10-2023 23:00
8530,442,e0a01d855bcf78a32e506af2e884320d922b7e884afa2356776dada9,SP reward for iUSD,11 October 2023,1405394,10-01-2024 21:45,12-10-2023 23:00
8531,442,759b2ad795fb741546cb47086bf90dcbfc4e8144e62a824c815c1ffb,SP reward for iUSD,11 October 2023,1315633,10-01-2024 21:45,12-10-2023 23:00
8532,442,c05d3ab97abdcac7e81855b92b59afe40f18b059e9d8cceedc5ef511,SP reward for iUSD,11 October 2023,117142,10-01-2024 21:45,12-10-2023 23:00
8533,442,7ff4364ce33d555ba76e0f7fe601a9a8d5a4c33aadf2caa3c1277225,SP reward for iUSD,11 October 2023,35370,10-01-2024 21:45,12-10-2023 23:00
8534,442,6537c4f74f158a9511a2540c52d32fc302f74acb820acb7e938138dd,SP reward for iUSD,11 October 2023,71988,10-01-2024 21:45,12-10-2023 23:00
8535,442,15606a30af237ef3bfca6b3b7f22d22fe320630f02c84787d533896d,SP reward for iUSD,11 October 2023,1331957,10-01-2024 21:45,12-10-2023 23:00
8536,442,5b06d393e8dfcfc2b19ca8ecc91c242dd437ed72d917391264183f36,SP reward for iUSD,11 October 2023,225769,10-01-2024 21:45,12-10-2023 23:00
8537,442,0aaca0ecc770cb15636d6835e7d1800a38b28741c2eb0e51cddac52f,SP reward for iUSD,11 October 2023,507534,10-01-2024 21:45,12-10-2023 23:00
8538,442,867d0bbc161fa9b4c7fb242b55ac34e39a4c5cb3945ecee645ad2061,SP reward for iUSD,11 October 2023,813155,10-01-2024 21:45,12-10-2023 23:00
8539,442,38912a457ed1811244cdbc1c358671491a7b2844953774a86fa765dc,SP reward for iUSD,11 October 2023,576859,10-01-2024 21:45,12-10-2023 23:00
8540,442,ce654cc45f56f912cea1031b56bf9fdbbd49f77c0717e017805850a5,SP reward for iUSD,11 October 2023,376602,10-01-2024 21:45,12-10-2023 23:00
8541,442,ea29ab4f2420255302bd2c56e8fe74a36f0fcc96a30cf5fad9994b4a,SP reward for iUSD,11 October 2023,6342937,10-01-2024 21:45,12-10-2023 23:00
8542,442,adf9274c6b2a09d1f352088cee4c939f9c8b95f75f761e6927bded63,SP reward for iUSD,11 October 2023,66313,10-01-2024 21:45,12-10-2023 23:00
8543,442,616ae6f4803b2d581ebd1d5cf6b74c35cd5ab3a1b9bd992a9cbee44b,SP reward for iUSD,11 October 2023,144795,10-01-2024 21:45,12-10-2023 23:00
8544,442,fc1c84e08e8e47cda82dfe5d2778002da43570516efe2517c7878226,SP reward for iUSD,11 October 2023,1247,10-01-2024 21:45,12-10-2023 23:00
8545,442,9adca998ba0dd97e2f2720c2ae640088796272ec3f41a6cdf8819fe4,SP reward for iUSD,11 October 2023,51317,10-01-2024 21:45,12-10-2023 23:00
8546,442,9d2414ab252cdd877f2b5aafa6eb7dd60cbf1bb4871ed9e184ed1078,SP reward for iUSD,11 October 2023,1409364,10-01-2024 21:45,12-10-2023 23:00
8547,442,ec189db91bbc7706bf3725f0d2ef8cef34d22b069510395f09fe78c6,SP reward for iUSD,11 October 2023,336187,10-01-2024 21:45,12-10-2023 23:00
8548,442,67b7442696af08df16dc9ca0202f8103f63c679a45df9719c7640e70,SP reward for iUSD,11 October 2023,1624781,10-01-2024 21:45,12-10-2023 23:00
8549,442,c05a3bb916f898f5a4bb6886e7eca889c8f0e337ca7d0ac8a23aadf3,SP reward for iUSD,11 October 2023,1334706,10-01-2024 21:45,12-10-2023 23:00
8550,442,31161a3f479812bb1b676672d89d870a9eb53209c5ac33bec960388e,SP reward for iUSD,11 October 2023,1581152,10-01-2024 21:45,12-10-2023 23:00
8551,442,48d0e3a17973c514a8e6d4f8bb3642a6873ce9b2240ccce4ef953e09,SP reward for iUSD,11 October 2023,13787085,10-01-2024 21:45,12-10-2023 23:00
8552,442,3caee35d0a5e9a6cf25a30b78787b18bef083a4b6342b9717af1bd73,SP reward for iUSD,11 October 2023,1033,10-01-2024 21:45,12-10-2023 23:00
8553,442,5f431f57ad76f9c3feaf03809fb3ba95da61f53fda601021a73f8040,SP reward for iUSD,11 October 2023,2653693,10-01-2024 21:45,12-10-2023 23:00
8554,442,3fd2e25d97a94982155facf50aa12a8b8d12b594d4056660e4a3b86e,SP reward for iUSD,11 October 2023,548420,10-01-2024 21:45,12-10-2023 23:00
8555,442,8c52a614e258853f5194998ddc2ea49943152e67b55e2dddb08f031d,SP reward for iUSD,11 October 2023,3982118,10-01-2024 21:45,12-10-2023 23:00
8556,442,019f3d35ef1c1067784c46f9b165150919cdefda177dd301af373051,SP reward for iUSD,11 October 2023,65607,10-01-2024 21:45,12-10-2023 23:00
8557,442,df027e77e46f186b37c7dd5ef8df0aa6e03402fc383f90bcb28eec6c,SP reward for iUSD,11 October 2023,475423,10-01-2024 21:45,12-10-2023 23:00
8558,442,a37fab79f14d68ea324942d0acb658d887671d6c09f3a5c9284f2348,SP reward for iUSD,11 October 2023,440598,10-01-2024 21:45,12-10-2023 23:00
8559,442,d94f9bc0ffe11ad1005b22a6e5c2b471b29c53510aa81514fc24d95a,SP reward for iUSD,11 October 2023,27696,10-01-2024 21:45,12-10-2023 23:00
8560,442,58c7f9acba6b471706387121c33623fa2d810fe5df6b4b11b72710d6,SP reward for iUSD,11 October 2023,1117414,10-01-2024 21:45,12-10-2023 23:00
8561,442,9bd3f69b4c63d599fdad5b151e8ea20bb61a05995cba211562730ec5,SP reward for iUSD,11 October 2023,414306,10-01-2024 21:45,12-10-2023 23:00
8562,442,f772160fc113955ca1abcd75d7ad581be0665505aabdd70106d59cde,SP reward for iUSD,11 October 2023,99094,10-01-2024 21:45,12-10-2023 23:00
8563,442,9c2b04c3d361d4d72878e7c0c067ce6cdf9f29561bfab5c59728c4e2,SP reward for iUSD,11 October 2023,1537085,10-01-2024 21:45,12-10-2023 23:00
8564,442,85c66ed26b27050fbc7bebe3c85f283ea848da45f15dd05469477684,SP reward for iUSD,11 October 2023,41521,10-01-2024 21:45,12-10-2023 23:00
8565,442,07be0c021a1d4a26ad6e2761767b186961d184259a365cda60002925,SP reward for iUSD,11 October 2023,2712437,10-01-2024 21:45,12-10-2023 23:00
8566,442,c7844a7008ebbd1b2d88d0897769094aca05b7146c3e54cb92182efd,SP reward for iUSD,11 October 2023,3915955,10-01-2024 21:45,12-10-2023 23:00
8567,442,69cc71ae506283df9ddbc57cdbf9a22e090ac05fcb9ba3d1c88445b6,SP reward for iUSD,11 October 2023,151073,10-01-2024 21:45,12-10-2023 23:00
8568,442,32ccbda6329e7a4eeb9c07b53d1b65e9b2c0816c637638070e4b8e22,SP reward for iUSD,11 October 2023,20904,10-01-2024 21:45,12-10-2023 23:00
8569,442,97bf01e140f1cd68d8f3e3fa882f1f10784d33847cbdd3562934fca0,SP reward for iUSD,11 October 2023,6904049,10-01-2024 21:45,12-10-2023 23:00
8570,442,2fa90762885118cf0d7de7ae738a15b63e6faef020101de74c581ffb,SP reward for iUSD,11 October 2023,1096567,10-01-2024 21:45,12-10-2023 23:00
8571,442,ed67c1814130e1843ff71ecceb55817834bc41071a996d3c3683ff07,SP reward for iUSD,11 October 2023,126112,10-01-2024 21:45,12-10-2023 23:00
8572,442,65486825d3effecd2864af2faf9252aca837c7a765deb51ed27ce39c,SP reward for iUSD,11 October 2023,47574,10-01-2024 21:45,12-10-2023 23:00
8573,442,134772ad86746619dd39c1bcfd82c5cbec2872f3fbbae1c289e2c7c4,SP reward for iUSD,11 October 2023,18357,10-01-2024 21:45,12-10-2023 23:00
8574,442,28e6f2f013c597fb1c39699e5bb4c81671f48d77facd478638908785,SP reward for iUSD,11 October 2023,523669,10-01-2024 21:45,12-10-2023 23:00
8575,442,1afac53a4d1a00fdc5c19991c9ab585d92ed50cb9c71ba9c61a36106,SP reward for iUSD,11 October 2023,33062,10-01-2024 21:45,12-10-2023 23:00
8576,442,3da346f70a54cbb8b92754bca59a712f0fbdee9ec98a719610fc516d,SP reward for iUSD,11 October 2023,92749,10-01-2024 21:45,12-10-2023 23:00
8577,442,15f8cfb4da9cb42c4d6e84279d1b38591c14757ffdc34c84d1bcf18d,SP reward for iUSD,11 October 2023,465287,10-01-2024 21:45,12-10-2023 23:00
8578,442,a7793000be35ab0dd64570208d714684e292588d3067948d9cab4b62,SP reward for iUSD,11 October 2023,2268685,10-01-2024 21:45,12-10-2023 23:00
8579,442,f523a5f3501a8277b92972279f52a33a739695801150b40b93894095,SP reward for iUSD,11 October 2023,232583,10-01-2024 21:45,12-10-2023 23:00
8580,442,e464f30caf386f8e7e5c26271a2ec64ac5fe6225d60ba008143b26f8,SP reward for iUSD,11 October 2023,211719,10-01-2024 21:45,12-10-2023 23:00
8581,442,49c2c4f76f238563c5990a35705da21a365ec249e73a1f9bac2893a7,SP reward for iUSD,11 October 2023,2034137,10-01-2024 21:45,12-10-2023 23:00
8582,442,20e6fbd5dc1f0edd267fd7d81a4ee11caa622a2d9f0bf88f98bdec4f,SP reward for iUSD,11 October 2023,5183770,10-01-2024 21:45,12-10-2023 23:00
8583,442,566ee768618e6939c13d38bd4a6b23e2693713d7b7c32ee6f5ec327e,SP reward for iUSD,11 October 2023,260950,10-01-2024 21:45,12-10-2023 23:00
8584,442,463a5cf576b278f5b6ab89f7c531d77640d68b6984c5243b76eeafc7,SP reward for iUSD,11 October 2023,43471334,10-01-2024 21:45,12-10-2023 23:00
8585,442,1d78675c4c641307a6ee67c1632f84df8df0a86997fd07f1c2722d5b,SP reward for iUSD,11 October 2023,24404151,10-01-2024 21:45,12-10-2023 23:00
8586,442,31eec5d71937555a28119e20dadcbe20b67b367b2f31f21957466444,SP reward for iUSD,11 October 2023,2002210,10-01-2024 21:45,12-10-2023 23:00
8587,442,3068b11c69d8a302fc06eeafbf4925a5f538082cb460ee4fe572affb,SP reward for iUSD,11 October 2023,1159129,10-01-2024 21:45,12-10-2023 23:00
8588,442,9c27d064a05530a230fd70489e45395ffe983454d84321fe4e75f3f9,SP reward for iUSD,11 October 2023,201913,10-01-2024 21:45,12-10-2023 23:00
8589,442,790f75f1646bc1e3b0011ba02ba4aafdc814e628089b279c26496bfa,SP reward for iUSD,11 October 2023,78420,10-01-2024 21:45,12-10-2023 23:00
8590,442,e33786fcf09ced1747bbd86e3e123a529483cc477932d9f25c4b0d56,SP reward for iUSD,11 October 2023,20336,10-01-2024 21:45,12-10-2023 23:00
8591,442,ee5592e3bff712a914258c52f57873c0cfc73a7b2c25008fedbcdf9d,SP reward for iUSD,11 October 2023,661244,10-01-2024 21:45,12-10-2023 23:00
8592,442,58acdc666be0607f37ef7af4e459bff0d7e376987c21ef77e8e31f6d,SP reward for iUSD,11 October 2023,398814,10-01-2024 21:45,12-10-2023 23:00
8593,442,3106f6e4a4134df3c3b01a609be2569822f8d662843ad0c6b129ef57,SP reward for iUSD,11 October 2023,169939,10-01-2024 21:45,12-10-2023 23:00
8594,442,bd1facdfaebaaa1e6ad72fe8875efa4365dec911f322dd62e5cc1108,SP reward for iUSD,11 October 2023,1725621,10-01-2024 21:45,12-10-2023 23:00
8595,442,c480783df5b96cc1a051c2bbe8c96d842a2743c747f303c656613e19,SP reward for iUSD,11 October 2023,288508,10-01-2024 21:45,12-10-2023 23:00
8596,442,c89afc2da9175089b41172171fccd8eab4fab0a4c4576d3240e0e2a0,SP reward for iUSD,11 October 2023,384130,10-01-2024 21:45,12-10-2023 23:00
8597,442,b6756686f4eb2913773cd154afd06f721a1eeeb6dd84d37b099acb14,SP reward for iUSD,11 October 2023,254543,10-01-2024 21:45,12-10-2023 23:00
8598,442,7726c3a8c946ad37f87999b66a310d03022322dc54f1a1483b65caf7,SP reward for iUSD,11 October 2023,621009,10-01-2024 21:45,12-10-2023 23:00
8599,442,356ab0d504a33050409178365d8033dfafdcb47f3c68c96db35ed1dc,SP reward for iUSD,11 October 2023,1459721,10-01-2024 21:45,12-10-2023 23:00
8600,442,34b9eb31c69076b836788f32cc4f00a21725cbccace3077105c00801,SP reward for iUSD,11 October 2023,153938,10-01-2024 21:45,12-10-2023 23:00
8601,442,38a6b071d8b300a0a8219cb49ae293024f466985a89f62d6188d0388,SP reward for iUSD,11 October 2023,345,10-01-2024 21:45,12-10-2023 23:00
8602,442,c3945d89b9f99ee385a09971bc4d7bdeedf5e6f809f8f72816ddd692,SP reward for iUSD,11 October 2023,303225,10-01-2024 21:45,12-10-2023 23:00
8603,442,bbd31c139830bdb621bc7f6eb3a95a2f1a9e338466cc28e67e0e9176,SP reward for iUSD,11 October 2023,203777,10-01-2024 21:45,12-10-2023 23:00
8604,442,f8eb5d7378d4d251f3bceece697da34c1d0948481df35d21627dc12e,SP reward for iUSD,11 October 2023,7699828,10-01-2024 21:45,12-10-2023 23:00
8605,442,2e36826d65aabaeb8de141a240ba66e04b5b95764abb00acbe9462f6,SP reward for iUSD,11 October 2023,1450245,10-01-2024 21:45,12-10-2023 23:00
8606,442,602b1ace1b71e19ed66c18aea5034eba1835fcd1f1af03ccdafccd8a,SP reward for iUSD,11 October 2023,2358483,10-01-2024 21:45,12-10-2023 23:00
8607,442,03957962e6d6b35f0c6198ab2869a543a2b940ced3c2ef5c1b067297,SP reward for iUSD,11 October 2023,2711613,10-01-2024 21:45,12-10-2023 23:00
8608,442,d8dc639f4acfae62f5542765643c3dbed62ff861834dbe3ffe374e2f,SP reward for iUSD,11 October 2023,192584,10-01-2024 21:45,12-10-2023 23:00
8609,442,477246487885da2080ac3ba82751d27a45e14f90175f8f358547939e,SP reward for iUSD,11 October 2023,5368970,10-01-2024 21:45,12-10-2023 23:00
8610,442,6362594e81cc4bf5946e14a30cf676df0db656ba14dadf367ab90167,SP reward for iUSD,11 October 2023,2303831,10-01-2024 21:45,12-10-2023 23:00
8611,442,b0d6004a93f5ebcbca3d9df0d90dd40d56118c2d092bf4073450c7cf,SP reward for iUSD,11 October 2023,56208,10-01-2024 21:45,12-10-2023 23:00
8612,442,675b807ea9db6ba3e0c36d27e7372ed6fbe458369582f43cc40d204b,SP reward for iUSD,11 October 2023,2324934,10-01-2024 21:45,12-10-2023 23:00
8613,442,c97315e414c9b15a013f216d0345e1669cfbdd86681ed6891e1eb33f,SP reward for iUSD,11 October 2023,1624763,10-01-2024 21:45,12-10-2023 23:00
8614,442,db54bcae18acd1d59a371bd68630025ea86c34496cd7a50f66941c8c,SP reward for iUSD,11 October 2023,359664,10-01-2024 21:45,12-10-2023 23:00
8615,442,57e92d3e09431522de9fc2d1a499f59e997484bb93eb418d77ca727d,SP reward for iUSD,11 October 2023,2643443,10-01-2024 21:45,12-10-2023 23:00
8616,442,8a116fd370e6f96a9c008b885423555af7b57a39644593768bd24ec9,SP reward for iUSD,11 October 2023,203116,10-01-2024 21:45,12-10-2023 23:00
8617,442,e3c282ec2d0472122cdab3e4c64988c7ea90154a2c3b0b3842b13812,SP reward for iUSD,11 October 2023,1296992,10-01-2024 21:45,12-10-2023 23:00
8618,442,b9a88f9937812d62270598b7d72d15364271ece5276dac5636f3612a,SP reward for iUSD,11 October 2023,414793,10-01-2024 21:45,12-10-2023 23:00
8619,442,e60036e669f3f5eeb7b9eaa7634b5f6559b63f452c1c07b561dabdd6,SP reward for iUSD,11 October 2023,1220135,10-01-2024 21:45,12-10-2023 23:00
8620,442,06126a123250e0920b44678709da9d6d06d9edca5ecc7c532ac49aad,SP reward for iUSD,11 October 2023,6342895,10-01-2024 21:45,12-10-2023 23:00
8621,442,b1cf6e2d6f48b04ca81b5240c6863c43be3dde6202a121800a79efad,SP reward for iUSD,11 October 2023,112699,10-01-2024 21:45,12-10-2023 23:00
8622,442,84c9a45c5123c84cb6186adf1f103d3cb4793808002903cca2cbf9d3,SP reward for iUSD,11 October 2023,183559,10-01-2024 21:45,12-10-2023 23:00
8623,442,24f988ff2d6c698e40546682235b29ce08d28d58610087a8b51d4f7b,SP reward for iUSD,11 October 2023,105747,10-01-2024 21:45,12-10-2023 23:00
8624,442,37659fd936489ba08c0f7122f30d034594d20804392ba14cd2a6d362,SP reward for iUSD,11 October 2023,6053,10-01-2024 21:45,12-10-2023 23:00
8625,442,d815c1f4f8e6ea1b4dc012b9d6d48d8ca315c7cddc030c3c7bf780bf,SP reward for iUSD,11 October 2023,3039394,10-01-2024 21:45,12-10-2023 23:00
8626,442,3763f45c7d35bfe90ca08bf7715f3bb84347e80cb3ed92ee67367b1e,SP reward for iUSD,11 October 2023,712183,10-01-2024 21:45,12-10-2023 23:00
8627,442,1df63cc335e2a445f6966f645c3bf1150e8bea0bf025a17431df1b19,SP reward for iUSD,11 October 2023,1932107,10-01-2024 21:45,12-10-2023 23:00
8628,442,568b65fadfb32178198768d1bff91956f5dba957701ce300719237b4,SP reward for iUSD,11 October 2023,2730770,10-01-2024 21:45,12-10-2023 23:00
8629,442,9b5ca3c44c5b45ec37beb7dba0a3376e091d5d78dd13e3f5d6900701,SP reward for iUSD,11 October 2023,155843,10-01-2024 21:45,12-10-2023 23:00
8630,442,83f774ceadbc91b2bf50c6f36088196389100ad4145260fa555011b2,SP reward for iUSD,11 October 2023,32669039,10-01-2024 21:45,12-10-2023 23:00
8631,442,f9923c442169c78c8497d522bc88de59231aa0f68a45a7d70432fcf7,SP reward for iUSD,11 October 2023,205401,10-01-2024 21:45,12-10-2023 23:00
8632,442,fbef6731c54624c0a119298ccf1f1d4a764c8c8ca250c1a855e4cb98,SP reward for iUSD,11 October 2023,102040,10-01-2024 21:45,12-10-2023 23:00
8633,442,b6c8fe09bf3e01359bb5e52c84ff99fc767338874c39af9ae0a6ff61,SP reward for iUSD,11 October 2023,525875,10-01-2024 21:45,12-10-2023 23:00
8634,442,ff459cbd1daf01031d056e85b0495b66ae7167dca9cbfa0f6a77b73c,SP reward for iUSD,11 October 2023,7498,10-01-2024 21:45,12-10-2023 23:00
8635,442,d1e84ced90cffff9442cc47648e7e407a8fc75dbd8eda0c7940d0ba7,SP reward for iUSD,11 October 2023,8534015,10-01-2024 21:45,12-10-2023 23:00
8636,442,f90286cdbcbcace1a08c240643031a82a7e443d38affc318b3203340,SP reward for iUSD,11 October 2023,75180,10-01-2024 21:45,12-10-2023 23:00
8637,442,bac21d6e640bca31e1e2192d788000937e1aeebc73ffebf36f8e3f61,SP reward for iUSD,11 October 2023,2743335,10-01-2024 21:45,12-10-2023 23:00
8638,442,19b46b0b16bbbc3a6f7b67ddd2a5e21dbe1b3b232a9e02109c20350f,SP reward for iUSD,11 October 2023,5013456,10-01-2024 21:45,12-10-2023 23:00
8639,442,39877111400f9a79d24abcc719b82f76dfe94cdb01f2cc8108f6bc87,SP reward for iUSD,11 October 2023,166781,10-01-2024 21:45,12-10-2023 23:00
8640,442,793e0684fd2dfa7d12295503072537909790139c8f47c8d84a54a58a,SP reward for iUSD,11 October 2023,928249,10-01-2024 21:45,12-10-2023 23:00
8641,442,62669c7b2fa3a398a172523e076ee963f74cf17345505391d2cbbe81,SP reward for iUSD,11 October 2023,5084055,10-01-2024 21:45,12-10-2023 23:00
8642,442,b11f12e256590d6f349702a08a9def66cbc7b490cba621d3a6b51f81,SP reward for iUSD,11 October 2023,35324905,10-01-2024 21:45,12-10-2023 23:00
8643,442,e1a8082c47e07a5033dac58e317d904b814c3a3d26d9abe1647274b7,SP reward for iUSD,11 October 2023,711957,10-01-2024 21:45,12-10-2023 23:00
8644,442,c3830b9a5c243a77b2326f19f0edcbdaf25b24d271c10effc510dd1e,SP reward for iUSD,11 October 2023,348512,10-01-2024 21:45,12-10-2023 23:00
8645,442,f0759375e806e0212efd939c5734c9894fd1f309d3da6471e068bdde,SP reward for iUSD,11 October 2023,3437612,10-01-2024 21:45,12-10-2023 23:00
8646,442,fc20e842413e9a330b9af6cfc94c587341c3d17171a0745bd7760c7b,SP reward for iUSD,11 October 2023,275159,10-01-2024 21:45,12-10-2023 23:00
8647,442,7d5b6a4c6a729bcc64f2d0fda08165edee4cbe08d27c3469d6310ab5,SP reward for iUSD,11 October 2023,2433904,10-01-2024 21:45,12-10-2023 23:00
8648,442,0f602b5d99125a213ff9978c6dfca3147a2daf71d7baa9807b6d395b,SP reward for iUSD,11 October 2023,59986,10-01-2024 21:45,12-10-2023 23:00
8649,442,2cecd0fd37e5687e134176c75bd4ce60bbe35b5d44f9f35831a6fc6b,SP reward for iUSD,11 October 2023,612811,10-01-2024 21:45,12-10-2023 23:00
8650,442,dc02a9a676d69f4e922c09f33317f719240fbb8b2e53993055b5bfa8,SP reward for iUSD,11 October 2023,46428,10-01-2024 21:45,12-10-2023 23:00
8651,442,50b984ca982d833e08f2bd2124164aef4193d86503cb484ecbeb1abc,SP reward for iUSD,11 October 2023,404110,10-01-2024 21:45,12-10-2023 23:00
8652,442,3440301225c582d0a5a6a0a5beec84e9589d670ed742b1cf94d7200c,SP reward for iUSD,11 October 2023,247596,10-01-2024 21:45,12-10-2023 23:00
8653,442,6529526c142d3ad732905661d94ccde0cb84f9c32b804a94c6f0d496,SP reward for iUSD,11 October 2023,21811,10-01-2024 21:45,12-10-2023 23:00
8654,442,16af0db2d287df23f43f80b06b04415537fd9b6408c1cb5894da1329,SP reward for iUSD,11 October 2023,3025451,10-01-2024 21:45,12-10-2023 23:00
8655,442,7502c5c924fda27047c2cdff8e5a3ebf823c8427387b674b12b0203d,SP reward for iUSD,11 October 2023,64561,10-01-2024 21:45,12-10-2023 23:00
8656,442,ebb991fd7a308e0c5801dea21c6f29c56a0a7f0718eaab26f17cfd71,SP reward for iUSD,11 October 2023,17440,10-01-2024 21:45,12-10-2023 23:00
8657,442,4fef1de46ca4dffc70cafbce94918dc9e28000d395411532f418a73d,SP reward for iUSD,11 October 2023,1246451,10-01-2024 21:45,12-10-2023 23:00
8658,442,18e4a3d3fcc5dee4b932b901795dd9f7e6ac57c448fca07e2f564029,SP reward for iUSD,11 October 2023,276327,10-01-2024 21:45,12-10-2023 23:00
8659,442,01f8201d8a816667a60991c48558305e0b2bafa074ff269a195b000b,SP reward for iUSD,11 October 2023,148874,10-01-2024 21:45,12-10-2023 23:00
8660,442,f28c3220c1ae8fc4846b5a19a3f967b01d23baf00eceb0a1d20798a4,SP reward for iUSD,11 October 2023,1416072,10-01-2024 21:45,12-10-2023 23:00
8661,442,f3130be9403c8d8e8ceb4803c8ebd09bca4bc858cc1a2f3d5df7df44,SP reward for iUSD,11 October 2023,1039125,10-01-2024 21:45,12-10-2023 23:00
8662,442,acbe358480fadcc61b45f05bb1a0ce24fac05c7ceb808b6426f19a32,SP reward for iUSD,11 October 2023,888957,10-01-2024 21:45,12-10-2023 23:00
8663,442,a753860cbfd3884ffd93ee7ae4762a618855a982c2bcff3da2623281,SP reward for iUSD,11 October 2023,40671,10-01-2024 21:45,12-10-2023 23:00
8664,442,eff15a8eee7dbe991d1c3779f3bd9c07e99324872ae6cc7dadd673c4,SP reward for iUSD,11 October 2023,618990,10-01-2024 21:45,12-10-2023 23:00
8665,442,ac2046ccb667a00d612e1d217598538ff8534c61a606aa5cea610b0e,SP reward for iUSD,11 October 2023,534977,10-01-2024 21:45,12-10-2023 23:00
8666,442,fd604bfce2089228bb84742efa2a90ad7f678753149f4949b376143f,SP reward for iUSD,11 October 2023,6884641,10-01-2024 21:45,12-10-2023 23:00
8667,442,5d6cf27ed5bb7540f7d6c438ca36abddf5d14e80c1296c53e8528428,SP reward for iUSD,11 October 2023,815162,10-01-2024 21:45,12-10-2023 23:00
8668,442,b13f6eedf1c86039db072fa86c1dcfdc43e2521cdd829816c4eeebfa,SP reward for iUSD,11 October 2023,654806,10-01-2024 21:45,12-10-2023 23:00
8669,442,4666d47f11e1b5bb0466790bd92e1ffc477a94229862fe75e2bac853,SP reward for iUSD,11 October 2023,1635395,10-01-2024 21:45,12-10-2023 23:00
8670,442,3e608b808ac2b73e56d957e5fd8cf54a8e3aba6cd767ea493d43c857,SP reward for iUSD,11 October 2023,332704,10-01-2024 21:45,12-10-2023 23:00
8671,442,0de7c3f3373ee0b1fa6291fddb92a9f4c95e4d641aa2a3d95ed3427f,SP reward for iUSD,11 October 2023,359475,10-01-2024 21:45,12-10-2023 23:00
8672,442,55ef464ca22cf92698284b40810e51777b3bbaece5007d513dd80d3d,SP reward for iUSD,11 October 2023,185115,10-01-2024 21:45,12-10-2023 23:00
8673,442,3c214daef68d919ae91cc5eb7447fc6d795b6019a6df4e3191028999,SP reward for iUSD,11 October 2023,1357191,10-01-2024 21:45,12-10-2023 23:00
8674,442,ac50c97a84362198cd8fde5a960e06f04f3599bc381042bdef7504c4,SP reward for iUSD,11 October 2023,5302964,10-01-2024 21:45,12-10-2023 23:00
8675,442,e045f130feb7516719cd65015be7c19c14472d8eb4ad366646b710b4,SP reward for iUSD,11 October 2023,122188,10-01-2024 21:45,12-10-2023 23:00
8676,442,c0a18966da2223d1debc23c3d6e0c6da5a98f8dd524afebad47606a8,SP reward for iUSD,11 October 2023,4744718,10-01-2024 21:45,12-10-2023 23:00
8677,442,d23af189dfd9dca942127a0859d3f9067f14a39da809165eea25ceea,SP reward for iUSD,11 October 2023,2184614,10-01-2024 21:45,12-10-2023 23:00
8678,442,80cd4da4e55a97f5c7f7e66de2162101e9725b2aa44aff4e6a4e1e33,SP reward for iUSD,11 October 2023,15264544,10-01-2024 21:45,12-10-2023 23:00
8679,442,004bf5f83e7a21b3955d26b5d1c5b0384fdb1b04c4f86ab83bd380e0,SP reward for iUSD,11 October 2023,663478,10-01-2024 21:45,12-10-2023 23:00
8680,442,b5fa924a6516810a8829c4a262f2a000b3d0e6650da99da8283ff7f2,SP reward for iUSD,11 October 2023,2171880,10-01-2024 21:45,12-10-2023 23:00
8681,442,a39926586271cd40910a9efa7a9bb2d6a53d7852b444ec240a99f0f9,SP reward for iUSD,11 October 2023,560021,10-01-2024 21:45,12-10-2023 23:00
8682,442,00f552d264a6ea476b3110914a7d22ae1b9dc63642bf28b8ab868370,SP reward for iUSD,11 October 2023,814493,10-01-2024 21:45,12-10-2023 23:00
8683,442,289a3c0892e0aeed1136e982f9c81ce4e7f4cddb43c271b8ed06022e,SP reward for iUSD,11 October 2023,3953553,10-01-2024 21:45,12-10-2023 23:00
8684,442,c791b0468b1d96791a8bfa48e1bf1b8896bed00f4b019fd2c74e3d45,SP reward for iUSD,11 October 2023,351624,10-01-2024 21:45,12-10-2023 23:00
8685,442,320e55778975e8adfa8f6c4f7122ce55e42352035ab0ce806652566c,SP reward for iUSD,11 October 2023,82873,10-01-2024 21:45,12-10-2023 23:00
8686,442,5446c91da475b225e7ce82798f89ec461f909b2d79d1abda178b5578,SP reward for iUSD,11 October 2023,2040953,10-01-2024 21:45,12-10-2023 23:00
8687,442,b8c95d9c879fe985c2a59cd6de2baeda050c5010e8eee6bb84c65be5,SP reward for iUSD,11 October 2023,24202,10-01-2024 21:45,12-10-2023 23:00
8688,442,093d90f3179c6ef978ad029694d305ec504508859a0370f81ff4b8e6,SP reward for iUSD,11 October 2023,4799708,10-01-2024 21:45,12-10-2023 23:00
8689,442,725fca12f5495b2d9c9be40376355bb56f673261a0c0fefcc0e83128,SP reward for iUSD,11 October 2023,1959606,10-01-2024 21:45,12-10-2023 23:00
8690,442,b08acb2a5e023f462f8bb88f048af578c5309cf48fcc4060fba31d67,SP reward for iUSD,11 October 2023,387310,10-01-2024 21:45,12-10-2023 23:00
8691,442,bed90820701ec88d79cb4536bc0f0d5d9eadea4038f704ea26aebd7b,SP reward for iUSD,11 October 2023,263044,10-01-2024 21:45,12-10-2023 23:00
8692,442,cb078d63d583cfe46b0b9a49c3987707adacd6e8b850fc1b5c299330,SP reward for iUSD,11 October 2023,184246,10-01-2024 21:45,12-10-2023 23:00
8693,442,3e73960a6b141b9fae4ce09bfd1edcb6c94e4f397cec014d5ba78d5a,SP reward for iUSD,11 October 2023,99707,10-01-2024 21:45,12-10-2023 23:00
8694,442,bf97ad99b5269c15e3726290f95f0fc0ec8dbada31183778548d9da0,SP reward for iUSD,11 October 2023,120,10-01-2024 21:45,12-10-2023 23:00
8695,442,a599571d436d6d4796f955247b1e358fa4275e063273d81dc5845a47,SP reward for iUSD,11 October 2023,323679,10-01-2024 21:45,12-10-2023 23:00
8696,442,a2b3fc71aa466e489bef35c30ca8b4a9388f701ab0cd73c9c81a5409,SP reward for iUSD,11 October 2023,4992215,10-01-2024 21:45,12-10-2023 23:00
8697,442,e57655e6fd41f82f6fd30e24ff080f774abe81f53acd6c9e7b2ed26f,SP reward for iUSD,11 October 2023,4340,10-01-2024 21:45,12-10-2023 23:00
8698,442,344b062d324fb1d5c2604c5381acd0e0dc8eac7fe94613a1dd1c9ee5,SP reward for iUSD,11 October 2023,5370622,10-01-2024 21:45,12-10-2023 23:00
8699,442,c26c7ab05aad4fc7c613886e5d59553b1289b6b349991bf7ae3a2771,SP reward for iUSD,11 October 2023,1043003,10-01-2024 21:45,12-10-2023 23:00
8700,442,5f72d303494a69c373f7274fdda564ac7701ce6a2aead2bbcf5922c7,SP reward for iUSD,11 October 2023,284104,10-01-2024 21:45,12-10-2023 23:00
8701,442,b853f02fc861b655e981baba6d5966f508073101756edc0a8acf015f,SP reward for iUSD,11 October 2023,4205378,10-01-2024 21:45,12-10-2023 23:00
8702,442,20f8b4934963ae0ba07830e3d41e2ed682f8b2a40d6a1d3934e00358,SP reward for iUSD,11 October 2023,534260,10-01-2024 21:45,12-10-2023 23:00
8703,442,356aa4fa03e001aafa876b3eff7ed8f2abd9bc2cb3533de1432ebd07,SP reward for iUSD,11 October 2023,3965474,10-01-2024 21:45,12-10-2023 23:00
8704,442,06c41cc6030933d2dc73d3a4c7c929b7e1c75c7d5b1429ff7e16c950,SP reward for iUSD,11 October 2023,154908,10-01-2024 21:45,12-10-2023 23:00
8705,442,e73f8221818a9210e967ecb08660f46173cbf8e00e4abc582d751bcd,SP reward for iUSD,11 October 2023,132691,10-01-2024 21:45,12-10-2023 23:00
8706,442,0c879d816213df21eea5927738fb62a99c6c3d83b0ddf741a6cbffd5,SP reward for iUSD,11 October 2023,61516,10-01-2024 21:45,12-10-2023 23:00
8707,442,9cd08cc76ae69ff518811af8d0a51a88d43a4c657a0c04e9224cc8cb,SP reward for iUSD,11 October 2023,230337,10-01-2024 21:45,12-10-2023 23:00
8708,442,e2bb2644330629dff10fd78d7117ced090e0dd84edcab0dba9428825,SP reward for iUSD,11 October 2023,343168,10-01-2024 21:45,12-10-2023 23:00
8709,442,16715d026650c3515527dd5417e77b80705d6fe5bd257aab4281ee88,SP reward for iUSD,11 October 2023,244915,10-01-2024 21:45,12-10-2023 23:00
8710,442,e30fca4c9c548c925fe71b35bd611143d6c305a5ce0ab3d4dc89e483,SP reward for iUSD,11 October 2023,146459,10-01-2024 21:45,12-10-2023 23:00
8711,442,1c17a2b47f85fbfb39d92c74636c3febf1c4171c923fcb69f1d9cc15,SP reward for iUSD,11 October 2023,13593429,10-01-2024 21:45,12-10-2023 23:00
8712,442,be552efef0ae24a7f47968faea2c71fe28a7b64a31469cfde8731017,SP reward for iUSD,11 October 2023,372899,10-01-2024 21:45,12-10-2023 23:00
8713,442,a75b85adb72818fe321fa0338f5a48f5e52b2d8dfe28ac947e692fca,SP reward for iUSD,11 October 2023,2061934,10-01-2024 21:45,12-10-2023 23:00
8714,442,ff935aa9517ed6dbb666d91a00c0172972ac4f6de32420c025a23e37,SP reward for iUSD,11 October 2023,320014592,10-01-2024 21:45,12-10-2023 23:00
8715,442,cb1f173c0e4e3624f51a0b1c2706174478d1cda344a04a9fb9224b1c,SP reward for iUSD,11 October 2023,6743049,10-01-2024 21:45,12-10-2023 23:00
8716,442,e59513fe36ef7f5a94ef7c7dde91d74f3d7a1e30d34fbdf00fb1ff51,SP reward for iUSD,11 October 2023,9578345,10-01-2024 21:45,12-10-2023 23:00
8717,442,8d727e5efe8b4f92eec8dc33c48f000e3c6a310b8c7931468eef5695,SP reward for iUSD,11 October 2023,8183,10-01-2024 21:45,12-10-2023 23:00
8718,442,5834339402f6bd810d57a87203feb467b602289e6cdce6d204216ce2,SP reward for iUSD,11 October 2023,322616,10-01-2024 21:45,12-10-2023 23:00
8719,442,ac7c9aa9dcf6170c1c1bbd03ca3d73d28aae0faa179aed78b2f57e0c,SP reward for iUSD,11 October 2023,4797375,10-01-2024 21:45,12-10-2023 23:00
8720,442,c03296235e1dc8ce38f8081530a426f6c14e0a1d50beef76c99c5b7e,SP reward for iUSD,11 October 2023,6100854,10-01-2024 21:45,12-10-2023 23:00
8721,442,54f8269df233658b118fa1e8733a1a87d080a4fa52f9fcdfb6f792c5,SP reward for iUSD,11 October 2023,4985333,10-01-2024 21:45,12-10-2023 23:00
8722,442,15b1c955c67f473e448f7a4cd7bc5ffeff8d8bf29a3ab67677b28166,SP reward for iUSD,11 October 2023,4710120,10-01-2024 21:45,12-10-2023 23:00
8723,442,c83c13c91af421b95b9187ac7dd6aef77250ba8717f172cc1225835d,SP reward for iUSD,11 October 2023,11895134,10-01-2024 21:45,12-10-2023 23:00
8724,442,78774ad9d2f51203d1174cd8aba30079bfdf9167a1cef196cb3f1591,SP reward for iUSD,11 October 2023,11496346,10-01-2024 21:45,12-10-2023 23:00
8725,442,bd0e265030bc20473b5439118a11afdfcd1f68b726312d2f0878a695,SP reward for iUSD,11 October 2023,1699827,10-01-2024 21:45,12-10-2023 23:00
8726,442,4cdab7ea3cade7fb97f1439fe55d27d1a460b4e62b8a092cf72fd94f,SP reward for iUSD,11 October 2023,2565699,10-01-2024 21:45,12-10-2023 23:00
8727,442,1481f185759f8a258cfa7eff8c2dbf98e999cd0f989b6277d3128f7e,SP reward for iUSD,11 October 2023,281459,10-01-2024 21:45,12-10-2023 23:00
8728,442,8792ebecb003fca8841e4209dea309bb7e13dbec3ea086585bfe7a8f,SP reward for iUSD,11 October 2023,1516182,10-01-2024 21:45,12-10-2023 23:00
8729,442,7bdd0506ab1adc6beaadc78e64b18d9c9773d0a67a79e788f83c7d7c,SP reward for iUSD,11 October 2023,187106,10-01-2024 21:45,12-10-2023 23:00
8730,442,eb399c4149c7004a187d460e10d8e524215b9b39e600560ce8f42806,SP reward for iUSD,11 October 2023,411975,10-01-2024 21:45,12-10-2023 23:00
8731,442,72a5906a5f5265ec69132dccdf9ca9575c707ae00afa2c04edff9420,SP reward for iUSD,11 October 2023,352517,10-01-2024 21:45,12-10-2023 23:00
8732,442,c590affd526db47b19bcb411793bba5d639c1f5885fafc47838cd22e,SP reward for iUSD,11 October 2023,61483,10-01-2024 21:45,12-10-2023 23:00
8733,442,22778de05c70977723ea69a0ba94506ab39b2cc9e76b8f47e69c260a,SP reward for iUSD,11 October 2023,2917393,10-01-2024 21:45,12-10-2023 23:00
8734,442,3491b29d4e106d7ab7f964cdc2dcb1702ad1167958c7627d08e538b7,SP reward for iUSD,11 October 2023,11422,10-01-2024 21:45,12-10-2023 23:00
8735,442,0937ceb93300c18f55c5fa769aca62b3351eff447ce774ce48917074,SP reward for iUSD,11 October 2023,87457,10-01-2024 21:45,12-10-2023 23:00
8736,442,ba09c8e4dbf16e2a30135173b2d4cff506adcc55110cb5279f7f606f,SP reward for iUSD,11 October 2023,111942,10-01-2024 21:45,12-10-2023 23:00
8737,442,18bb77afff9a31c784156be903ecc9e454ca741847a5970b1fbb848a,SP reward for iUSD,11 October 2023,610068,10-01-2024 21:45,12-10-2023 23:00
8738,442,38f0144422fa44ab4880fe15fbf9056968ea7abe89c7e5a07b347f61,SP reward for iUSD,11 October 2023,260215,10-01-2024 21:45,12-10-2023 23:00
8739,442,07c59e348504d75a47aa875c80c5f7c537f4153637fb942f8f21f7e4,SP reward for iUSD,11 October 2023,106294,10-01-2024 21:45,12-10-2023 23:00
8740,442,b5e29b13b00ba8a4b4e60c434ac0b462f3dabfbc3be5ab7bfb81450d,SP reward for iUSD,11 October 2023,205363,10-01-2024 21:45,12-10-2023 23:00
8741,442,7d5258011fecab08aae5aebab8b28abbe2d0667777ba836007a62f80,SP reward for iUSD,11 October 2023,9979341,10-01-2024 21:45,12-10-2023 23:00
8742,442,804812f6f6bfe1c64c605f45d33cf18ddd77baca1a269796b4e318fa,SP reward for iUSD,11 October 2023,0,10-01-2024 21:45,12-10-2023 23:00
8743,442,97abddf0ccc26df60a24679fe7080de9ead18fa0d973a115ce072ca8,SP reward for iUSD,11 October 2023,1270253,10-01-2024 21:45,12-10-2023 23:00
8744,442,ca0f77040a2b74ee79cb3a2c8046083e364c853648d64885a75ae35e,SP reward for iUSD,11 October 2023,11789,10-01-2024 21:45,12-10-2023 23:00
8745,442,4ffd983ef901bb1e55290fc75d3fc487fa5b5dce965ec6ecc9380d8e,SP reward for iUSD,11 October 2023,522937,10-01-2024 21:45,12-10-2023 23:00
8746,442,b7cb900c5e8740430eb0b9aca279498d523fb6da96c2bf3ac424ea2f,SP reward for iUSD,11 October 2023,225881,10-01-2024 21:45,12-10-2023 23:00
8747,442,731f87d5ee7275023a1a2e34e209e32844edf304e4f34ad54ace3ec9,SP reward for iUSD,11 October 2023,8612078,10-01-2024 21:45,12-10-2023 23:00
8748,442,8d9f07138fbec27a505c2800f79653639a09487e702622bc52bc7ac4,SP reward for iUSD,11 October 2023,83631,10-01-2024 21:45,12-10-2023 23:00
8749,442,3fa947e323dbb04a99340158948804eab323afdc3bd5cf37e28f90f2,SP reward for iUSD,11 October 2023,268531417,10-01-2024 21:45,12-10-2023 23:00
8750,442,3afa612c1bef384caa2dfa6c02a2b90515ea5daaaaafbf63421a4288,SP reward for iUSD,11 October 2023,1113658,10-01-2024 21:45,12-10-2023 23:00
8751,442,ddef66ce8b077adb0fba93f624cc313017ce71831268f1b77c56d4bb,SP reward for iUSD,11 October 2023,4877280,10-01-2024 21:45,12-10-2023 23:00
8752,442,7d2f89e8109a3d667ec7c3434e33d59cab1f194e93cec686e132154a,SP reward for iUSD,11 October 2023,50962660,10-01-2024 21:45,12-10-2023 23:00
8753,442,0211d6442d3174f57a65754564de7e85bba87230a5be71f4918dd0de,SP reward for iUSD,11 October 2023,325086,10-01-2024 21:45,12-10-2023 23:00
8754,442,284839fc9946e6331dada95c3f7c14e995b738b0e580d8079c50bac1,SP reward for iUSD,11 October 2023,2202,10-01-2024 21:45,12-10-2023 23:00
8755,442,72c9e78affd169b3c516b8c8c4c453135ce82c3d931655e39466e5f4,SP reward for iUSD,11 October 2023,117286,10-01-2024 21:45,12-10-2023 23:00
8756,442,eec262031b5b78bd61e1f5aaeb37110ab6599407ab82682ad1798d21,SP reward for iUSD,11 October 2023,616032,10-01-2024 21:45,12-10-2023 23:00
8757,442,cf59324e35572473a1c164ace3b16a04c1893f82aae9557abe429d89,SP reward for iUSD,11 October 2023,437538,10-01-2024 21:45,12-10-2023 23:00
8758,442,a199d2ec461153020ee18bbdfe5e4e3a2c9778bc4d265ef7dc64a6b8,SP reward for iUSD,11 October 2023,503871,10-01-2024 21:45,12-10-2023 23:00
8759,442,9b314b76487603dec62a43cfeea584dae73cd42e7f83871495974fdb,SP reward for iUSD,11 October 2023,167501,10-01-2024 21:45,12-10-2023 23:00
8760,442,6f51c66d3a29c2d5f030cfb8e21376e24c1cf22150ac86f5bc9c9ba2,SP reward for iUSD,11 October 2023,1691936,10-01-2024 21:45,12-10-2023 23:00
8761,442,b17f5c642012ab04e7a5be4be1874ac440a47a833a9f7b51068725a8,SP reward for iUSD,11 October 2023,67017,10-01-2024 21:45,12-10-2023 23:00
8762,442,7346e0ad8dce5c04702ca60dd0d4526e2df5d483f1761718ee53aad5,SP reward for iUSD,11 October 2023,166882,10-01-2024 21:45,12-10-2023 23:00
8763,442,fc55c89d46d1d91ae22800425a8b9a02b75ab9ec6a1b5eec94da8643,SP reward for iUSD,11 October 2023,27728,10-01-2024 21:45,12-10-2023 23:00
8764,442,cadfdb0549c45784f9a15dc15dc655dd67e6e256a544835945d36116,SP reward for iUSD,11 October 2023,100140,10-01-2024 21:45,12-10-2023 23:00
8765,442,6c2969be3ba190cae7a10d817dbdc74a6c2a1a897607151d4f1d41b6,SP reward for iUSD,11 October 2023,26600,10-01-2024 21:45,12-10-2023 23:00
8766,442,213a6315a3adfd1ec92b7975944a66e033cafbc8af03c734093cdaec,SP reward for iUSD,11 October 2023,13579532,10-01-2024 21:45,12-10-2023 23:00
8767,442,d0ec8085d919d5923b24bc9f6ec992581a58fcca9e552c5a65ba6699,SP reward for iUSD,11 October 2023,2774585,10-01-2024 21:45,12-10-2023 23:00
8768,442,4cb2eb343a9f29be1c2550732c532cf3d2a846cce4b12691379bdc70,SP reward for iUSD,11 October 2023,19546,10-01-2024 21:45,12-10-2023 23:00
8769,442,c327beebd731f0bb58b05726c2730c899b4153536cf1d329abf24400,SP reward for iUSD,11 October 2023,1229772,10-01-2024 21:45,12-10-2023 23:00
8770,442,f7ed694b5400755f16abd854b61b1229087d37ebc1560ca5237290e9,SP reward for iUSD,11 October 2023,136815,10-01-2024 21:45,12-10-2023 23:00
8771,442,dbd9c61554e7f039b6d4eeaa12977fd06872e65ee8b7069c967c8ead,SP reward for iUSD,11 October 2023,77363,10-01-2024 21:45,12-10-2023 23:00
8772,442,ac0aef286f1f60dd4f08fe7ca834192eb1eeeb7995b77c8d37f16cc0,SP reward for iUSD,11 October 2023,90362,10-01-2024 21:45,12-10-2023 23:00
8773,442,d60e724de921571ec9a732fad7ec0673fb9665e2b41040cfc8193289,SP reward for iUSD,11 October 2023,719529,10-01-2024 21:45,12-10-2023 23:00
8774,442,d28984c713366768ef92d78cdf6375539bc637d329226151e915c315,SP reward for iUSD,11 October 2023,5398,10-01-2024 21:45,12-10-2023 23:00
8775,442,39c9cbc0d355ef4b7d5338c0279c3c8cb299f08ba70a62222116b638,SP reward for iUSD,11 October 2023,987,10-01-2024 21:45,12-10-2023 23:00
8776,442,35f31e0e99aa11179513402c64432bf50299e9a87276e8acd9fe765a,SP reward for iUSD,11 October 2023,2034645,10-01-2024 21:45,12-10-2023 23:00
8777,442,63aade055d90301cd816870ee5a3c9fc67d769274b8633e7a7893f05,SP reward for iUSD,11 October 2023,3961304,10-01-2024 21:45,12-10-2023 23:00
8778,442,9cffd98682b61f22ad13b19130b79edf9efba37b87b1bb216786bb22,SP reward for iUSD,11 October 2023,343869,10-01-2024 21:45,12-10-2023 23:00
8779,442,939599008b9c90675392a3352031aa45ab10e13d3d3ee551560cb222,SP reward for iUSD,11 October 2023,104712,10-01-2024 21:45,12-10-2023 23:00
8780,442,a21b4bac0ec5723e223e741f675761f2c57c67be59ad3ce0e04ea732,SP reward for iUSD,11 October 2023,14235292,10-01-2024 21:45,12-10-2023 23:00
8781,442,0b1db916e7560c61e187d688e00f936a0730a88d1049e89f4ece9e9a,SP reward for iUSD,11 October 2023,1822296,10-01-2024 21:45,12-10-2023 23:00
8782,442,45abdcb44b0185fd8070fddfb5bcfdde6dacb8c0a51a77aa9a00bff1,SP reward for iUSD,11 October 2023,289423,10-01-2024 21:45,12-10-2023 23:00
8783,442,9fc0aa81aa9df42604e00ff8d2d2f9de39a47b2a3f82a4bde0e9a18f,SP reward for iUSD,11 October 2023,1526523,10-01-2024 21:45,12-10-2023 23:00
8784,442,4c80764f5b682045f12a83303d017d4dbe90f09f76b2108a5c44ae54,SP reward for iUSD,11 October 2023,228585,10-01-2024 21:45,12-10-2023 23:00
8785,442,7328ab6d917830c7db07347e34d628bd76421d260b9064231a34955e,SP reward for iUSD,11 October 2023,40800,10-01-2024 21:45,12-10-2023 23:00
8786,442,15463608644619930e85359a450203791e94e59274cdd04115529ca1,SP reward for iUSD,11 October 2023,417387,10-01-2024 21:45,12-10-2023 23:00
8787,442,741934bd37c4397abd4a082de2246e631b9e217eda5e0fc2d49f962e,SP reward for iUSD,11 October 2023,5753048,10-01-2024 21:45,12-10-2023 23:00
8788,442,718607c6f9f1e8594a276ef720e9700b9a3c8ef74994c63ea81a8a48,SP reward for iUSD,11 October 2023,12283281,10-01-2024 21:45,12-10-2023 23:00
8789,442,78286944b6758ecbd9179c981466d8a007296b1e09fc3cf53add1fd8,SP reward for iUSD,11 October 2023,57,10-01-2024 21:45,12-10-2023 23:00
8790,442,add22687547b52ee682e6d576776af097ef9374ecce09681b9b43715,SP reward for iUSD,11 October 2023,1679266,10-01-2024 21:45,12-10-2023 23:00
8791,442,f900131a6e5bcf3de88bfa2d0399806c5f3b11d7f5318bb0c8caa560,SP reward for iUSD,11 October 2023,6100677,10-01-2024 21:45,12-10-2023 23:00
8792,442,d50c73e053e8b346e743d4fed861c4d41ef1fbef7be51b945c07626d,SP reward for iUSD,11 October 2023,13015,10-01-2024 21:45,12-10-2023 23:00
8793,442,ec3543779054d04588489cf33d9ec5889566af60493f4cbc45a06b20,SP reward for iUSD,11 October 2023,213961,10-01-2024 21:45,12-10-2023 23:00
8794,442,1c5c66accafe1e7b1d68e2a98c71a638f0b11c1b453cfae08bcc9d44,SP reward for iUSD,11 October 2023,1981855,10-01-2024 21:45,12-10-2023 23:00
8795,442,b373312847450184a46f876faa486f624c049338c180197e1f582109,SP reward for iUSD,11 October 2023,803055,10-01-2024 21:45,12-10-2023 23:00
8796,442,3fbdca8a85a77bb7448f2aed7fc255737afce334c27beb34abea0f98,SP reward for iUSD,11 October 2023,8796318,10-01-2024 21:45,12-10-2023 23:00
8797,442,da5777317d38da5dd141983fcca79dabf42358f94571a700f362b2e3,SP reward for iUSD,11 October 2023,52404,10-01-2024 21:45,12-10-2023 23:00
8798,442,1fb1c72ebf96a6768fae696c153566f58d9e115accc56b2fb34d1e8a,SP reward for iUSD,11 October 2023,197250,10-01-2024 21:45,12-10-2023 23:00
8799,442,311581cc43e3438d6a4ab9010493ac484e2c6fbc602bc9a974b28905,SP reward for iUSD,11 October 2023,25469255,10-01-2024 21:45,12-10-2023 23:00
8800,442,ecdd6a81ee434c3d773a0b6b27d426b3d86ee4f8edbb4016e5a6883d,SP reward for iUSD,11 October 2023,45183,10-01-2024 21:45,12-10-2023 23:00
8801,442,112a2e39403b4c465eba58266531b82db8c7950ebae17b0aed8a6d88,SP reward for iUSD,11 October 2023,1320273,10-01-2024 21:45,12-10-2023 23:00
8802,442,36f4acc790ade8685561ee452d290cddfaae730872d02a25fd4d65cc,SP reward for iUSD,11 October 2023,27591,10-01-2024 21:45,12-10-2023 23:00
8803,442,4a327222227863b7a44a7d9ef1e8148060bf75334ea1015e18617e17,SP reward for iUSD,11 October 2023,164034,10-01-2024 21:45,12-10-2023 23:00
8804,442,ad397033e75060b31ecb2d07be8b315c9c27ec739aa7779703d70a6f,SP reward for iUSD,11 October 2023,234863,10-01-2024 21:45,12-10-2023 23:00
8805,442,b1f361d9b52c1685ae487c85a5e85581681b7955a1690aaf8f8f859e,SP reward for iUSD,11 October 2023,8824877,10-01-2024 21:45,12-10-2023 23:00
8806,442,6c8ecb2a0a26b86449201ea03fe11aeefc109c8e5e1d650779c01b7c,SP reward for iUSD,11 October 2023,200534,10-01-2024 21:45,12-10-2023 23:00
8807,442,2c1ef015c1c1f7ebd56316e4f1e06504b9c2fe0542b70c2651235b5f,SP reward for iUSD,11 October 2023,5490616,10-01-2024 21:45,12-10-2023 23:00
8808,442,d9c22f53b65de245d53960e0ebc869bcce325869e0474dbac405ce2a,SP reward for iUSD,11 October 2023,5490710,10-01-2024 21:45,12-10-2023 23:00
8809,442,c1ca0e406c026b2c5bea93a87adcdb47d35ff84fa11aad36bf508bdb,SP reward for iUSD,11 October 2023,5490670,10-01-2024 21:45,12-10-2023 23:00
8810,442,f704a30ed24b42848a7f70f6deac1c07abb2ea48d7945f9a42e0ad57,SP reward for iUSD,11 October 2023,5490732,10-01-2024 21:45,12-10-2023 23:00
8811,442,6a533d3d8b24b11eb758e2ffc8fc95fed6a5bde46e2f504d72526c21,SP reward for iUSD,11 October 2023,168399809,10-01-2024 21:45,12-10-2023 23:00
8812,442,9cdf11e9f7832510865cf609be23fce37c331324a087d334801d435d,SP reward for iUSD,11 October 2023,120814,10-01-2024 21:45,12-10-2023 23:00
8813,442,3d1a58cebecdb0438ecfca3282dae61aa698c1e04023c0901802aa07,SP reward for iUSD,11 October 2023,9621313,10-01-2024 21:45,12-10-2023 23:00
8814,442,25f72ed81edb52dae35faab76d1b7c204e8c6d6883595945ba813405,SP reward for iUSD,11 October 2023,1000801,10-01-2024 21:45,12-10-2023 23:00
8815,442,56f9881cc7b8f0499c7484239db1487686d0a50a99966e0cc207b4b9,SP reward for iUSD,11 October 2023,248252,10-01-2024 21:45,12-10-2023 23:00
8816,442,d399a98b14f6eee4454a0b840974ac6a305258a268bef3241822b2a1,SP reward for iUSD,11 October 2023,104287,10-01-2024 21:45,12-10-2023 23:00
8817,442,0e6cdb5fa7bf493d9ed69f78d665fce1444b9ab01581708f065883a8,SP reward for iUSD,11 October 2023,4882353,10-01-2024 21:45,12-10-2023 23:00
8818,442,13b074156634e2289f02e34616d97b9aad91069a43173660645f4f04,SP reward for iUSD,11 October 2023,7896,10-01-2024 21:45,12-10-2023 23:00
8819,442,5bdd4037f2764926f4dd31d36b409f8e8bcaa81bf28557e1ff770a77,SP reward for iUSD,11 October 2023,326689,10-01-2024 21:45,12-10-2023 23:00
8820,442,b52cb42a74956b4f7e0ab073697063b5747dee86d66492ab392aa4bf,SP reward for iUSD,11 October 2023,119847,10-01-2024 21:45,12-10-2023 23:00
8821,442,d38b26fb9b460883ad49b8be8efae6a39413a4cf65ca3a84b6a14f65,SP reward for iUSD,11 October 2023,2652844,10-01-2024 21:45,12-10-2023 23:00
8822,442,0fcd5515a7c42ff375fbe24915bf94140f3ae6559957291e2fc8cb98,SP reward for iUSD,11 October 2023,646673,10-01-2024 21:45,12-10-2023 23:00
8823,442,e105290df587390be33d256392f378bfd7709dca5c16de6ff1958de1,SP reward for iUSD,11 October 2023,274,10-01-2024 21:45,12-10-2023 23:00
8824,442,418be7cbf9d37e1ed38d316e3f1f21a33cd6733ebd7457145447a830,SP reward for iUSD,11 October 2023,3593533,10-01-2024 21:45,12-10-2023 23:00
8825,442,bd96fe20f8f49764a9bf949244b85abf65f8e99cd523619b535e4b96,SP reward for iUSD,11 October 2023,1580924,10-01-2024 21:45,12-10-2023 23:00
8826,442,d171c764b68e3006a17366dbbd2b5b1d1641e584991c8524ac72458f,SP reward for iUSD,11 October 2023,835036,10-01-2024 21:45,12-10-2023 23:00
8827,442,8351381f3d57006ab1ad26a61f27eb351978dfb81900f26c6c09ae9c,SP reward for iUSD,11 October 2023,21575888,10-01-2024 21:45,12-10-2023 23:00
8828,442,a843952052121af4fbe1030d1f04efc1e600e34c01c56f48ac6c7dda,SP reward for iUSD,11 October 2023,118196,10-01-2024 21:45,12-10-2023 23:00
8829,442,e292dc90457553865ecf16f586d72185fe4ef1afb2dc708f7099e4dd,SP reward for iUSD,11 October 2023,553544,10-01-2024 21:45,12-10-2023 23:00
8830,442,72b2ee7e7da3d21829fc9e4ef5cb12279c153c3698c60c1d756e3802,SP reward for iUSD,11 October 2023,109146,10-01-2024 21:45,12-10-2023 23:00
8831,442,384e4f4c87a5bd3dd8d09c1a1c6338326c83a6a2269c1c184402d6f2,SP reward for iUSD,11 October 2023,14699445,10-01-2024 21:45,12-10-2023 23:00
8832,442,9a2468984f0481f9e23b7537207c3f5ebee0803e8cd93be6e89b18da,SP reward for iUSD,11 October 2023,2074466,10-01-2024 21:45,12-10-2023 23:00
8833,442,df4963de19f6c6e078c717c629a8f6c2f76288212972bd31a8506cf1,SP reward for iUSD,11 October 2023,122106776,10-01-2024 21:45,12-10-2023 23:00
8834,442,8e253a76b29eb45b7574793772261b6bcfb20df13aa0a71708db9025,SP reward for iUSD,11 October 2023,3254029,10-01-2024 21:45,12-10-2023 23:00
8835,442,b5da9e118db3222b3e37d8a6efff50f8ea09c66841a73d89a4e800d8,SP reward for iUSD,11 October 2023,27354177,10-01-2024 21:45,12-10-2023 23:00
8836,442,4d5da618c7b48388366354c11d5e897d2449b087b523fd083fa0970f,SP reward for iUSD,11 October 2023,1859530,10-01-2024 21:45,12-10-2023 23:00
8837,442,d2ea9a7da4080401add22f56da15e04c0782243c196215658ee9da65,SP reward for iUSD,11 October 2023,1542689,10-01-2024 21:45,12-10-2023 23:00
8838,442,a21ad32e6fdf1ed6d0ffdec01e71a481dc2b0c8ec0290f2ed9f227c1,SP reward for iUSD,11 October 2023,494519,10-01-2024 21:45,12-10-2023 23:00
8839,442,339b73b1b15979d187c162f22707d3d86918dedd5716e748d9a8478b,SP reward for iUSD,11 October 2023,2711102,10-01-2024 21:45,12-10-2023 23:00
8840,442,f4035fabf6ceffc8d7ba6defb2a76bf77e2fd6f447f37c9037340990,SP reward for iUSD,11 October 2023,2032,10-01-2024 21:45,12-10-2023 23:00
8841,442,342b901edef65bf1a7dc2e6cf40a410d0e2b94104e6995e0de3ced6c,SP reward for iUSD,11 October 2023,4885111,10-01-2024 21:45,12-10-2023 23:00
8842,442,9a4ba27a659af4a3e6fda495dc7720eb94ff861f40139bf935f37053,SP reward for iUSD,11 October 2023,58715,10-01-2024 21:45,12-10-2023 23:00
8843,442,a7be8a752e7a0674fd8a0ca46842080d422d7e2beb34eeb64ab71d50,SP reward for iUSD,11 October 2023,158373,10-01-2024 21:45,12-10-2023 23:00
8844,442,138e6f1324b88fc7e3c520e1ce26fb28d0fd99871c45b0e83c80f900,SP reward for iUSD,11 October 2023,855171,10-01-2024 21:45,12-10-2023 23:00
8845,442,a40e609ccc120bb815930cd6ce47826e6c41aa94ec92c9f5e93ec9dd,SP reward for iUSD,11 October 2023,0,10-01-2024 21:45,12-10-2023 23:00
8846,442,78b355ef81f783f5efe26565142565159adb6d0fe2ff17631c37540c,SP reward for iUSD,11 October 2023,181224,10-01-2024 21:45,12-10-2023 23:00
8847,442,71995412f0cdf4fb3b1d74d635c4aa6b9ccc26aa02f37b966ff7917d,SP reward for iUSD,11 October 2023,2117559,10-01-2024 21:45,12-10-2023 23:00
8848,442,eeb30b031f8ddd6c5766289a4faebc9fb55ea39eaff3dbaf28d106dd,SP reward for iUSD,11 October 2023,200789,10-01-2024 21:45,12-10-2023 23:00
8849,442,450549a64ff2191f5f8ec657f941a3e5c18e855f05ca3d60aec82ef6,SP reward for iUSD,11 October 2023,87452,10-01-2024 21:45,12-10-2023 23:00
8850,442,fd84357990c85741e74703ffc003798059eecfc6cd9ee37c98e93fd8,SP reward for iUSD,11 October 2023,249878,10-01-2024 21:45,12-10-2023 23:00
8851,442,5375703a1815206253bce83d4c52cc18b6571def1bedf6c257575293,SP reward for iUSD,11 October 2023,19867348,10-01-2024 21:45,12-10-2023 23:00
8852,442,ae21d695a4bbcd6814a06c40ed6418c314e69cc4c4ab0825696d09b8,SP reward for iUSD,11 October 2023,9664013,10-01-2024 21:45,12-10-2023 23:00
8853,442,7efb273865feb908d7ddba513de17352e1554b62e62f9f417113749b,SP reward for iUSD,11 October 2023,3589,10-01-2024 21:45,12-10-2023 23:00
8854,442,687653ac9ebf1ad73d6b6fe9dff1cfea8a863ea63ceea35d614da592,SP reward for iUSD,11 October 2023,3412044,10-01-2024 21:45,12-10-2023 23:00
8855,442,fb3ff81c860fdb7fe4ac1c77e05c94d7a2a68b070e6ed6c32139287d,SP reward for iUSD,11 October 2023,201793,10-01-2024 21:45,12-10-2023 23:00
8856,442,f5cbf0a3e518fc57aec9d6ff992e084610aedbbc53695c4d200c0c3e,SP reward for iUSD,11 October 2023,282544,10-01-2024 21:45,12-10-2023 23:00
8857,442,bd30ea6190963a733df8cbcd7c4685011e47309ea6ac059adc61897b,SP reward for iUSD,11 October 2023,8245881,10-01-2024 21:45,12-10-2023 23:00
8858,442,1d51ddeeed19f4b9ea5580dadec3f4d2b3faffaf9733c0ea48e7e51b,SP reward for iUSD,11 October 2023,40795212,10-01-2024 21:45,12-10-2023 23:00
8859,442,5549e47cc751bd3ea39c302038ed15de03593797992f85d62ec3588b,SP reward for iUSD,11 October 2023,42397545,10-01-2024 21:45,12-10-2023 23:00
8860,442,b9979b3a9ceee50179595a54a5e1224aee35f9d541d2bb807636c085,SP reward for iUSD,11 October 2023,115538,10-01-2024 21:45,12-10-2023 23:00
8861,442,fba8d8b4540834cf4a429dd21d96df1b9aa9232c87cb7c22e5a91ec4,SP reward for iUSD,11 October 2023,1563454,10-01-2024 21:45,12-10-2023 23:00
8862,442,fdc9272f3ac1db456c05ea777081d86566f69baf4bc13fb50ff98f6e,SP reward for iUSD,11 October 2023,5478680,10-01-2024 21:45,12-10-2023 23:00
8863,442,ac3c50ea2d28002aa9ec67009a7e17deb2aa49e77864a4c3f9b70682,SP reward for iUSD,11 October 2023,1106993,10-01-2024 21:45,12-10-2023 23:00
8864,442,619db89e32d3347ca98cb4718f91695154e3a3f7d383af693a4dabc8,SP reward for iUSD,11 October 2023,420186,10-01-2024 21:45,12-10-2023 23:00
8865,442,6a265f49673f07dfe98986652005699b530568459255901f1d4dcfce,SP reward for iUSD,11 October 2023,1619153,10-01-2024 21:45,12-10-2023 23:00
8866,442,6a454ac65fe62709fb8b2f46b6ed76a6497997c2eb9cfd9b4de35940,SP reward for iUSD,11 October 2023,5838337,10-01-2024 21:45,12-10-2023 23:00
8867,442,b8068204d500dc3f05682f175a6ef0d68e8b9d9744f928156c1bd9ed,SP reward for iUSD,11 October 2023,1002551,10-01-2024 21:45,12-10-2023 23:00
8868,442,5a1495f98852fd394dfe23119301d750e8c6e2cdece6a0085c87b9de,SP reward for iUSD,11 October 2023,2958422,10-01-2024 21:45,12-10-2023 23:00
8869,442,690b0a92962d8e5940212f11e4e414db2a6a773f06923adaa063bf7a,SP reward for iUSD,11 October 2023,42873208,10-01-2024 21:45,12-10-2023 23:00
8870,442,742e13aeb9130597e75cb1e4201368884b223a027760b1614ddcd514,SP reward for iUSD,11 October 2023,337571,10-01-2024 21:45,12-10-2023 23:00
8871,442,0a7bc8293ae50dd74ae399b261446abff238ea7c564ad52a52168e0b,SP reward for iUSD,11 October 2023,29953577,10-01-2024 21:45,12-10-2023 23:00
8872,442,86eb782a5d8954de2d05e54a3c34ae714eaba6e44ef8886cfdddea48,SP reward for iUSD,11 October 2023,474845,10-01-2024 21:45,12-10-2023 23:00
8873,442,14746b63e5284f875a9fca071d78a2950106356ea2f8837e3d362fa9,SP reward for iUSD,11 October 2023,1076782,10-01-2024 21:45,12-10-2023 23:00
8874,442,29512c5afb810967ddccd68d0b66bdcd884b0a6d84cfb0c0fb5a1c89,SP reward for iUSD,11 October 2023,441443,10-01-2024 21:45,12-10-2023 23:00
8875,442,a485b6436c9f49a331655fa1574405c3e9bb1ead65e84b91f28fe826,SP reward for iUSD,11 October 2023,24125501,10-01-2024 21:45,12-10-2023 23:00
8876,442,d13077d5b036f1895fba9b1ecd9c5fae30d8cd30022c6481c175eed0,SP reward for iUSD,11 October 2023,2818,10-01-2024 21:45,12-10-2023 23:00
8877,442,e67cc70986bb4859cda7576c229bb9ae82e41ff0f203f5bb52741364,SP reward for iUSD,11 October 2023,4012194,10-01-2024 21:45,12-10-2023 23:00
8878,442,2b4aa51896041c905eac490447f886afe8eb67f3b05b1000ce976cb8,SP reward for iUSD,11 October 2023,12264450,10-01-2024 21:45,12-10-2023 23:00
8879,442,b10c7dd14700813748087d6fbfd03a8c3b83f6cb191743f5e35f7d84,SP reward for iUSD,11 October 2023,16572993,10-01-2024 21:45,12-10-2023 23:00
8880,442,b01f0c44e67df1b4b6554d0e86a6b3d2529cdabb099bb8cba9af32f9,SP reward for iUSD,11 October 2023,4976493,10-01-2024 21:45,12-10-2023 23:00
8881,442,dceb6f76062e47c7f0824460a7cead1eeb4f9d450f5af0d6fb9b4b07,SP reward for iUSD,11 October 2023,244428,10-01-2024 21:45,12-10-2023 23:00
8882,442,02b80d9935da7f00d97323735ff2641d938b14f3ecd24b01a990afe5,SP reward for iUSD,11 October 2023,478176,10-01-2024 21:45,12-10-2023 23:00
8883,442,26924e62701e99facb3ceffef5a050c51412503eb7054af52f573e96,SP reward for iUSD,11 October 2023,179040,10-01-2024 21:45,12-10-2023 23:00
8884,442,abd768ffa460e4578bd7a72296552532e2e463ac8727396b752aeef9,SP reward for iUSD,11 October 2023,305065,10-01-2024 21:45,12-10-2023 23:00
8885,442,f345ef8a03058d65c9e5f976341e69412829c42e452322faa7f5fcdc,SP reward for iUSD,11 October 2023,7606913,10-01-2024 21:45,12-10-2023 23:00
8886,442,2b651b38935e59a8d891f5201514253c9763e2da2a246462dc25cc98,SP reward for iUSD,11 October 2023,207673,10-01-2024 21:45,12-10-2023 23:00
8887,442,9449ea44d82d0f7827c5af04370b8bf2b3b913786a650c20b3b5de78,SP reward for iUSD,11 October 2023,539685,10-01-2024 21:45,12-10-2023 23:00
8888,442,0bb67baf3148157625daeb00d942466bc473a3ff85dd49afa7658f89,SP reward for iUSD,11 October 2023,4389655,10-01-2024 21:45,12-10-2023 23:00
8889,442,d0bada51ac1cbd906f6d2310bab8e20f8dbb9f90c9719969a5ae8f66,SP reward for iUSD,11 October 2023,1281632,10-01-2024 21:45,12-10-2023 23:00
8890,442,f9ebcc2a02bd2984112729a5cc52f5fc0bfc126efaa2b38d4bef4637,SP reward for iUSD,11 October 2023,20113,10-01-2024 21:45,12-10-2023 23:00
8891,442,bee0a1dd013242217879e8ef07ef28d22dad8ef7022d14f2353109d2,SP reward for iUSD,11 October 2023,285165,10-01-2024 21:45,12-10-2023 23:00
8892,442,fa9b92b3f0c4a0a756c6d39c8e7015bdb593ca4c4e3f051b10d5eaa5,SP reward for iUSD,11 October 2023,937745,10-01-2024 21:45,12-10-2023 23:00
8893,442,92f06e24bbb228d53258680895e44237dfe20aaea32e957011ee14f7,SP reward for iUSD,11 October 2023,45482,10-01-2024 21:45,12-10-2023 23:00
8894,442,6a2c3a7d1e485d49c7efe91575984b72c9fdaf47da535a79cf8c455e,SP reward for iUSD,11 October 2023,931486,10-01-2024 21:45,12-10-2023 23:00
8895,442,bd7adeef28fe4dac020bd73ea7c095c9f634682f730d7ef6cd8d3a93,SP reward for iUSD,11 October 2023,703,10-01-2024 21:45,12-10-2023 23:00
8896,442,15899010c8fcdb8ed1062e163dd8b6398c62e39192d0f1a3e28dd52e,SP reward for iUSD,11 October 2023,38792,10-01-2024 21:45,12-10-2023 23:00
8897,442,8c1879394f01e671306b6e8f2d2f67383a3ce75a387ecf3c18e3d87d,SP reward for iUSD,11 October 2023,366868,10-01-2024 21:45,12-10-2023 23:00
8898,442,512f425cedae5c11513155242686e5039b766c7ae798515b68a364e7,SP reward for iUSD,11 October 2023,82,10-01-2024 21:45,12-10-2023 23:00
8899,442,824f1b5399d6885e6330925fcba1472da21731a3d9f33802dd308f7f,SP reward for iUSD,11 October 2023,1301612,10-01-2024 21:45,12-10-2023 23:00
8900,442,1344c6719d8058b88f756f2ee293581dab8214b388113a46e95cb2e8,SP reward for iUSD,11 October 2023,6101,10-01-2024 21:45,12-10-2023 23:00
8901,442,23a833160c3d6a9c09c95cae9035dacdb5be88b00fd1c34ca6399bd7,SP reward for iUSD,11 October 2023,1334190,10-01-2024 21:45,12-10-2023 23:00
8902,442,3350a1cb0110a5855f289a0738fdbe0c00c07cf748fd5f5cdf1aa63b,SP reward for iUSD,11 October 2023,59690,10-01-2024 21:45,12-10-2023 23:00
8903,442,788c8c4c496ee4e6f0c1afcf6f69e70ca54eac58e5bec216100c3c2c,SP reward for iUSD,11 October 2023,8533107,10-01-2024 21:45,12-10-2023 23:00
8904,442,ef1b8e5788243f98f97c531b88761b54587163b6478ac6ff99fe359e,SP reward for iUSD,11 October 2023,79117,10-01-2024 21:45,12-10-2023 23:00
8905,442,5e9e787d528af67785b3b595843acc232258ada6191b40ffa80cd0d2,SP reward for iUSD,11 October 2023,65080757,10-01-2024 21:45,12-10-2023 23:00
8906,442,f94f3a43cb63e533445462c97e7234f2ea625b1927446f5b9ae7687e,SP reward for iUSD,11 October 2023,1479119,10-01-2024 21:45,12-10-2023 23:00
8907,442,3c3d75ff35d353865c8f20c885325cf161c155252484fa9e87c330aa,SP reward for iUSD,11 October 2023,20430,10-01-2024 21:45,12-10-2023 23:00
8908,442,024856b442278b7d5e63295585fa42f12113724292d75a5288822367,SP reward for iUSD,11 October 2023,2295323,10-01-2024 21:45,12-10-2023 23:00
8909,442,c3fa4890e46c7b8ea2fe782727a74534b4340aced4e80ced7b0b5089,SP reward for iUSD,11 October 2023,123597,10-01-2024 21:45,12-10-2023 23:00
8910,442,96623e8c15842d11060747474564901af30f1cc64ecceafcd118ae8f,SP reward for iUSD,11 October 2023,2295503,10-01-2024 21:45,12-10-2023 23:00
8911,442,3b8deaefd44267932f302932ae4e7bf60479ab503133a93330c58929,SP reward for iUSD,11 October 2023,12423700,10-01-2024 21:45,12-10-2023 23:00
8912,442,edb0c1b08e873184c25ab99e045c1331c2a8009d5d6abafef20429d7,SP reward for iUSD,11 October 2023,1106721,10-01-2024 21:45,12-10-2023 23:00
8913,442,00023775abacb7c31af161e5d0faebd84067299748396171df0a4143,SP reward for iUSD,11 October 2023,1426016,10-01-2024 21:45,12-10-2023 23:00
8914,442,6e4656048dfe8b0c4f754c0d409f5e186e2f4589f7ac9924fb6022b2,SP reward for iUSD,11 October 2023,29017903,10-01-2024 21:45,12-10-2023 23:00
8915,442,f2787e5a6b51190244f3acb36a6b9a248466f12f27ab702d9f197299,SP reward for iUSD,11 October 2023,13904661,10-01-2024 21:45,12-10-2023 23:00
8916,442,6dd90c50b0f1fd4ae1572055e46891b05022b475a29d0d78802ddecb,SP reward for iUSD,11 October 2023,17201188,10-01-2024 21:45,12-10-2023 23:00
8917,442,6cfbc28fa54b2920b6cad9531f7071724ecaf253e52c0c7686613e98,SP reward for iUSD,11 October 2023,168861,10-01-2024 21:45,12-10-2023 23:00
8918,442,a33c563393379855e9b6f66e6830ceac659fac8982b06d4128b21722,SP reward for iUSD,11 October 2023,9676,10-01-2024 21:45,12-10-2023 23:00
8919,442,2663f0e32ebd95e4ec3ed063b659ade8a2a963b9a1aa7baa3307f9f6,SP reward for iUSD,11 October 2023,3713316,10-01-2024 21:45,12-10-2023 23:00
8920,442,cdfe95c99540a11b593c69e1426a76245c3d76ed3b905a09aa8d011a,SP reward for iUSD,11 October 2023,2860225,10-01-2024 21:45,12-10-2023 23:00
8921,442,ba37698916d66971b377b10f0c6a0f267b7d7b0db565d3a27267c2b8,SP reward for iUSD,11 October 2023,737090,10-01-2024 21:45,12-10-2023 23:00
8922,442,adbbc6153ee01f33a02b4e5d803dc50fb0c1085c9641ac1c69967038,SP reward for iUSD,11 October 2023,279132,10-01-2024 21:45,12-10-2023 23:00
8923,442,6c696c0e5a9b92ea0951ea906390087390d29944fa37475729f49681,SP reward for iUSD,11 October 2023,459346,10-01-2024 21:45,12-10-2023 23:00
8924,442,152a6505f54a619ab12dd37022a00aae01bd5c8348c84cf0f16463b5,SP reward for iUSD,11 October 2023,26394745,10-01-2024 21:45,12-10-2023 23:00
8925,442,299eca15c1fa5d35980dc122ac3799ee69dfb47b6e92dbb4106487b6,SP reward for iUSD,11 October 2023,6041598,10-01-2024 21:45,12-10-2023 23:00
8926,442,8aae701fce6c665a60987e720af72af63c4dc2c4ed1e5c11d3f15f2e,SP reward for iUSD,11 October 2023,69265681,10-01-2024 21:45,12-10-2023 23:00
8927,442,6aa8471da93aeb4bea5c68f4fc59a449537af1485b0ec34e1e3e3239,SP reward for iUSD,11 October 2023,11061463,10-01-2024 21:45,12-10-2023 23:00
8928,442,94e8a4d1c409af5498095aafa61edb23fdbd9714f45d104cbe148425,SP reward for iBTC,11 October 2023,33015,10-01-2024 21:45,12-10-2023 23:00
8929,442,4652c04766dfb925145dd332a511ae47fc2404afe0bebeee3627a71a,SP reward for iBTC,11 October 2023,1240,10-01-2024 21:45,12-10-2023 23:00
8930,442,b116a13787a0e3908128fb3d218193ebbe31f14bb1564e3b17e56474,SP reward for iBTC,11 October 2023,927,10-01-2024 21:45,12-10-2023 23:00
8931,442,f8dc2687e7efb9814a0258337bbead8dbcf6dac7a0237e3b600f404d,SP reward for iBTC,11 October 2023,7605,10-01-2024 21:45,12-10-2023 23:00
8932,442,2774b527cc66118eeb772ca5553089dc2f9d0a675d5d4bb0615afa56,SP reward for iBTC,11 October 2023,23,10-01-2024 21:45,12-10-2023 23:00
8933,442,2ce68896a2812bcceaeea3837e33e4d24b1c88151c1a0b6cd02b182d,SP reward for iBTC,11 October 2023,15476,10-01-2024 21:45,12-10-2023 23:00
8934,442,559d23a5db8f1b809ba9b48e7504582c96af34f68495f3ed51b2cce5,SP reward for iBTC,11 October 2023,33433,10-01-2024 21:45,12-10-2023 23:00
8935,442,625a80682693f31e617ecbd92d269d226fd5ebd2f8584ef00577a658,SP reward for iBTC,11 October 2023,5993,10-01-2024 21:45,12-10-2023 23:00
8936,442,baeeed00be50eeef2fc6f4089780abd4fc3cc461052fe8f271fd93b4,SP reward for iBTC,11 October 2023,9355,10-01-2024 21:45,12-10-2023 23:00
8937,442,f1edb36c4546c43d547ef1568ab271ca79841977d8816f6f85cffd09,SP reward for iBTC,11 October 2023,12,10-01-2024 21:45,12-10-2023 23:00
8938,442,2797b6e8e72817175772048734122bdfb686c41776318690f1cc5f79,SP reward for iBTC,11 October 2023,12,10-01-2024 21:45,12-10-2023 23:00
8939,442,d522cfaab057a5a8aed4e83723ae0fa5150f007e009aab2e77659701,SP reward for iBTC,11 October 2023,174,10-01-2024 21:45,12-10-2023 23:00
8940,442,903d332a30ff8a7beb13268a99e2fdd35e8a7f20368edda4416158e3,SP reward for iBTC,11 October 2023,135319,10-01-2024 21:45,12-10-2023 23:00
8941,442,ed3122194af84dbc350676f420b1927209b40cf0d239ec26a5cc8623,SP reward for iBTC,11 October 2023,149787,10-01-2024 21:45,12-10-2023 23:00
8942,442,2e1573f020d7dc42fb1befd459287f0e620fb799cee111e43c50d676,SP reward for iBTC,11 October 2023,15998,10-01-2024 21:45,12-10-2023 23:00
8943,442,bffe2a2f3dde97b96f94f5cdde3957828c61db930faba0e4b2afbb46,SP reward for iBTC,11 October 2023,18652,10-01-2024 21:45,12-10-2023 23:00
8944,442,12f5110ed7d627702788e4e38eaee59c8a22b5df19ed9ec664a82738,SP reward for iBTC,11 October 2023,7663,10-01-2024 21:45,12-10-2023 23:00
8945,442,fd604bfce2089228bb84742efa2a90ad7f678753149f4949b376143f,SP reward for iBTC,11 October 2023,116,10-01-2024 21:45,12-10-2023 23:00
8946,442,435ac6984516a80bf6a9e7d16ba8431add7b4f44083131ab8dce0097,SP reward for iBTC,11 October 2023,57000,10-01-2024 21:45,12-10-2023 23:00
8947,442,df3ed3c34530edc62131484128ad73c4a256a8974d6a52ec845b64ed,SP reward for iBTC,11 October 2023,10236,10-01-2024 21:45,12-10-2023 23:00
8948,442,847fe7a38c4292370b7254e6da0d9684769b31a10040e8f8ecf9686b,SP reward for iBTC,11 October 2023,14827,10-01-2024 21:45,12-10-2023 23:00
8949,442,ce6885bef0ae899503bec94142f5c2d8f8d25973ddb50e1c5dca5c1e,SP reward for iBTC,11 October 2023,6886,10-01-2024 21:45,12-10-2023 23:00
8950,442,41c36d3ddc84ef66b56f1a8ad1bd87779262caeab0b0ec2ba129dbbc,SP reward for iBTC,11 October 2023,262756,10-01-2024 21:45,12-10-2023 23:00
8951,442,89d095d531c5d92be599e65bfe27c44652b2cf99b72a332427e9d8a2,SP reward for iBTC,11 October 2023,17087,10-01-2024 21:45,12-10-2023 23:00
8952,442,f18f251f8eddc1825371c53d9fdd05d62aad37584a7b0f9e72cb0d5a,SP reward for iBTC,11 October 2023,23521,10-01-2024 21:45,12-10-2023 23:00
8953,442,270a564190936d5e6199cd157798a1d802e05b5c4d69a756d02a4024,SP reward for iBTC,11 October 2023,2875,10-01-2024 21:45,12-10-2023 23:00
8954,442,1bf3be13ff8e559f0aa594266d0cd164be15cd0fd1252943d97e1edb,SP reward for iBTC,11 October 2023,313,10-01-2024 21:45,12-10-2023 23:00
8955,442,c7a34f1bdd69aee0196ba58d21999dd00a349820247b24041201649c,SP reward for iBTC,11 October 2023,16009,10-01-2024 21:45,12-10-2023 23:00
8956,442,4e5426811df99e191ae0bc3eca64836e561a07d1623b16f94828240b,SP reward for iBTC,11 October 2023,116,10-01-2024 21:45,12-10-2023 23:00
8957,442,d8432e121bd1d5bc137bcaecbece07f1793c31be59f83b18324c5606,SP reward for iBTC,11 October 2023,12,10-01-2024 21:45,12-10-2023 23:00
8958,442,bd8dc08c011f804f96be2b9d6a085b68cbfb7235b362f821e4bd996f,SP reward for iBTC,11 October 2023,12555,10-01-2024 21:45,12-10-2023 23:00
8959,442,38182d9874dbabb161ffff5e21c81a58b8134ff7f34f2407903dba6c,SP reward for iBTC,11 October 2023,4707,10-01-2024 21:45,12-10-2023 23:00
8960,442,77dbc24ca98002157cc36a53b2f84c3080d85cf1946c83fb47d6d86e,SP reward for iBTC,11 October 2023,510,10-01-2024 21:45,12-10-2023 23:00
8961,442,e292dc90457553865ecf16f586d72185fe4ef1afb2dc708f7099e4dd,SP reward for iBTC,11 October 2023,35,10-01-2024 21:45,12-10-2023 23:00
8962,442,222c33a3ddf56799694bb262eec3e8eea2b543200dc8c19cb05e91af,SP reward for iBTC,11 October 2023,1298,10-01-2024 21:45,12-10-2023 23:00
8963,442,4bc68e944b110d752d552bd07df288e2a21102e7fcb8f66bf0fa6b03,SP reward for iBTC,11 October 2023,18455,10-01-2024 21:45,12-10-2023 23:00
8964,442,3bc2ce369c678c1a5115f7949487434175f01002469df0b3183c1a65,SP reward for iBTC,11 October 2023,34685,10-01-2024 21:45,12-10-2023 23:00
8965,442,d454f318a8c6566f00c68a23802c71ef7a6b675fe95d0db765a1bea9,SP reward for iBTC,11 October 2023,1101,10-01-2024 21:45,12-10-2023 23:00
8966,442,24be347acbb7713ebcd0f5b2b131f5d6ec0b9d48f4f142a0da648760,SP reward for iBTC,11 October 2023,1275,10-01-2024 21:45,12-10-2023 23:00
8967,442,1e55b5dd30127909ce59b07ec00664030565822c232536f659139900,SP reward for iBTC,11 October 2023,26118,10-01-2024 21:45,12-10-2023 23:00
8968,442,85efbfc96dbff3982879b8689ec1c4755ea8e4b64281d1ac19a855f2,SP reward for iBTC,11 October 2023,2434,10-01-2024 21:45,12-10-2023 23:00
8969,442,5c3d04a6fd9ff6f0ec72ef6f5213b307db3910cdec68ed15fab76aa7,SP reward for iBTC,11 October 2023,17342,10-01-2024 21:45,12-10-2023 23:00
8970,442,6b5976099e509e58d6d3d04d10a63bdc511b3de937dd839cfb876076,SP reward for iBTC,11 October 2023,405564,10-01-2024 21:45,12-10-2023 23:00
8971,442,5174ab849efa5337d220c79f849aa39ee378cd42b3ea9a2cc55ff905,SP reward for iBTC,11 October 2023,9402,10-01-2024 21:45,12-10-2023 23:00
8972,442,5e7faea68262c87aec85b67c123673325a4193ab39de773499af83ba,SP reward for iBTC,11 October 2023,587833,10-01-2024 21:45,12-10-2023 23:00
8973,442,16af0db2d287df23f43f80b06b04415537fd9b6408c1cb5894da1329,SP reward for iBTC,11 October 2023,1294977,10-01-2024 21:45,12-10-2023 23:00
8974,442,929695c172f6c2841df1482161ec1a2716ee2f166c27c86b20736e71,SP reward for iBTC,11 October 2023,2979,10-01-2024 21:45,12-10-2023 23:00
8975,442,9db8dbdfc35cd01248d7ef8b323d76a072cc6ccec45aca38ddd3f99c,SP reward for iBTC,11 October 2023,353236,10-01-2024 21:45,12-10-2023 23:00
8976,442,db9b636e1b467ad9fa1c99c5820477f235d024c6079471192b750ce4,SP reward for iBTC,11 October 2023,58,10-01-2024 21:45,12-10-2023 23:00
8977,442,3cdcafabe8d5a88419c7cb447f0467d81cd4086c97b489b49ddd0dca,SP reward for iBTC,11 October 2023,217847,10-01-2024 21:45,12-10-2023 23:00
8978,442,01bb74d6a09834970c7e1cb6883cfaecbd3982e7fcc8d24116deaa84,SP reward for iBTC,11 October 2023,2898,10-01-2024 21:45,12-10-2023 23:00
8979,442,30f71e8f66d9f908f0a47173cccb4127341e557e9f3d9d60e0d60178,SP reward for iBTC,11 October 2023,1734043,10-01-2024 21:45,12-10-2023 23:00
8980,442,c55b4e912c5d71dfaa4f0b7487eecf8ed26a9ae779a9ad422639fd45,SP reward for iBTC,11 October 2023,9239,10-01-2024 21:45,12-10-2023 23:00
8981,442,cef48e82717f374be93b1e5bccad65b68e9403e57dcec8f251b35455,SP reward for iBTC,11 October 2023,33351437,10-01-2024 21:45,12-10-2023 23:00
8982,442,289cee24fb86dd5d5b6f02c8ca80397e03fa83c086d6e698e3ec330b,SP reward for iBTC,11 October 2023,383,10-01-2024 21:45,12-10-2023 23:00
8983,442,61cc93b6feaaf71fb0a4133fc103134b9e0057b17a96b5b8ab064345,SP reward for iBTC,11 October 2023,68477,10-01-2024 21:45,12-10-2023 23:00
8984,442,31352abda9a60e8a89222a049834cdd603dcc4fa2f9f3dbfc0a0b25f,SP reward for iBTC,11 October 2023,4799,10-01-2024 21:45,12-10-2023 23:00
8985,442,73064ed9d446fe559dea6a5c0484f4c4876d91e1d7442109f6815770,SP reward for iBTC,11 October 2023,348,10-01-2024 21:45,12-10-2023 23:00
8986,442,63b3889ebf65aba913b3ca44031d7b2c59b04b0727c3f2e67d52d034,SP reward for iBTC,11 October 2023,58,10-01-2024 21:45,12-10-2023 23:00
8987,442,8b542601309e158b422074b4a53ec9aa0f09a0b50f58bce55a68b4a0,SP reward for iBTC,11 October 2023,2040,10-01-2024 21:45,12-10-2023 23:00
8988,442,7bfcb0b4a3974232c21fe4440a2befb5aff58093e9582c9d447c1e0d,SP reward for iBTC,11 October 2023,23,10-01-2024 21:45,12-10-2023 23:00
8989,442,86072393fd16edefa5aa60ad88220dda3560bfdefa40eb96e3070075,SP reward for iBTC,11 October 2023,5669,10-01-2024 21:45,12-10-2023 23:00
8990,442,998a487e8caad608417916a0378d4886f64d23d4eaa192af56ff886e,SP reward for iBTC,11 October 2023,67967,10-01-2024 21:45,12-10-2023 23:00
8991,442,4385f6e1941b54b06ddfad16a7d19ee7f713d9f4fd7d3d9334b9b566,SP reward for iBTC,11 October 2023,151,10-01-2024 21:45,12-10-2023 23:00
8992,442,11b4ac68cf0d110247dc7d2bc139c92fd7a21af0a798a913e06fecd1,SP reward for iBTC,11 October 2023,61127,10-01-2024 21:45,12-10-2023 23:00
8993,442,ae17e9f63022e30bddc7f2c9189140dfdc434af23e26f37f75394229,SP reward for iBTC,11 October 2023,10294,10-01-2024 21:45,12-10-2023 23:00
8994,442,08abc365d15eb5a450ff8ed2a6207bfa3cb5a0df4ec1ddd0e6636026,SP reward for iBTC,11 October 2023,12,10-01-2024 21:45,12-10-2023 23:00
8995,442,53313be7f4738a1ad1554126858d052f318ccbf66d88b5016e9155d5,SP reward for iBTC,11 October 2023,545,10-01-2024 21:45,12-10-2023 23:00
8996,442,8d995bf956bbf2a69b6549ca3a6830e9292b0d2641e9fa520d0f294d,SP reward for iBTC,11 October 2023,276412,10-01-2024 21:45,12-10-2023 23:00
8997,442,5f9483631a382320cd149d20a120f71c1f8c7030b72408f44fccd795,SP reward for iBTC,11 October 2023,23,10-01-2024 21:45,12-10-2023 23:00
8998,442,243143a1edf725605b078e3660ccf3ef4811e54ce8d70b04ae15a4b0,SP reward for iBTC,11 October 2023,8034,10-01-2024 21:45,12-10-2023 23:00
8999,442,8ced098872686355fd3accc2329d595bf2ac9c6e7e981a8bc89d4540,SP reward for iBTC,11 October 2023,58299,10-01-2024 21:45,12-10-2023 23:00
9000,442,6f860cd15e7d9a0fe71735b338fa4ad81e418ddaae95928bd2994fc1,SP reward for iBTC,11 October 2023,3058210,10-01-2024 21:45,12-10-2023 23:00
9001,442,4647b9163e069f291328c22c76051780a8e8616e00354aa8cbc5cf6e,SP reward for iBTC,11 October 2023,12,10-01-2024 21:45,12-10-2023 23:00
9002,442,b178ffc093995ed4f92326da8cbbae25832bd1c723b4897435ae3ee3,SP reward for iBTC,11 October 2023,29619,10-01-2024 21:45,12-10-2023 23:00
9003,442,222afda7939e082f26e12d2ce9cf584b44538b31a60e2e1f3f333821,SP reward for iBTC,11 October 2023,1043,10-01-2024 21:45,12-10-2023 23:00
9004,442,0a72021d32d5893231aef79b5b87f086fd32119a0f301957705506e4,SP reward for iBTC,11 October 2023,128399,10-01-2024 21:45,12-10-2023 23:00
9005,442,71b03bb1f2db64f230e74c08d8bee62313660b1bf9649fbc28f690bc,SP reward for iBTC,11 October 2023,81379,10-01-2024 21:45,12-10-2023 23:00
9006,442,0dbb67ed102393b0bf27cb9d1c2f8f83ad7a9f1689904879a5191c92,SP reward for iBTC,11 October 2023,666987,10-01-2024 21:45,12-10-2023 23:00
9007,442,96ea86b6481fa765de3718fae818186c426d848761d5e574b5d9078d,SP reward for iBTC,11 October 2023,257226,10-01-2024 21:45,12-10-2023 23:00
9008,442,c05d3ab97abdcac7e81855b92b59afe40f18b059e9d8cceedc5ef511,SP reward for iBTC,11 October 2023,15731,10-01-2024 21:45,12-10-2023 23:00
9009,442,9342a76f7de030e7df3e37249b14ef9ea67bbdde1e95e654aab21fb5,SP reward for iBTC,11 October 2023,35183,10-01-2024 21:45,12-10-2023 23:00
9010,442,bc12846dfe29fb17207d6e11b98fdda7201679227d46d744de5574e8,SP reward for iBTC,11 October 2023,32065,10-01-2024 21:45,12-10-2023 23:00
9011,442,ad4c1b0b50a32c00b7798cc93a249f5702d7e23c91601657d52c56ad,SP reward for iBTC,11 October 2023,120713,10-01-2024 21:45,12-10-2023 23:00
9012,442,b485a4652f1572808586882af82ef45d6219992c2b3dc68412fa6502,SP reward for iBTC,11 October 2023,120759,10-01-2024 21:45,12-10-2023 23:00
9013,442,1989462784de66a8e08b553e196bb609d62853586a741ce3abb34e13,SP reward for iBTC,11 October 2023,118035,10-01-2024 21:45,12-10-2023 23:00
9014,442,f393547fdc57f678fdd9827cb603e9a60d57282bd37416a327094f56,SP reward for iBTC,11 October 2023,79838,10-01-2024 21:45,12-10-2023 23:00
9015,442,945cd17ae5a96a439a8191283c8459e67ab18c7e2d93fa1dfce4671c,SP reward for iBTC,11 October 2023,11650,10-01-2024 21:45,12-10-2023 23:00
9016,442,4484d456440c1956679e21e1d66e924d649c00666227046c3f1c96f7,SP reward for iBTC,11 October 2023,12,10-01-2024 21:45,12-10-2023 23:00
9017,442,53494b753f7670d751b575f6d4559aeb0d1a55e8e1b60a85e73e2df0,SP reward for iBTC,11 October 2023,49628,10-01-2024 21:45,12-10-2023 23:00
9018,442,54305958538cfe7e957863cc9f844dd6eedb9a0e654df4405636a554,SP reward for iBTC,11 October 2023,7790,10-01-2024 21:45,12-10-2023 23:00
9019,442,5f7d1aba60a090039edbb0294ccb27d3617a8827396b292ee49dec9f,SP reward for iBTC,11 October 2023,24228,10-01-2024 21:45,12-10-2023 23:00
9020,442,9ec26f63bfe50214282ef7ab89765bb7d647271ab7952de6815fbc19,SP reward for iBTC,11 October 2023,7187,10-01-2024 21:45,12-10-2023 23:00
9021,442,9430bd1b6d9bf6308dec0be93790ab927ac721606a76b52a7cf26ae6,SP reward for iBTC,11 October 2023,24912,10-01-2024 21:45,12-10-2023 23:00
9022,442,92cc4d0251f53a24f5366fb898c1681fee4d41123eab48bca6293ba1,SP reward for iBTC,11 October 2023,76661,10-01-2024 21:45,12-10-2023 23:00
9023,442,9797a1b44f05c0ef79368313bf12221d6b388d8b7a02cab480df05be,SP reward for iBTC,11 October 2023,10978,10-01-2024 21:45,12-10-2023 23:00
9024,442,529828b5fb8e3347ffc11e615fead9d06250f5457c828595bba6d3ba,SP reward for iBTC,11 October 2023,403408,10-01-2024 21:45,12-10-2023 23:00
9025,442,2381ee57a1f2e2074431f7af73f56c256f683727438021c4a9eb1883,SP reward for iBTC,11 October 2023,145950,10-01-2024 21:45,12-10-2023 23:00
9026,442,afe4f9c05f0b2fe3e561b4367044d774119a0029c6e8e25e92488a40,SP reward for iBTC,11 October 2023,144188,10-01-2024 21:45,12-10-2023 23:00
9027,442,111f4fa65714de665800cdaa883559bc60d994f34ef9f49b372d5c12,SP reward for iBTC,11 October 2023,428425,10-01-2024 21:45,12-10-2023 23:00
9028,442,2c3249ad7a3ec1b7781db91899c6c15a068abafe2117c09aca08d097,SP reward for iBTC,11 October 2023,442428,10-01-2024 21:45,12-10-2023 23:00
9029,442,30f730fb260aed1721ae7ec3d6ba003509bc8d125ddbf93ddf51cfac,SP reward for iBTC,11 October 2023,6898,10-01-2024 21:45,12-10-2023 23:00
9030,442,a2b3fc71aa466e489bef35c30ca8b4a9388f701ab0cd73c9c81a5409,SP reward for iBTC,11 October 2023,23382,10-01-2024 21:45,12-10-2023 23:00
9031,442,8bb9c1842b5df8a44359e65982adb4d2a7d0cb745a2b8488592e3d9f,SP reward for iBTC,11 October 2023,33178,10-01-2024 21:45,12-10-2023 23:00
9032,442,c90dfeb23d605971a7c59e29113aecd883e6390ae59b21748a3ef672,SP reward for iBTC,11 October 2023,26385,10-01-2024 21:45,12-10-2023 23:00
9033,442,06126a123250e0920b44678709da9d6d06d9edca5ecc7c532ac49aad,SP reward for iBTC,11 October 2023,12,10-01-2024 21:45,12-10-2023 23:00
9034,442,12f84d27cceeee594ed1f7928398c1653346becbbc159e80556cc6fd,SP reward for iBTC,11 October 2023,47089,10-01-2024 21:45,12-10-2023 23:00
9035,442,1434b0f9b0d42bdfe065dfbde6089def626c28128e2b25234b8409db,SP reward for iBTC,11 October 2023,7361,10-01-2024 21:45,12-10-2023 23:00
9036,442,a61e01183e93a2bd0cb1ee515fe8c652c33404cb1643c0bb5867cd63,SP reward for iBTC,11 October 2023,5043,10-01-2024 21:45,12-10-2023 23:00
9037,442,3001ab2e1afb570d756ead9ed5c82ae8241ae8cce18a17113c5706af,SP reward for iBTC,11 October 2023,60432,10-01-2024 21:45,12-10-2023 23:00
9038,442,e1a70a14406e84b401683a3b044d3fc7dbec76833c7e7e934585b678,SP reward for iBTC,11 October 2023,425167,10-01-2024 21:45,12-10-2023 23:00
9039,442,2ef4c3d711d1a7adab1a24a04856a191a3a162dc844c039eba9adbe6,SP reward for iBTC,11 October 2023,71619,10-01-2024 21:45,12-10-2023 23:00
9040,442,9bf780683ee09b92d00a465c519ef7febf74a26e6ff45fd9af96e496,SP reward for iBTC,11 October 2023,130822,10-01-2024 21:45,12-10-2023 23:00
9041,442,f3820b9d2e1ff6bc15652ffbc01346225e9d3f5c06adeb77b316f12a,SP reward for iBTC,11 October 2023,52537,10-01-2024 21:45,12-10-2023 23:00
9042,442,f4d2cd5b06c42740805070280540bda96165b3b3c3129319b0cb61d8,SP reward for iBTC,11 October 2023,128005,10-01-2024 21:45,12-10-2023 23:00
9043,442,514ec5e427280c6bca6a0d79dea12bc793673a7241ba8f6f982a542e,SP reward for iBTC,11 October 2023,42475,10-01-2024 21:45,12-10-2023 23:00
9044,442,0459b42e46e5d7a16fc6970f4c863641d5dde5560bd5881a1a8afc8b,SP reward for iBTC,11 October 2023,545161,10-01-2024 21:45,12-10-2023 23:00
9045,442,d5783eeb99454513796d07833a55b33d041157aa2557f641d50b7f13,SP reward for iBTC,11 October 2023,81,10-01-2024 21:45,12-10-2023 23:00
9046,442,97e4d04ae43b647e81b6329013697a1417c167be759ae49780568c76,SP reward for iBTC,11 October 2023,222750,10-01-2024 21:45,12-10-2023 23:00
9047,442,ad122b9fa3ab86495712afd2a6f655430427c2cf21a54fd0c8fe8e63,SP reward for iBTC,11 October 2023,86376,10-01-2024 21:45,12-10-2023 23:00
9048,442,5b57fb20f89e6a300ba3160a8339a32e0ea1751c776d874df2154527,SP reward for iBTC,11 October 2023,2179,10-01-2024 21:45,12-10-2023 23:00
9049,442,637d1f755c749370501adf2605aed6c5ecf198e037a12ed3bfc02f89,SP reward for iBTC,11 October 2023,12219,10-01-2024 21:45,12-10-2023 23:00
9050,442,10a2ea055b227f1d48a0a462ca6048f82693653fdb534eb7cd3ca654,SP reward for iBTC,11 October 2023,76661,10-01-2024 21:45,12-10-2023 23:00
9051,442,8425e1110917c188382ff1e28f3e11c6310ca3c1ee09b4b4bcc41bc1,SP reward for iBTC,11 October 2023,17470,10-01-2024 21:45,12-10-2023 23:00
9052,442,10bc27afabbda7fc02b15506968725e6af86ff6932f30a128d1d2f9e,SP reward for iBTC,11 October 2023,26187,10-01-2024 21:45,12-10-2023 23:00
9053,442,5d4a3c04c9a3115bf18cc6a37a4388050eadb756253bedf452d8efa2,SP reward for iBTC,11 October 2023,165634,10-01-2024 21:45,12-10-2023 23:00
9054,442,89867b8f45893cb14c1de33e0d5d3306dcf249101e203796017243ac,SP reward for iBTC,11 October 2023,5043,10-01-2024 21:45,12-10-2023 23:00
9055,442,e65fafb51e3a0af5b2fc7dbdb246b633fdcccd9459e3e2f2c09f2ccb,SP reward for iBTC,11 October 2023,94885,10-01-2024 21:45,12-10-2023 23:00
9056,442,6c8ecb2a0a26b86449201ea03fe11aeefc109c8e5e1d650779c01b7c,SP reward for iBTC,11 October 2023,47726,10-01-2024 21:45,12-10-2023 23:00
9057,442,856d18a37ff1be2074f1904f3db9d2d45ea8badc88a3ff443836b97e,SP reward for iBTC,11 October 2023,57870,10-01-2024 21:45,12-10-2023 23:00
9058,442,a33c563393379855e9b6f66e6830ceac659fac8982b06d4128b21722,SP reward for iBTC,11 October 2023,4289,10-01-2024 21:45,12-10-2023 23:00
9059,442,c66e4c7f7e62a9e589fbd7261b2510001a269b08530916b8af59f392,SP reward for iBTC,11 October 2023,206961,10-01-2024 21:45,12-10-2023 23:00
9060,442,e4a3572c85228edfa7ee4d015fa55fd6c93d181597f86859aaabca91,SP reward for iBTC,11 October 2023,361721,10-01-2024 21:45,12-10-2023 23:00
9061,442,6a454ac65fe62709fb8b2f46b6ed76a6497997c2eb9cfd9b4de35940,SP reward for iBTC,11 October 2023,899869,10-01-2024 21:45,12-10-2023 23:00
9062,442,5d464f67736cef9286be8854cdd17fdceeca017d2b0bb56c76db64f2,SP reward for iBTC,11 October 2023,184819,10-01-2024 21:45,12-10-2023 23:00
9063,442,e1dabf1e8691c018fda047487415acf4ed06b874cc7e2bb639dd1845,SP reward for iBTC,11 October 2023,11523,10-01-2024 21:45,12-10-2023 23:00
9064,442,63d62b85ce675ee25e9e0da4c846d9843afc136a494b52ccdc2e48e2,SP reward for iBTC,11 October 2023,46,10-01-2024 21:45,12-10-2023 23:00
9065,442,e599429457c61531f5ec659442d7e430dc2e1c6152944d6815f4b064,SP reward for iBTC,11 October 2023,735974,10-01-2024 21:45,12-10-2023 23:00
9066,442,d901310b443168e1fc2d91faeb7f64e19312a8f9ffa2280ad775c1fe,SP reward for iBTC,11 October 2023,556603,10-01-2024 21:45,12-10-2023 23:00
9067,442,a7b9ee64702f425ec79d48bec8dc50489e4996c684b3624233bf6e3b,SP reward for iBTC,11 October 2023,76429,10-01-2024 21:45,12-10-2023 23:00
9068,442,f6babe82e81a1d51f5e4368647e69d71363450dec2d259c239658201,SP reward for iBTC,11 October 2023,57070,10-01-2024 21:45,12-10-2023 23:00
9069,442,cc42402b917443957763a94854647b10ceb0ae702a224166ab86b8a9,SP reward for iBTC,11 October 2023,76279,10-01-2024 21:45,12-10-2023 23:00
9070,442,d20a972f5bddebc47975b4d78f5a5ea7113b8311a84623fe58891b45,SP reward for iBTC,11 October 2023,26837,10-01-2024 21:45,12-10-2023 23:00
9071,442,5310a7c00c573d9400459ad061211250ce8c164a1b657d952003f32e,SP reward for iBTC,11 October 2023,162214,10-01-2024 21:45,12-10-2023 23:00
9072,442,04c8f0976496bf3b67a4e70b9cc2a9c3c78de5a04e5713c8b00c7a97,SP reward for iBTC,11 October 2023,39473,10-01-2024 21:45,12-10-2023 23:00
9073,442,bc74633bac550bbadaf788c0d83c68087a119dbdd4f75bbde49f154a,SP reward for iBTC,11 October 2023,49500,10-01-2024 21:45,12-10-2023 23:00
9074,442,3e2a4fefddafa38436d4c55f1c52cbca11c3c2aef0e94f37ff5be620,SP reward for iBTC,11 October 2023,58044,10-01-2024 21:45,12-10-2023 23:00
9075,442,b8a892490fa5784bf2c73603b7cc0f05a3219fc7901db3e698ad7f11,SP reward for iBTC,11 October 2023,6724,10-01-2024 21:45,12-10-2023 23:00
9076,442,72b1e604e866f798b31d76fb363aa3e570b6514117485b2f5c897753,SP reward for iBTC,11 October 2023,34488,10-01-2024 21:45,12-10-2023 23:00
9077,442,ea374c2d569d63853df7d92c816502210495360908aa4df12568e567,SP reward for iBTC,11 October 2023,36609,10-01-2024 21:45,12-10-2023 23:00
9078,442,ba9cdccfb43c0bb8236d5819a7086f1093d0c0a4d6b631ea5eed67bc,SP reward for iBTC,11 October 2023,460687,10-01-2024 21:45,12-10-2023 23:00
9079,442,e2a3bc9f398b6f1efe80bf7a1293dfd4c04ea81867ff0a897cb5eacd,SP reward for iBTC,11 October 2023,100194,10-01-2024 21:45,12-10-2023 23:00
9080,442,144a91af110e1f266e04a5fc28a41d897523570b8c8ca12724be3b64,SP reward for iBTC,11 October 2023,30616,10-01-2024 21:45,12-10-2023 23:00
9081,442,73160153c6fceb9fc89216a5940585b4cb9c1876b5a7d7889089ce12,SP reward for iBTC,11 October 2023,18803,10-01-2024 21:45,12-10-2023 23:00
9082,442,ccf0463efcfc0be16312d889a485c827392edb4bf32af4b43af4aad5,SP reward for iBTC,11 October 2023,29573,10-01-2024 21:45,12-10-2023 23:00
9083,442,782f7991e512e52aa83c538ae74d90283916f770165a85f30e222070,SP reward for iBTC,11 October 2023,7000338,10-01-2024 21:45,12-10-2023 23:00
9084,442,35b5123df5bdeca9a3899f0b9d6581d29ef0b8f1f177a9809a4f5203,SP reward for iBTC,11 October 2023,1588650,10-01-2024 21:45,12-10-2023 23:00
9085,442,8a42473e6bdb66189f724c4da29b6940eae317179fe69bf92e0242cc,SP reward for iBTC,11 October 2023,1601344,10-01-2024 21:45,12-10-2023 23:00
9086,442,a9df654a096a290a5d3e0eb25b16e658df3833f5669bcbb2f809e3c2,SP reward for iBTC,11 October 2023,510952,10-01-2024 21:45,12-10-2023 23:00
9087,442,5d1ae8825555ff8847263b4cad9c1fd8b9b7d6f788dddd71a34f23fe,SP reward for iBTC,11 October 2023,12,10-01-2024 21:45,12-10-2023 23:00
9088,442,ecf6df3e564fb3214117ff1ba3fb4532e6d1f2fb80c0015027b291b8,SP reward for iBTC,11 October 2023,754,10-01-2024 21:45,12-10-2023 23:00
9089,442,6fe35e3afb8041bb4b3e2df8a1ff4fcb433b5061ca04d71a44c925d1,SP reward for iBTC,11 October 2023,103950,10-01-2024 21:45,12-10-2023 23:00
9090,442,374b46ff0fc4f269f31c99a12c82159a58207c3e686c437d57dad408,SP reward for iBTC,11 October 2023,123530,10-01-2024 21:45,12-10-2023 23:00
9091,442,a5113918bdedb5881ff37ed3c4d45141f8cca161573b5e2be5071f75,SP reward for iBTC,11 October 2023,35496,10-01-2024 21:45,12-10-2023 23:00
9092,442,bdf1507fde82b8d0513273600289002f05e0caab85d28a804ec36a73,SP reward for iBTC,11 October 2023,4254,10-01-2024 21:45,12-10-2023 23:00
9093,442,5277d320e4e981971f75599c3c15bc0abebbdb6aea9cbadccb16bff1,SP reward for iBTC,11 October 2023,123217,10-01-2024 21:45,12-10-2023 23:00
9094,442,fc4456a76943fc8ddf1fec0d5b5ea44213e92bb498cf57768c82b872,SP reward for iBTC,11 October 2023,48631,10-01-2024 21:45,12-10-2023 23:00
9095,442,aee02fa77ebc7ddf3c93a8d3afe0d44d94a9d81d4d26684c49f25cf2,SP reward for iBTC,11 October 2023,165645,10-01-2024 21:45,12-10-2023 23:00
9096,442,78286944b6758ecbd9179c981466d8a007296b1e09fc3cf53add1fd8,SP reward for iBTC,11 October 2023,93,10-01-2024 21:45,12-10-2023 23:00
9097,442,ef375afc54458f274bd07dec902e981a581fb46d4ab6d996e40b5bb0,SP reward for iBTC,11 October 2023,172462,10-01-2024 21:45,12-10-2023 23:00
9098,442,308ee07a2d9f4a8cb93dffdbfd031413b4e8f5e55218c099e6f131ea,SP reward for iBTC,11 October 2023,218704,10-01-2024 21:45,12-10-2023 23:00
9099,442,cbd45719e9d7a6332688ac3ad8bcec87def6bb55174662ee16b5fa61,SP reward for iBTC,11 October 2023,148442,10-01-2024 21:45,12-10-2023 23:00
9100,442,451fe314c4e9a41bb5804455fb4057afc1cbf2b74cde2d3d737b3354,SP reward for iBTC,11 October 2023,12,10-01-2024 21:45,12-10-2023 23:00
9101,442,ee5592e3bff712a914258c52f57873c0cfc73a7b2c25008fedbcdf9d,SP reward for iBTC,11 October 2023,10236,10-01-2024 21:45,12-10-2023 23:00
9102,442,5dbde133f26c4c4d49266229d6414d8496450a0322832c6e4219cb4b,SP reward for iBTC,11 October 2023,63423,10-01-2024 21:45,12-10-2023 23:00
9103,442,117a220650f577db973565412c705745e0cac69c796d137e977267a0,SP reward for iBTC,11 October 2023,104,10-01-2024 21:45,12-10-2023 23:00
9104,442,a6c6b85a1faea3c830ff6410fa94503a0deff927429be8fea8ecfe1c,SP reward for iBTC,11 October 2023,16693,10-01-2024 21:45,12-10-2023 23:00
9105,442,53eb9c7601e433f0659a74479e98400d203af061f135354f43e0dad4,SP reward for iBTC,11 October 2023,34465,10-01-2024 21:45,12-10-2023 23:00
9106,442,a076e24a67c4906b17ede60183d0478e4d95431c5a227f3d35c4e8dc,SP reward for iBTC,11 October 2023,5078,10-01-2024 21:45,12-10-2023 23:00
9107,442,dc2f8d28b7b68eea544d5f052410ca6a34a5e6e811ef13496e156dda,SP reward for iBTC,11 October 2023,40643,10-01-2024 21:45,12-10-2023 23:00
9108,442,7b0d6609ff14368ecd1a39d4d737292d2e348cb35801e0fea067f5ce,SP reward for iBTC,11 October 2023,547422,10-01-2024 21:45,12-10-2023 23:00
9109,442,e9558a5fc36f0f9794e7810b3773d63556795a00e9aba9584532a2fa,SP reward for iBTC,11 October 2023,919750,10-01-2024 21:45,12-10-2023 23:00
9110,442,ea79af332a33e08d0180ace4940a4bba5e9040ea76bf0f8a884279cd,SP reward for iBTC,11 October 2023,15974,10-01-2024 21:45,12-10-2023 23:00
9111,442,42cad31cebab15afa9009d990b34374946246b0ffa50405d811ea6fb,SP reward for iBTC,11 October 2023,55621,10-01-2024 21:45,12-10-2023 23:00
9112,442,07870a95cc8ef51c6813a07f93b76c9e920640902bf176855333a03e,SP reward for iBTC,11 October 2023,106014,10-01-2024 21:45,12-10-2023 23:00
9113,442,37659fd936489ba08c0f7122f30d034594d20804392ba14cd2a6d362,SP reward for iBTC,11 October 2023,3489,10-01-2024 21:45,12-10-2023 23:00
9114,442,026c8ee36589862c813abaf4142583d8631869cc694bfc393ad229ed,SP reward for iBTC,11 October 2023,109572,10-01-2024 21:45,12-10-2023 23:00
9115,442,1d873b8c37d35e5e322736d5194df4efbcec93bd3e87090998185a10,SP reward for iBTC,11 October 2023,446219,10-01-2024 21:45,12-10-2023 23:00
9116,442,8c1879394f01e671306b6e8f2d2f67383a3ce75a387ecf3c18e3d87d,SP reward for iBTC,11 October 2023,43495,10-01-2024 21:45,12-10-2023 23:00
9117,442,95adb311d06d54e4251c9dc4f413de7ae81eb4d19c503d968ae1aad5,SP reward for iBTC,11 October 2023,185318,10-01-2024 21:45,12-10-2023 23:00
9118,442,35c495d0df5f9332169c25a654f44ce8ba0e494f7fccf9037718b5d1,SP reward for iBTC,11 October 2023,321194,10-01-2024 21:45,12-10-2023 23:00
9119,442,9c9cfb0162ad71b2ea61e82aa7676826d3bb5a58eb5f005b68a4c8da,SP reward for iBTC,11 October 2023,1088897,10-01-2024 21:45,12-10-2023 23:00
9120,442,698ceb483c24a183e0a9efbb33b25789c41494082421f4df6c75803e,SP reward for iBTC,11 October 2023,193224,10-01-2024 21:45,12-10-2023 23:00
9121,442,b475be0fdcfcfe84c5c20a5e697f805c4a27f911a8eb47b7177304aa,SP reward for iBTC,11 October 2023,682115,10-01-2024 21:45,12-10-2023 23:00
9122,442,38a6b071d8b300a0a8219cb49ae293024f466985a89f62d6188d0388,SP reward for iBTC,11 October 2023,10827,10-01-2024 21:45,12-10-2023 23:00
9123,442,69af353f2cb9ab695b429cff0e80203bc8e9e47548f28176e9bf99a0,SP reward for iBTC,11 October 2023,85530,10-01-2024 21:45,12-10-2023 23:00
9124,442,694abb439fba197ce0ee7420e98cb6a8f1535069b1bd6e65cf3c3db1,SP reward for iBTC,11 October 2023,72442,10-01-2024 21:45,12-10-2023 23:00
9125,442,e67bcf67de8a7932f1b1e396657a7f3f27463e98327fbb5e8d27b1b3,SP reward for iBTC,11 October 2023,210277,10-01-2024 21:45,12-10-2023 23:00
9126,442,a21ad32e6fdf1ed6d0ffdec01e71a481dc2b0c8ec0290f2ed9f227c1,SP reward for iBTC,11 October 2023,951,10-01-2024 21:45,12-10-2023 23:00
9127,442,476b3ff004d654d9792905df08b6122ce7f0934776fd4cfe14619e1f,SP reward for iBTC,11 October 2023,4162,10-01-2024 21:45,12-10-2023 23:00
9128,442,43b8e3375ecf90169230d91ce92863d0b041ed4c8668cc87d17ea980,SP reward for iBTC,11 October 2023,13760,10-01-2024 21:45,12-10-2023 23:00
9129,442,cf80384d5c45b66114334e9aa2ceb2c5fc762a94301c4c6787c69edc,SP reward for iBTC,11 October 2023,278904,10-01-2024 21:45,12-10-2023 23:00
9130,442,7dc85fe5487b335c2da93f88ece77f627227d835da86e4eb193312d4,SP reward for iBTC,11 October 2023,12,10-01-2024 21:45,12-10-2023 23:00
9131,442,258b0f580832ed26df4c5d92a9b5270c0e3dd4dd5a806bf7b8817ee4,SP reward for iBTC,11 October 2023,39843,10-01-2024 21:45,12-10-2023 23:00
9132,442,01eb20dded4e71bc19c2fe3b5751eae6d10a765dfb16db2e82f6a4ba,SP reward for iBTC,11 October 2023,64698,10-01-2024 21:45,12-10-2023 23:00
9133,442,6c2c506ec04e624743404ae1688a4fc6f668de7ac6990612e26246d0,SP reward for iBTC,11 October 2023,11685,10-01-2024 21:45,12-10-2023 23:00
9134,442,802cb092106fceffa2337814d10a42c330bfd573c0b29819d6a43b4a,SP reward for iBTC,11 October 2023,295679,10-01-2024 21:45,12-10-2023 23:00
9135,442,02dea5a4227b3f3ea4c25cb9efec1c9d21d6c84c094723fc4d0ea263,SP reward for iBTC,11 October 2023,7941,10-01-2024 21:45,12-10-2023 23:00
9136,442,bd2a3bc90f29b243b3034ce2db38942aac3e16c7ebe0016add056d53,SP reward for iBTC,11 October 2023,5089,10-01-2024 21:45,12-10-2023 23:00
9137,442,fa447f916a5a021053692ded933c27349eec25674d8d0cd7470f0125,SP reward for iBTC,11 October 2023,1229,10-01-2024 21:45,12-10-2023 23:00
9138,442,a6dbba290877e35a99d112108edf8c59364f9d06d0de28484b88d592,SP reward for iBTC,11 October 2023,1739,10-01-2024 21:45,12-10-2023 23:00
9139,442,e367111803d9720ed53b7127da78ed0a9317a8b7188c71fa947fb5cb,SP reward for iBTC,11 October 2023,17597,10-01-2024 21:45,12-10-2023 23:00
9140,442,39b625fa46ceaed9d756e6e663b0ce12da66b96f571a70f81d307000,SP reward for iBTC,11 October 2023,2493434,10-01-2024 21:45,12-10-2023 23:00
9141,442,91b90be38c88534f0e56ac18a8d1f0c6b1502fff72d59930ca2a37de,SP reward for iBTC,11 October 2023,11280,10-01-2024 21:45,12-10-2023 23:00
9142,442,79e3d59ab4a72ee17c3f6ee81f262aada5ba9f9c9293eb3b07363224,SP reward for iBTC,11 October 2023,134589,10-01-2024 21:45,12-10-2023 23:00
9143,442,56460232600f7f83c802cd4d754d1df5909498ba129dd9b921490ba5,SP reward for iBTC,11 October 2023,54311,10-01-2024 21:45,12-10-2023 23:00
9144,442,31ac5363f5d3b6bc5ee0a10aac24f82fb0417a1e53f318833cb34c9b,SP reward for iBTC,11 October 2023,10526,10-01-2024 21:45,12-10-2023 23:00
9145,442,c50059f86353b3a494aa471c2ed2bb644db9a28cb3242e5651f297c3,SP reward for iBTC,11 October 2023,24541,10-01-2024 21:45,12-10-2023 23:00
9146,442,d218cf8074ea70f71c6cb07461ea99c98ea021dce93f8ef31e17a07c,SP reward for iBTC,11 October 2023,4834,10-01-2024 21:45,12-10-2023 23:00
9147,442,9b314b76487603dec62a43cfeea584dae73cd42e7f83871495974fdb,SP reward for iBTC,11 October 2023,28193,10-01-2024 21:45,12-10-2023 23:00
9148,442,89b6e6736d0a6643d4f3a5205c5ebb853a1d8fbbc51b8d73723af1e4,SP reward for iBTC,11 October 2023,11859,10-01-2024 21:45,12-10-2023 23:00
9149,442,dbe4f7a84a446f0945219f3e126c627216733c00f33ac99e0184f0d7,SP reward for iBTC,11 October 2023,95209,10-01-2024 21:45,12-10-2023 23:00
9150,442,7a069e44ff96e9f9c7dd2097650124d542e88638fbcc67de7e168139,SP reward for iBTC,11 October 2023,41617,10-01-2024 21:45,12-10-2023 23:00
9151,442,dbf5237efea8d4014dd9dd124d0c1f8798e92e1e2016cf670eaf1424,SP reward for iBTC,11 October 2023,47240,10-01-2024 21:45,12-10-2023 23:00
9152,442,1b1ba287e7816fd86a470d6e56a89db3741b4781b0946730482f0c8e,SP reward for iBTC,11 October 2023,81901,10-01-2024 21:45,12-10-2023 23:00
9153,442,fd84357990c85741e74703ffc003798059eecfc6cd9ee37c98e93fd8,SP reward for iBTC,11 October 2023,7489,10-01-2024 21:45,12-10-2023 23:00
9154,442,5f03b2d007767d056973fc9afe4b7cad8695a82db73f12b998c64250,SP reward for iBTC,11 October 2023,151642,10-01-2024 21:45,12-10-2023 23:00
9155,442,3addd926e4d74499b821cb53b4e084086d1323a22608c47c43b21f50,SP reward for iBTC,11 October 2023,517351,10-01-2024 21:45,12-10-2023 23:00
9156,442,e544d0152f17bacc61736bea720477a416dbd60ead88c42cf6dda564,SP reward for iBTC,11 October 2023,33630,10-01-2024 21:45,12-10-2023 23:00
9157,442,3349450c00e6bcd2b48a1adba10b32343f045abd172ec4b9b297faad,SP reward for iBTC,11 October 2023,638353,10-01-2024 21:45,12-10-2023 23:00
9158,442,ecf5b1ffca39a9821dc42163dea13dc58d4d9b28767edf02124a271a,SP reward for iBTC,11 October 2023,15661,10-01-2024 21:45,12-10-2023 23:00
9159,442,57e353299dc689c7b021c9252c7d0650f362b3877a2e659340efc70a,SP reward for iBTC,11 October 2023,53256,10-01-2024 21:45,12-10-2023 23:00
9160,442,e1fe8c18060b61725fc639e6ed11f31323da2cc773f048910a4634da,SP reward for iBTC,11 October 2023,205246,10-01-2024 21:45,12-10-2023 23:00
9161,442,226efff56376642abcea869757e787dbe8916c694dc8ea69be81d4d3,SP reward for iBTC,11 October 2023,11291,10-01-2024 21:45,12-10-2023 23:00
9162,442,627af63a775267b8a3f8fbed2a0f823e5e99d679522adec252f2c8ff,SP reward for iBTC,11 October 2023,153856,10-01-2024 21:45,12-10-2023 23:00
9163,442,78278bcb9c677979118fb293f6b2ea731711d27c4c00a6c6477081c8,SP reward for iBTC,11 October 2023,97053,10-01-2024 21:45,12-10-2023 23:00
9164,442,611dd956af4745b49b478a9fec15b7ba57c9ddaa111c15a08fc3b407,SP reward for iBTC,11 October 2023,19673,10-01-2024 21:45,12-10-2023 23:00
9165,442,4d67cf44cabdb0209f5388ca682dca8d148480adcefe63448f413ba3,SP reward for iBTC,11 October 2023,211274,10-01-2024 21:45,12-10-2023 23:00
9166,442,e31737eff954647c3cfb076fc5ec72a889d3d7b27a875fdf2fd1b379,SP reward for iBTC,11 October 2023,12,10-01-2024 21:45,12-10-2023 23:00
9167,442,fc5543c66855df3872fc1c6bedbd95bb592feb158a7656d0964358b1,SP reward for iBTC,11 October 2023,106524,10-01-2024 21:45,12-10-2023 23:00
9168,442,476b50ba222061304df4ef1e7da2a370fc1a452f4100e862d5555269,SP reward for iBTC,11 October 2023,130126,10-01-2024 21:45,12-10-2023 23:00
9169,442,becf6035f52fa35d5d7a8731b2c5dbc11c044c40fe202181aa28cfc1,SP reward for iBTC,11 October 2023,239896,10-01-2024 21:45,12-10-2023 23:00
9170,442,96ffd21941e1c71772b97f5682c7bd2bc30640c68fc1d32c0c70b8d9,SP reward for iBTC,11 October 2023,352007,10-01-2024 21:45,12-10-2023 23:00
9171,442,1045e75d3b45f6170e3cb414db37069282799761865f831fd98eb6a9,SP reward for iBTC,11 October 2023,26698,10-01-2024 21:45,12-10-2023 23:00
9172,442,ff7146ab3d288749871f4cf95b6d586203facd0bbf2cedebd34470e3,SP reward for iBTC,11 October 2023,1441274,10-01-2024 21:45,12-10-2023 23:00
9173,442,7502c5c924fda27047c2cdff8e5a3ebf823c8427387b674b12b0203d,SP reward for iBTC,11 October 2023,12,10-01-2024 21:45,12-10-2023 23:00
9174,442,7c287d80b89068e3f0e5ad9cdcfccd67e264e10c7bac1f1c50b4b4ce,SP reward for iBTC,11 October 2023,105399,10-01-2024 21:45,12-10-2023 23:00
9175,442,4e1b5e33ca40177148b9a59b602070a93d08c6d28769fa954879cc34,SP reward for iBTC,11 October 2023,6932,10-01-2024 21:45,12-10-2023 23:00
9176,442,e0f3e44d96ee509d6ab6e2da8f461254ca01f70093af4449dc4872f7,SP reward for iBTC,11 October 2023,568,10-01-2024 21:45,12-10-2023 23:00
9177,442,17847aaa1e8f5041d5591347a6337e9992eb0f565f725cf43191558a,SP reward for iBTC,11 October 2023,960034,10-01-2024 21:45,12-10-2023 23:00
9178,442,bd0f8a958763197ef563ab8d4d85fc21fee6f7b894d6c7c8d82db00c,SP reward for iBTC,11 October 2023,916,10-01-2024 21:45,12-10-2023 23:00
9179,442,eca93e97120204b13cf0fa6a0f87e37c39503bfaa2872a01944f02b8,SP reward for iBTC,11 October 2023,97041,10-01-2024 21:45,12-10-2023 23:00
9180,442,9d4d413b3f4497d3ccdb07be86f076da7010d81e145b55adcdc2f833,SP reward for iBTC,11 October 2023,10039,10-01-2024 21:45,12-10-2023 23:00
9181,442,efd2562cf81215badd5f6232a30689f8b150bbed13bbca6fea876ddf,SP reward for iBTC,11 October 2023,131621,10-01-2024 21:45,12-10-2023 23:00
9182,442,eec262031b5b78bd61e1f5aaeb37110ab6599407ab82682ad1798d21,SP reward for iBTC,11 October 2023,95789,10-01-2024 21:45,12-10-2023 23:00
9183,442,5841691340afe9da06fa9b6183312767278be1ba7ca99c752ef50fd6,SP reward for iBTC,11 October 2023,189816,10-01-2024 21:45,12-10-2023 23:00
9184,442,a0ffd156054ecb13d0f10dc4df8234d966e8ddac81e4708f2ed0eafc,SP reward for iBTC,11 October 2023,4000902,10-01-2024 21:45,12-10-2023 23:00
9185,442,f7fbc9291c83560868ab7e3ba41ae900800b74940e117d044bf7dae4,SP reward for iBTC,11 October 2023,78655,10-01-2024 21:45,12-10-2023 23:00
9186,442,b4b1870ad7b75cc0e6ec8241474a9f83a053e0135aeca9718bbad2d6,SP reward for iBTC,11 October 2023,545996,10-01-2024 21:45,12-10-2023 23:00
9187,442,dbf62020c6e458cd78ab8e4726fbc766b60c9a473918a5afb8784f4f,SP reward for iBTC,11 October 2023,10201,10-01-2024 21:45,12-10-2023 23:00
9188,442,8ede185c7701ad49c0e4a8e8551d273ff717922d2487f54fac34fa6d,SP reward for iBTC,11 October 2023,334815,10-01-2024 21:45,12-10-2023 23:00
9189,442,623f00f49ed872b8fde76a4d5520f4ff63e50dec00b938701fe2aedd,SP reward for iBTC,11 October 2023,33514,10-01-2024 21:45,12-10-2023 23:00
9190,442,ae410e87b18ac10b7b28dcc401248dfe43d8bddcad2c349f315e9d55,SP reward for iBTC,11 October 2023,14201,10-01-2024 21:45,12-10-2023 23:00
9191,442,742e13aeb9130597e75cb1e4201368884b223a027760b1614ddcd514,SP reward for iBTC,11 October 2023,219980,10-01-2024 21:45,12-10-2023 23:00
9192,442,659c684b55fbaeac93ace9f4568e4815d01e094b823be7a04d3552f5,SP reward for iBTC,11 October 2023,557728,10-01-2024 21:45,12-10-2023 23:00
9193,442,e435792ece3754f9a940629ec319e62c108f06fedc90da30504b776f,SP reward for iBTC,11 October 2023,104031,10-01-2024 21:45,12-10-2023 23:00
9194,442,b75a87ce395a2a35d89a86f52fe433a1fc75ad685a4706b134fdb349,SP reward for iBTC,11 October 2023,80916,10-01-2024 21:45,12-10-2023 23:00
9195,442,862f5ad26068a3da287a54bc2fab1c19a99a48c81939d34870be1b85,SP reward for iBTC,11 October 2023,52108,10-01-2024 21:45,12-10-2023 23:00
9196,442,f7b1e851725cfa1f1f24f6b0efb5c29ca06119a33c64f8b6324f27db,SP reward for iBTC,11 October 2023,33873,10-01-2024 21:45,12-10-2023 23:00
9197,442,cf160c79e4395e9b17de9ff8fa6d78e9ade6fee1e7080e0c00152e3e,SP reward for iBTC,11 October 2023,269004,10-01-2024 21:45,12-10-2023 23:00
9198,442,ea8d6023f782f4802d83c0c803c213be848f2a5aec6bceb40a3a71c2,SP reward for iBTC,11 October 2023,568,10-01-2024 21:45,12-10-2023 23:00
9199,442,70f311783e3166f6d6bc39a700b92a2a2610b7cf7f20b5775244b657,SP reward for iBTC,11 October 2023,1033473,10-01-2024 21:45,12-10-2023 23:00
9200,442,878c6006173f9d113f53ba6169317039743808f62e25f539418ba4af,SP reward for iBTC,11 October 2023,1179260,10-01-2024 21:45,12-10-2023 23:00
9201,442,4e3f32529b38dc2fec4f2e582ead19b227edac321f79b7f4fb26a362,SP reward for iBTC,11 October 2023,17203,10-01-2024 21:45,12-10-2023 23:00
9202,442,7346e0ad8dce5c04702ca60dd0d4526e2df5d483f1761718ee53aad5,SP reward for iBTC,11 October 2023,102547,10-01-2024 21:45,12-10-2023 23:00
9203,442,4b950752c2113c742fcb45f06e31f1773151ec070e34b5361a2e559f,SP reward for iBTC,11 October 2023,1991235,10-01-2024 21:45,12-10-2023 23:00
9204,442,2dabdcb42f94e94c8c01515743dd95856cec96a8367fa180dcb71b99,SP reward for iBTC,11 October 2023,75177,10-01-2024 21:45,12-10-2023 23:00
9205,442,8fd1c10f23d010cb70527dfa179041722d39ecbb73a759bc2b88639c,SP reward for iBTC,11 October 2023,521118,10-01-2024 21:45,12-10-2023 23:00
9206,442,33927ace3bccbac0df3ec2a62bbfc5b7637b1d1c48a253c34397f43c,SP reward for iBTC,11 October 2023,5692,10-01-2024 21:45,12-10-2023 23:00
9207,442,d507ae81327a236ebeb68e2eb12a2e91f1dec6864389e429cca299dd,SP reward for iBTC,11 October 2023,862657,10-01-2024 21:45,12-10-2023 23:00
9208,442,d74a6efc13c28b96e80fa23036353ec62897443d0ee58a7cae63cb0b,SP reward for iBTC,11 October 2023,112656,10-01-2024 21:45,12-10-2023 23:00
9209,442,47ee31ae699bd89a025e9501b9f940c22de22a3dfc2a718e2a10eb05,SP reward for iBTC,11 October 2023,8660,10-01-2024 21:45,12-10-2023 23:00
9210,442,5f4cdf9c20fb77b9f42b5e38191e4f5f75b2204e5c86d8a0f7a0dc36,SP reward for iBTC,11 October 2023,113560,10-01-2024 21:45,12-10-2023 23:00
9211,442,172e62f4878895a3168c61eccd4f7effd9e33383a4b89031c2d05053,SP reward for iBTC,11 October 2023,370578,10-01-2024 21:45,12-10-2023 23:00
9212,442,1b0f82f268b7fe033d88c2ac02f6a179e2ea545a13cb01a3a54a599a,SP reward for iBTC,11 October 2023,65509,10-01-2024 21:45,12-10-2023 23:00
9213,442,0dcbeed337d833d3642b28c19cdc84b4a6bd454170bc39dd5b8fd27f,SP reward for iBTC,11 October 2023,74308,10-01-2024 21:45,12-10-2023 23:00
9214,442,5dd980e75c38dc7af3dbb6d1d1f023b6b2c47e0fc11d7614b8c6144a,SP reward for iBTC,11 October 2023,51320,10-01-2024 21:45,12-10-2023 23:00
9215,442,b0d6004a93f5ebcbca3d9df0d90dd40d56118c2d092bf4073450c7cf,SP reward for iBTC,11 October 2023,28239,10-01-2024 21:45,12-10-2023 23:00
9216,442,c59dfaaf43c38d28e4bf38064a298f6adff6f0ac28a81ca2ba81efd4,SP reward for iBTC,11 October 2023,6225,10-01-2024 21:45,12-10-2023 23:00
9217,442,1c17a2b47f85fbfb39d92c74636c3febf1c4171c923fcb69f1d9cc15,SP reward for iBTC,11 October 2023,291552,10-01-2024 21:45,12-10-2023 23:00
9218,442,00d5a046be21b4c6c5c6c90c6f831f2b6413cf7c22bd0e0affddf169,SP reward for iBTC,11 October 2023,62066,10-01-2024 21:45,12-10-2023 23:00
9219,442,803aa8053a78aaea3d2fe1c3591703fa63e0617e2153551fd6742ddb,SP reward for iBTC,11 October 2023,27938,10-01-2024 21:45,12-10-2023 23:00
9220,442,d4354d91bc4d7bc7e8a8fc5794f99754740cb0d23b0b96c32b334fed,SP reward for iBTC,11 October 2023,43391,10-01-2024 21:45,12-10-2023 23:00
9221,442,127d26a73f634ffb7d4e6520feddd1f5abc62b4bfb9c5b513a0faf23,SP reward for iBTC,11 October 2023,15186,10-01-2024 21:45,12-10-2023 23:00
9222,442,efe6a1bd03d8dd1a5a22927c2d862e27d6d0dd04bb4ed396d8887056,SP reward for iBTC,11 October 2023,15186,10-01-2024 21:45,12-10-2023 23:00
9223,442,5f8f6ba508ff9881b3c738c4a7c20e0847d02b71d18de8ac1cb80514,SP reward for iBTC,11 October 2023,15209,10-01-2024 21:45,12-10-2023 23:00
9224,442,9e643254f8245ece4648fcdc4a354ea13e344c11271af8c658253032,SP reward for iBTC,11 October 2023,15221,10-01-2024 21:45,12-10-2023 23:00
9225,442,d0a287080a5f1e8c7895310d78734a8b9937f46073b058b098bd4ea4,SP reward for iBTC,11 October 2023,15186,10-01-2024 21:45,12-10-2023 23:00
9226,442,44695b930c7d23346cf113e38f5e5cf7050ada748945ab88aedf6a41,SP reward for iBTC,11 October 2023,15221,10-01-2024 21:45,12-10-2023 23:00
9227,442,5ebf7013444e2e68de82850cdfb3666ca4736e73ddd9086d6466effc,SP reward for iBTC,11 October 2023,15209,10-01-2024 21:45,12-10-2023 23:00
9228,442,9e1c246216b925a3525c8a22acca10e4f20a8bb72eadd794842941d0,SP reward for iBTC,11 October 2023,15209,10-01-2024 21:45,12-10-2023 23:00
9229,442,2abf3c6529aed8e823daf0009e245991f07312b2c3abfa896ae0d621,SP reward for iBTC,11 October 2023,15198,10-01-2024 21:45,12-10-2023 23:00
9230,442,28c0ed86703825c350733056b1b81ddcd366438987fe0c61c8035072,SP reward for iBTC,11 October 2023,15198,10-01-2024 21:45,12-10-2023 23:00
9231,442,6967ac99067fa8918be3effe80acb02d0112916b196c3472bf1ae8d3,SP reward for iBTC,11 October 2023,15256,10-01-2024 21:45,12-10-2023 23:00
9232,442,8e2e68198ad244bf93f8aa743640ef5a97a3e7ec9c2d8bc6faa61123,SP reward for iBTC,11 October 2023,15256,10-01-2024 21:45,12-10-2023 23:00
9233,442,4317b2ad43c9462bd359d9d7cd7ff9c09d753755c061ad5ee15e0165,SP reward for iBTC,11 October 2023,15233,10-01-2024 21:45,12-10-2023 23:00
9234,442,dcd377746b5124b7dc67168f12221da018ddf15b9fbee68ee0735c8a,SP reward for iBTC,11 October 2023,15233,10-01-2024 21:45,12-10-2023 23:00
9235,442,ca80c29f0fab9e47157113fdbf0e5adad90f606ac3c2c0472da31fcc,SP reward for iBTC,11 October 2023,15233,10-01-2024 21:45,12-10-2023 23:00
9236,442,c77f571656d51f09f302b1916071bed21d55dfacbbe2fdbb818b0d4a,SP reward for iBTC,11 October 2023,13668,10-01-2024 21:45,12-10-2023 23:00
9237,442,7a2009799e43e9044fd476ff1f88fbea64babef7a7bc20c6b21c7939,SP reward for iBTC,11 October 2023,15244,10-01-2024 21:45,12-10-2023 23:00
9238,442,84004c5f32b4d374910d336498d403676dc192f86584ae1d9eb1db4a,SP reward for iBTC,11 October 2023,15244,10-01-2024 21:45,12-10-2023 23:00
9239,442,5d836fc0b9042bafc309fe81cad9902a3e5256acea324b4128b4bbe6,SP reward for iBTC,11 October 2023,15244,10-01-2024 21:45,12-10-2023 23:00
9240,442,5465bf73f1a67d5b67ecd4d29515ef9c7e2a31130b3bb036e50b0984,SP reward for iBTC,11 October 2023,15244,10-01-2024 21:45,12-10-2023 23:00
9241,442,b1f7b45205350ea85fcf6b736477f5fadd617ef9ad9c98a48ad61ec9,SP reward for iBTC,11 October 2023,1347421,10-01-2024 21:45,12-10-2023 23:00
9242,442,cd86c7001be335cb5ba746ee9c7b23758eff240e67ae44b4af9f3f85,SP reward for iBTC,11 October 2023,152129,10-01-2024 21:45,12-10-2023 23:00
9243,442,5434b2713c0d0884e45afb46b9f560e0e8be50d63ae949be9fe51423,SP reward for iBTC,11 October 2023,19777,10-01-2024 21:45,12-10-2023 23:00
9244,442,338f6ad73e0886541751486f71ceb084279c1ef0babe1ca9a2d58687,SP reward for iBTC,11 October 2023,1197542,10-01-2024 21:45,12-10-2023 23:00
9245,442,a1e4678a007b4cbfc9aa6e7f9a37a15c2edb29f18ee1727b2a161bb8,SP reward for iBTC,11 October 2023,80452,10-01-2024 21:45,12-10-2023 23:00
9246,442,85c66ed26b27050fbc7bebe3c85f283ea848da45f15dd05469477684,SP reward for iBTC,11 October 2023,39310,10-01-2024 21:45,12-10-2023 23:00
9247,442,2177c9b358e79ac479a2e137ce1326609b8341c32770c2166915cc8a,SP reward for iBTC,11 October 2023,16160,10-01-2024 21:45,12-10-2023 23:00
9248,442,4cb2eb343a9f29be1c2550732c532cf3d2a846cce4b12691379bdc70,SP reward for iBTC,11 October 2023,60258,10-01-2024 21:45,12-10-2023 23:00
9249,442,b1f1b061e51ad6f7a28f63f6f6e8928ae397a229eb37eb968bce611d,SP reward for iBTC,11 October 2023,261829,10-01-2024 21:45,12-10-2023 23:00
9250,442,252028dd01e3acc1c30861a6624f8b90e85f9b9056fde443a3df8533,SP reward for iBTC,11 October 2023,48874,10-01-2024 21:45,12-10-2023 23:00
9251,442,08bee9b93df80b52ef1582cafdc2d00b8ebb1db6f53d42746ba2ee8a,SP reward for iBTC,11 October 2023,302507,10-01-2024 21:45,12-10-2023 23:00
9252,442,0fd054639a3e8f5d478a3a54301863571c602fa127d5240ed03b9396,SP reward for iBTC,11 October 2023,84451,10-01-2024 21:45,12-10-2023 23:00
9253,442,d0bada51ac1cbd906f6d2310bab8e20f8dbb9f90c9719969a5ae8f66,SP reward for iBTC,11 October 2023,117224,10-01-2024 21:45,12-10-2023 23:00
9254,442,927e55798611f7bc06bb509fc2a6ec54a42d0284b52478f38053c635,SP reward for iBTC,11 October 2023,125292,10-01-2024 21:45,12-10-2023 23:00
9255,442,9874f0db003e781647db8f953002a3db4844641352332ff7c6fe6c1d,SP reward for iBTC,11 October 2023,410804,10-01-2024 21:45,12-10-2023 23:00
9256,442,c92acee29814228a44be41f4a07ca4beaac0585a93f5a5f36e0a625a,SP reward for iBTC,11 October 2023,425584,10-01-2024 21:45,12-10-2023 23:00
9257,442,f08a2242c6a6353ea38c9316dc478cad0d5e53eef6c1833e763eb33d,SP reward for iBTC,11 October 2023,12033,10-01-2024 21:45,12-10-2023 23:00
9258,442,34c3340d91bf6565f8b26b14e5dc37c6f89d62bc748b78de164115da,SP reward for iBTC,11 October 2023,26895,10-01-2024 21:45,12-10-2023 23:00
9259,442,9f95cb7929fd219396797e5ed4c48b69cd18f58370858927236619cf,SP reward for iBTC,11 October 2023,556,10-01-2024 21:45,12-10-2023 23:00
9260,442,8aaa28ab9441608df81e08d2b228a7349d76bf3019504a8615bfcf08,SP reward for iBTC,11 October 2023,59991,10-01-2024 21:45,12-10-2023 23:00
9261,442,9c8cc3ac2810e440ae1d0d41c4d7cbf79b860b5f315f8d4ed8350d81,SP reward for iBTC,11 October 2023,59748,10-01-2024 21:45,12-10-2023 23:00
9262,442,851e58aaf8a0c9f3c9abbaf773b05533b5aac52afc6f9dab8d656c91,SP reward for iBTC,11 October 2023,69555,10-01-2024 21:45,12-10-2023 23:00
9263,442,6f55a9d74db68134d952107df81bfffdec92fed808885f29e3ab39b1,SP reward for iBTC,11 October 2023,28529,10-01-2024 21:45,12-10-2023 23:00
9264,442,611d8b0630ae6010daa86863dbebda9d75d83c77a3f9799153c03091,SP reward for iBTC,11 October 2023,831346,10-01-2024 21:45,12-10-2023 23:00
9265,442,5a4fad55fdeabf0d0dfb5d4b75464bf5ee33a8f1edd2015dc0b39c24,SP reward for iBTC,11 October 2023,76163,10-01-2024 21:45,12-10-2023 23:00
9266,442,421eb2f69996e14e0249d6008d6db12997e9feb75ffe5ae8a18450dc,SP reward for iBTC,11 October 2023,1103689,10-01-2024 21:45,12-10-2023 23:00
9267,442,07b67ac56d6c56a757ac53b2c37f47ac6904d27a64aa6b1bc7d7c906,SP reward for iBTC,11 October 2023,797635,10-01-2024 21:45,12-10-2023 23:00
9268,442,e78c4eb4ec3e852b78f8540a7ff65767451cbf7601c4e6a9c4c97d52,SP reward for iBTC,11 October 2023,681223,10-01-2024 21:45,12-10-2023 23:00
9269,442,244ef5c19b4209da7df61d1f9a41ca599cf12610aed0f9457dbc7353,SP reward for iBTC,11 October 2023,217661,10-01-2024 21:45,12-10-2023 23:00
9270,442,68fb726d104e615aa74b865aa28f0e8460ef489721ee26413f190a2b,SP reward for iBTC,11 October 2023,55806,10-01-2024 21:45,12-10-2023 23:00
9271,442,e892875d741eeddc536eb15bb8df712f375ee8b043312119ae1b3742,SP reward for iBTC,11 October 2023,457719,10-01-2024 21:45,12-10-2023 23:00
9272,442,0f602b5d99125a213ff9978c6dfca3147a2daf71d7baa9807b6d395b,SP reward for iBTC,11 October 2023,12369,10-01-2024 21:45,12-10-2023 23:00
9273,442,4482822ba84d47736ecfc0a9647e3d1f6114b32f6bc944ceb6c67b13,SP reward for iBTC,11 October 2023,99162,10-01-2024 21:45,12-10-2023 23:00
9274,442,759d6df20a7f19005a274354accf23be17d066149740f11b76115565,SP reward for iBTC,11 October 2023,212804,10-01-2024 21:45,12-10-2023 23:00
9275,442,3ff27f47760d508cbc7e9db201e9fa0a985717f9cbfd307d429ba670,SP reward for iBTC,11 October 2023,1028511,10-01-2024 21:45,12-10-2023 23:00
9276,442,a7c4ad49f24faecad3a91f5e5a4109cfa822faade50e6840a3db3d67,SP reward for iBTC,11 October 2023,1479240,10-01-2024 21:45,12-10-2023 23:00
9277,442,759eb4f2ca5d96083badd166880b65128fa3d8da340bce3b4198a2f3,SP reward for iBTC,11 October 2023,877148,10-01-2024 21:45,12-10-2023 23:00
9278,442,d98785b47f3e7e0d0f16ba3186a7349b9e95fc1c8ea5b60b06c7c214,SP reward for iBTC,11 October 2023,259719,10-01-2024 21:45,12-10-2023 23:00
9279,442,36335a09015ff3e7941cc3bc4095f41ec80aedf5086c1ffedf7bc7a9,SP reward for iBTC,11 October 2023,1139881,10-01-2024 21:45,12-10-2023 23:00
9280,442,c2caa3f52fdfe4424d8aab68f691aa1617988acdb86a37b2850795ac,SP reward for iBTC,11 October 2023,285164,10-01-2024 21:45,12-10-2023 23:00
9281,442,0a36d2059eac53b46045092125f8419d455cf63ba48a7f2285a1a691,SP reward for iBTC,11 October 2023,676064,10-01-2024 21:45,12-10-2023 23:00
9282,442,343a6e2b66f769abf99ad58bc6425690fd647ea7221a738a55d94bd6,SP reward for iBTC,11 October 2023,163628,10-01-2024 21:45,12-10-2023 23:00
9283,442,69378090fe30db71103e3e1733833fdfd7caca0ce295aaecc4c87b73,SP reward for iBTC,11 October 2023,144025,10-01-2024 21:45,12-10-2023 23:00
9284,442,dbd9c61554e7f039b6d4eeaa12977fd06872e65ee8b7069c967c8ead,SP reward for iBTC,11 October 2023,67445,10-01-2024 21:45,12-10-2023 23:00
9285,442,01f6dc5b1fa257c30119d02f9ec10db6cec471c96fde0ea8a06f1f52,SP reward for iBTC,11 October 2023,1088352,10-01-2024 21:45,12-10-2023 23:00
9286,442,481c685b45d23206458864c3cee0ec7258f8b28d15000fae7c9ee246,SP reward for iBTC,11 October 2023,11071,10-01-2024 21:45,12-10-2023 23:00
9287,442,31eec5d71937555a28119e20dadcbe20b67b367b2f31f21957466444,SP reward for iBTC,11 October 2023,511868,10-01-2024 21:45,12-10-2023 23:00
9288,442,9527209d33e31613f6543e4c5447305c05f8afc334d0f8aa90f6e256,SP reward for iBTC,11 October 2023,10387,10-01-2024 21:45,12-10-2023 23:00
9289,442,8d9f07138fbec27a505c2800f79653639a09487e702622bc52bc7ac4,SP reward for iBTC,11 October 2023,188077,10-01-2024 21:45,12-10-2023 23:00
9290,442,1c874dcb1cc790d45772509bed0e7d7bd8396ca0f72ed76025296496,SP reward for iBTC,11 October 2023,22234,10-01-2024 21:45,12-10-2023 23:00
9291,442,c5ad47122828f917f08da9b1919bf801fb63a1b00950888c4e1d553f,SP reward for iBTC,11 October 2023,102292,10-01-2024 21:45,12-10-2023 23:00
9292,442,23a833160c3d6a9c09c95cae9035dacdb5be88b00fd1c34ca6399bd7,SP reward for iBTC,11 October 2023,138844,10-01-2024 21:45,12-10-2023 23:00
9293,442,c4c6e2c645f453f6f7ca990b7ade2b2b2de868c0aeb5c7511e481fe9,SP reward for iBTC,11 October 2023,1599350,10-01-2024 21:45,12-10-2023 23:00
9294,442,5ba4f7eb27d46622d4728a365e4e78b349d96c40cb8e6b17b32814ad,SP reward for iBTC,11 October 2023,24553,10-01-2024 21:45,12-10-2023 23:00
9295,442,85dccd823a8eda33c9f680bb5dd7c09479fae10c95732a968f39ddad,SP reward for iBTC,11 October 2023,159177,10-01-2024 21:45,12-10-2023 23:00
9296,442,86a99dbae5591a3ea7274bb23bc1b80d3c1ab2f2741434ff30984d90,SP reward for iBTC,11 October 2023,42197,10-01-2024 21:45,12-10-2023 23:00
9297,442,8d589e8e00fdadd913c2f769b43d341a03fc6ce5823456e7a3deaa01,SP reward for iBTC,11 October 2023,111752,10-01-2024 21:45,12-10-2023 23:00
9298,442,6c84ff02fbb588bbfc2cf7edd4c93ccb0582bc5563a4034ae39a1db6,SP reward for iBTC,11 October 2023,249610,10-01-2024 21:45,12-10-2023 23:00
9299,442,9119d1928ddf92d6dc740edccad925e6ec9a7bacafb0a4d1963064a2,SP reward for iBTC,11 October 2023,187474,10-01-2024 21:45,12-10-2023 23:00
9300,442,c36eec545b3d4967a6761fcdb2595a7e87863e334942e60ecfdc5ca8,SP reward for iBTC,11 October 2023,457673,10-01-2024 21:45,12-10-2023 23:00
9301,442,69db3ddacd4bd728026a19f9e8be6d41771d6cfb8cc1706798b3ad1b,SP reward for iBTC,11 October 2023,151132,10-01-2024 21:45,12-10-2023 23:00
9302,442,405966152e910c43c45f1d21d8420d7ce66c604b9750824741970780,SP reward for iBTC,11 October 2023,28680,10-01-2024 21:45,12-10-2023 23:00
9303,442,2a9e1ec8640d0b29f2942fb8e7edf6b10a46df1002b64f3c7fa91723,SP reward for iBTC,11 October 2023,76974,10-01-2024 21:45,12-10-2023 23:00
9304,442,e6fdaba56d087a16a9d4cd4a298d537bb25843159bbe8c9dfcfa3530,SP reward for iBTC,11 October 2023,103683,10-01-2024 21:45,12-10-2023 23:00
9305,442,1385472fec065e645adad4da5662368191ca8f5f6fe59fe849d7002e,SP reward for iBTC,11 October 2023,73775,10-01-2024 21:45,12-10-2023 23:00
9306,442,b01f0c44e67df1b4b6554d0e86a6b3d2529cdabb099bb8cba9af32f9,SP reward for iBTC,11 October 2023,347265,10-01-2024 21:45,12-10-2023 23:00
9307,442,2565d4ceb27abec66f12b27af3bfb8a828bcc5dfedc31442fb34422a,SP reward for iBTC,11 October 2023,556986,10-01-2024 21:45,12-10-2023 23:00
9308,442,d054a3e88aa7d909469f67c6bbaeab11aa87316f08c1eed2b6c2aed3,SP reward for iBTC,11 October 2023,498513,10-01-2024 21:45,12-10-2023 23:00
9309,442,982897eebb4516bb2e68c969145ed6b60afd9581c5395fd8d5f41671,SP reward for iBTC,11 October 2023,822419,10-01-2024 21:45,12-10-2023 23:00
9310,442,697ed4b4d37e6505d79692e149459fdae0ccd24d11201f9034b6c006,SP reward for iBTC,11 October 2023,11326,10-01-2024 21:45,12-10-2023 23:00
9311,442,2922bb18ea7225c2905acb96276ea33273c5e07a0860fb276087115f,SP reward for iBTC,11 October 2023,366973,10-01-2024 21:45,12-10-2023 23:00
9312,442,9c9ccbb773315d014fa44cd45b3f748defe409f24ced66bbf1f3137c,SP reward for iBTC,11 October 2023,375400,10-01-2024 21:45,12-10-2023 23:00
9313,442,58c052676fe5b1cd52fda1ba62bbdabef2b3f261258e1fcfaa4df833,SP reward for iBTC,11 October 2023,373604,10-01-2024 21:45,12-10-2023 23:00
9314,442,ef069ebbfa0f2dcdea147ca71b0b83cde8bdbbb1a857f6d2ff5178c7,SP reward for iBTC,11 October 2023,352459,10-01-2024 21:45,12-10-2023 23:00
9315,442,1c348c0ee2a2c36691e877a0058da0def13243399ab568db8db5825c,SP reward for iBTC,11 October 2023,38510,10-01-2024 21:45,12-10-2023 23:00
9316,442,775ef1ace4264239a1f7713dfcf2509b35664a69ff58631d9ca7b43d,SP reward for iBTC,11 October 2023,100090,10-01-2024 21:45,12-10-2023 23:00
9317,442,76f39418bc0fe22ab0a1376def8e1520b5ec048460ce83e7f79a477c,SP reward for iBTC,11 October 2023,48005,10-01-2024 21:45,12-10-2023 23:00
9318,442,87e1120a366b59b429a88f7c52bc5b2fab730eda807f6abbd65118a3,SP reward for iBTC,11 October 2023,236800,10-01-2024 21:45,12-10-2023 23:00
9319,442,fc55aff12a90e98825a92bb51f4b05622fa2fca8cfd21f235175cc28,SP reward for iBTC,11 October 2023,3060,10-01-2024 21:45,12-10-2023 23:00
9320,442,ecf1cb14a49abe481c4930be126426df3a7468257a129575cd49b41b,SP reward for iBTC,11 October 2023,560881,10-01-2024 21:45,12-10-2023 23:00
9321,442,ca79ad389e53d6d78f64b08613237df256252d328a6adf8cd3fddaad,SP reward for iBTC,11 October 2023,40980,10-01-2024 21:45,12-10-2023 23:00
9322,442,b11f12e256590d6f349702a08a9def66cbc7b490cba621d3a6b51f81,SP reward for iBTC,11 October 2023,584332,10-01-2024 21:45,12-10-2023 23:00
9323,442,c835248f41cb65303bec60d767f0299ea458a19c8c04beb125513487,SP reward for iBTC,11 October 2023,492937,10-01-2024 21:45,12-10-2023 23:00
9324,442,ab0a64f658b137b30ef606a422077d26ffa7cb161c883140ea9a1222,SP reward for iBTC,11 October 2023,39751,10-01-2024 21:45,12-10-2023 23:00
9325,442,f04e3a2f427f303624958a861d18f657e307e65da73922e8d823d573,SP reward for iBTC,11 October 2023,152349,10-01-2024 21:45,12-10-2023 23:00
9326,442,84b371d05ada1ac3b80397becb568cf6fd51c9ed6fbb710d29c0cc00,SP reward for iBTC,11 October 2023,40551,10-01-2024 21:45,12-10-2023 23:00
9327,442,6565981b164790ff226d5536d2735737d1204c90f3e96be53f398cb7,SP reward for iBTC,11 October 2023,128422,10-01-2024 21:45,12-10-2023 23:00
9328,442,752ca73ddf1be8dffa36de008da3efa547f9b96354198896f5961e0e,SP reward for iBTC,11 October 2023,80452,10-01-2024 21:45,12-10-2023 23:00
9329,442,65fe5aecb5e29a5ed212fcbddda174205fb47bf6e379fd275962c68e,SP reward for iBTC,11 October 2023,589445,10-01-2024 21:45,12-10-2023 23:00
9330,442,5187bd9ddecc2fdfae36f4e67526cc8368478db4478c08bff6a708dc,SP reward for iBTC,11 October 2023,39948,10-01-2024 21:45,12-10-2023 23:00
9331,442,553c24788c7e3923749226ba754c1230965e5a6881e269b89c108012,SP reward for iBTC,11 October 2023,3002,10-01-2024 21:45,12-10-2023 23:00
9332,442,f579246478661b78d9fb348c9474809402c7af31e9875417c59acb03,SP reward for iBTC,11 October 2023,36088,10-01-2024 21:45,12-10-2023 23:00
9333,442,d203a585d517315ef60b563878acfd72bd9ba9bd458d8c432ba53f7f,SP reward for iBTC,11 October 2023,1484,10-01-2024 21:45,12-10-2023 23:00
9334,442,d293f90ea2fd8c346edc313e42d1d8e3e739282dca078926377f6e1d,SP reward for iBTC,11 October 2023,98154,10-01-2024 21:45,12-10-2023 23:00
9335,442,c05a3bb916f898f5a4bb6886e7eca889c8f0e337ca7d0ac8a23aadf3,SP reward for iBTC,11 October 2023,116841,10-01-2024 21:45,12-10-2023 23:00
9336,442,d8873d99d8bac628cb99a6bfc97e0c7c1553286d4a62aedde875354b,SP reward for iBTC,11 October 2023,815116,10-01-2024 21:45,12-10-2023 23:00
9337,442,ab7dc86cf7fa1c543685fb6d91810e9362588d242efc1d1970dda2ea,SP reward for iBTC,11 October 2023,229242,10-01-2024 21:45,12-10-2023 23:00
9338,442,772e948ec345913bb1f86e295f4ff0d3b1f70e1b4ebca5831c6532a9,SP reward for iBTC,11 October 2023,41049,10-01-2024 21:45,12-10-2023 23:00
9339,442,c1e127e6f4fe215c3dcf7cc66335711c354e4e032a91919b7bb304d7,SP reward for iBTC,11 October 2023,3403134,10-01-2024 21:45,12-10-2023 23:00
9340,442,bb32c423f9a82af12f10a7ddfbb3e06a6160ad5b75827a14c2975eb5,SP reward for iBTC,11 October 2023,130590,10-01-2024 21:45,12-10-2023 23:00
9341,442,c327beebd731f0bb58b05726c2730c899b4153536cf1d329abf24400,SP reward for iBTC,11 October 2023,45675,10-01-2024 21:45,12-10-2023 23:00
9342,442,08f35dbe4574f570874338a49ae321cbf71409c487aedca93a87adf3,SP reward for iBTC,11 October 2023,4788,10-01-2024 21:45,12-10-2023 23:00
9343,442,e388024f70a31b9841cda41c8ae43867bce9bae07d348f222edc6081,SP reward for iBTC,11 October 2023,638609,10-01-2024 21:45,12-10-2023 23:00
9344,442,ace43bacbaaf8c652192a6b790f353ca7553a105d99419638d1544fa,SP reward for iBTC,11 October 2023,98050,10-01-2024 21:45,12-10-2023 23:00
9345,442,ee8e915802b5f642b6f4d4d30ce94976a6efc51f145c980d9d376034,SP reward for iBTC,11 October 2023,70,10-01-2024 21:45,12-10-2023 23:00
9346,442,f522f25c74116502ec93b9c5b40debd40d36ee7078989616fcfb2fdb,SP reward for iBTC,11 October 2023,793913,10-01-2024 21:45,12-10-2023 23:00
9347,442,010983eec9ff8e0cdb301b705d958ae67ca9335fc4a19fe8701c7191,SP reward for iBTC,11 October 2023,186361,10-01-2024 21:45,12-10-2023 23:00
9348,442,a3fcd9ac08aaba066110a8e2492e9f777f9cf49e56331dab600ec8b9,SP reward for iBTC,11 October 2023,506720,10-01-2024 21:45,12-10-2023 23:00
9349,442,c1cd747fe18cf8260a8115694c82c458f6facfafd5a382447a2a3e03,SP reward for iBTC,11 October 2023,198881,10-01-2024 21:45,12-10-2023 23:00
9350,442,2d8e47435b0c86ffc07f8c45272929148631ba923e3e24abd49c7d62,SP reward for iBTC,11 October 2023,432262,10-01-2024 21:45,12-10-2023 23:00
9351,442,4c80764f5b682045f12a83303d017d4dbe90f09f76b2108a5c44ae54,SP reward for iBTC,11 October 2023,1813197,10-01-2024 21:45,12-10-2023 23:00
9352,442,9fac73b1dbc78492dafb35890abb68d34cafeca9f10003df441aad12,SP reward for iBTC,11 October 2023,3111883,10-01-2024 21:45,12-10-2023 23:00
9353,442,f706d35c708bcc63336b52eca4245fa5ad1ea3f8dfaee5a88b751ac0,SP reward for iBTC,11 October 2023,2016669,10-01-2024 21:45,12-10-2023 23:00
9354,442,1227be2193b0f03f9ced11395f01fec9baab09491e545787377e5787,SP reward for iBTC,11 October 2023,827196,10-01-2024 21:45,12-10-2023 23:00
9355,442,8707ca72180e998be7256d3ca209f1018ee51fc9f9e1d55fd1d962ae,SP reward for iBTC,11 October 2023,3455,10-01-2024 21:45,12-10-2023 23:00
9356,442,84741e3fbccc3a2afa5ff1c2ef3791a89a6ca1241de26c08a3ab353c,SP reward for iBTC,11 October 2023,299667,10-01-2024 21:45,12-10-2023 23:00
9357,442,6dfa5c283d15c82b85b918c5480a6abf540d11f8ba50bdd65af11b86,SP reward for iBTC,11 October 2023,89923,10-01-2024 21:45,12-10-2023 23:00
9358,442,2d7f83bee28f29bf82eb41de3d59674e71af6a2faf3cce9eb95d6026,SP reward for iBTC,11 October 2023,838962,10-01-2024 21:45,12-10-2023 23:00
9359,442,a63f51bb42d71bf094ba7ebbea7180346656d7472461c81af03ff839,SP reward for iBTC,11 October 2023,44759,10-01-2024 21:45,12-10-2023 23:00
9360,442,510bf3f63b75013bcedc1a907a6fc4a2eef072397761cb455e9accb0,SP reward for iBTC,11 October 2023,108263,10-01-2024 21:45,12-10-2023 23:00
9361,442,76bd0706659b380bf2acb2259850bdd90488151424877d178eaa4c2d,SP reward for iBTC,11 October 2023,539122,10-01-2024 21:45,12-10-2023 23:00
9362,442,6e1af944114d0b0f4e9ca648a1a8bef65cc380f25f26ad97df13ad54,SP reward for iBTC,11 October 2023,293430,10-01-2024 21:45,12-10-2023 23:00
9363,442,55ef464ca22cf92698284b40810e51777b3bbaece5007d513dd80d3d,SP reward for iBTC,11 October 2023,34244,10-01-2024 21:45,12-10-2023 23:00
9364,442,e7e7e46cbc26ad46ebf40383764bf5031580588917f77fb838aad330,SP reward for iBTC,11 October 2023,5680,10-01-2024 21:45,12-10-2023 23:00
9365,442,31735ce88157a4b959f5e404f69aa0a7ff6b9bd0cc3f28d39943e3d7,SP reward for iBTC,11 October 2023,151966,10-01-2024 21:45,12-10-2023 23:00
9366,442,b72205cb401b474d3640529ef733adc3ef8aa82e9eacd1e77e4a4b52,SP reward for iBTC,11 October 2023,6210401,10-01-2024 21:45,12-10-2023 23:00
9367,442,fd9bd973495025b544108b39c3e8437f8903d9c10efa8a549fb76c9d,SP reward for iBTC,11 October 2023,7837,10-01-2024 21:45,12-10-2023 23:00
9368,442,0de7c3f3373ee0b1fa6291fddb92a9f4c95e4d641aa2a3d95ed3427f,SP reward for iBTC,11 October 2023,442289,10-01-2024 21:45,12-10-2023 23:00
9369,442,068a883756f40982465a2975535ff3bb33ca3e5fbca778c1e62674f7,SP reward for iBTC,11 October 2023,190987,10-01-2024 21:45,12-10-2023 23:00
9370,442,c8af7ec346eb1242adaeebd3ad327b140d37d084dc75a3e026ce4b39,SP reward for iBTC,11 October 2023,75943,10-01-2024 21:45,12-10-2023 23:00
9371,442,844da5da8b0ca7fb657b0c6a261883ebf631627f6b016ee7cd6516a0,SP reward for iBTC,11 October 2023,484069,10-01-2024 21:45,12-10-2023 23:00
9372,442,815fbda2445993f02e75d4f6af38e7d9c0e61e1d3578b4bf71c71e55,SP reward for iBTC,11 October 2023,342385,10-01-2024 21:45,12-10-2023 23:00
9373,442,1ff8ec747a4655f4f3abfe66233fb0343954025143e9134ca779640d,SP reward for iBTC,11 October 2023,18101853,10-01-2024 21:45,12-10-2023 23:00
9374,442,c2174735c17d772c59d5d19d925f29092b36344e24964b3d115637b7,SP reward for iBTC,11 October 2023,124480,10-01-2024 21:45,12-10-2023 23:00
9375,442,46f432395436e794072253949200551e75e28ef2bf1d3e960edcdf2f,SP reward for iBTC,11 October 2023,37029743,10-01-2024 21:45,12-10-2023 23:00
9376,442,888234b4c89dc4aee2e8307c1f934f413028d33d27a6a9b08fd5866e,SP reward for iBTC,11 October 2023,707723,10-01-2024 21:45,12-10-2023 23:00
9377,442,19b46b0b16bbbc3a6f7b67ddd2a5e21dbe1b3b232a9e02109c20350f,SP reward for iBTC,11 October 2023,507115,10-01-2024 21:45,12-10-2023 23:00
9378,442,53c73e201e855fb41a5fca25286f7d48a43dcad4686fb38ed1656094,SP reward for iBTC,11 October 2023,12497,10-01-2024 21:45,12-10-2023 23:00
9379,442,6a22c66b1ac47584e99999b61de170878547bb5a6b87946a6f1e018e,SP reward for iBTC,11 October 2023,83234,10-01-2024 21:45,12-10-2023 23:00
9380,442,6584bcf113af500d0a3da31cf71613891b5ec591bf920e03518cd20a,SP reward for iBTC,11 October 2023,421237,10-01-2024 21:45,12-10-2023 23:00
9381,442,d94f9bc0ffe11ad1005b22a6e5c2b471b29c53510aa81514fc24d95a,SP reward for iBTC,11 October 2023,1140762,10-01-2024 21:45,12-10-2023 23:00
9382,442,a12d7337565e62a3d4b816f0291a3f7083a14dff1f37384fe9345453,SP reward for iBTC,11 October 2023,64930,10-01-2024 21:45,12-10-2023 23:00
9383,442,23b41dab65f698716d09448d4c399e10d2f66ba2fb6433671643c280,SP reward for iBTC,11 October 2023,1027132,10-01-2024 21:45,12-10-2023 23:00
9384,442,dfeac5dd22c2b53cb43a31cbe0cc5cd71c78f714c5f05a20eaa107db,SP reward for iBTC,11 October 2023,415626,10-01-2024 21:45,12-10-2023 23:00
9385,442,991cdf984dad30fa2dcd54085e6d4b8689be3edbad0b8d4186c69e7f,SP reward for iBTC,11 October 2023,40469,10-01-2024 21:45,12-10-2023 23:00
9386,442,ff3cbe6f6c7b62690434bd2a5d162c0211c18e5586ecd181cad5f82f,SP reward for iBTC,11 October 2023,199577,10-01-2024 21:45,12-10-2023 23:00
9387,442,a37fab79f14d68ea324942d0acb658d887671d6c09f3a5c9284f2348,SP reward for iBTC,11 October 2023,43588,10-01-2024 21:45,12-10-2023 23:00
9388,442,6cfbc28fa54b2920b6cad9531f7071724ecaf253e52c0c7686613e98,SP reward for iBTC,11 October 2023,81113,10-01-2024 21:45,12-10-2023 23:00
9389,442,bd3f2017e7e27753b01e12a7c92edec2f9fa6b8802f314ef3121d735,SP reward for iBTC,11 October 2023,604782,10-01-2024 21:45,12-10-2023 23:00
9390,442,5cdd7f4959486306226ebcf1e43d45d7bfe2c4acd7ebafaf2c647248,SP reward for iBTC,11 October 2023,974722,10-01-2024 21:45,12-10-2023 23:00
9391,442,a4ae6b7d6fde02966811a441c04d72af1ad8a1bafd8684192c5c99f7,SP reward for iBTC,11 October 2023,30442,10-01-2024 21:45,12-10-2023 23:00
9392,442,0b6d4094acb71999783c5f632377b48f9df9fc9e2d90e0fda2fdbdec,SP reward for iBTC,11 October 2023,627039,10-01-2024 21:45,12-10-2023 23:00
9393,442,f7315c71937b8ee2b38ba0cabbb3d24b34186c415cb1a75e1f383666,SP reward for iBTC,11 October 2023,57835,10-01-2024 21:45,12-10-2023 23:00
9394,442,616ae6f4803b2d581ebd1d5cf6b74c35cd5ab3a1b9bd992a9cbee44b,SP reward for iBTC,11 October 2023,125918,10-01-2024 21:45,12-10-2023 23:00
9395,442,064bdec62473f25d5eb0cb4e051a3bfb6fd889f02e86c496539846b0,SP reward for iBTC,11 October 2023,84417,10-01-2024 21:45,12-10-2023 23:00
9396,442,abd83cc271275c8ce05f8c41d6c98b6ba15e624dab73eecba84a8b7b,SP reward for iBTC,11 October 2023,257655,10-01-2024 21:45,12-10-2023 23:00
9397,442,8a116fd370e6f96a9c008b885423555af7b57a39644593768bd24ec9,SP reward for iBTC,11 October 2023,277026,10-01-2024 21:45,12-10-2023 23:00
9398,442,a98843c2533d5681e29cc5257c9cfa172b4eac792a04c4601962c0f8,SP reward for iBTC,11 October 2023,60953,10-01-2024 21:45,12-10-2023 23:00
9399,442,882adcca078f37ee93c6c250fd5c7f4db7ae5417b468e49b6b7b6c17,SP reward for iBTC,11 October 2023,141811,10-01-2024 21:45,12-10-2023 23:00
9400,442,875e0983da57293df20690f6504edbb7db8eb69efadbb8c9724f508e,SP reward for iBTC,11 October 2023,36702,10-01-2024 21:45,12-10-2023 23:00
9401,442,252b76c1709bf21198156dca3c0e1a5ec1cdf58d164aea0c7378eb80,SP reward for iBTC,11 October 2023,5889,10-01-2024 21:45,12-10-2023 23:00
9402,442,01cefc4ac7b65ac3fddbaedc169b071ab04fcf6f5ab009ff125768c4,SP reward for iBTC,11 October 2023,155699,10-01-2024 21:45,12-10-2023 23:00
9403,442,508757f097d3f23cb9e51cc9d35a550b2f2f9bedea6326229950647f,SP reward for iBTC,11 October 2023,2284,10-01-2024 21:45,12-10-2023 23:00
9404,442,e26d9bd3d7f0c3284ceaf52727499f877bed82efb6b2a987cebf4f66,SP reward for iBTC,11 October 2023,114349,10-01-2024 21:45,12-10-2023 23:00
9405,442,c464a820786db2b4f6292f2d7d300f6e4c5a27921ad23b4d5a9fea1d,SP reward for iBTC,11 October 2023,393253,10-01-2024 21:45,12-10-2023 23:00
9406,442,1d80deffae03e338ff08903a41506c45b274b85f6a9b439391226cd6,SP reward for iBTC,11 October 2023,13273188,10-01-2024 21:45,12-10-2023 23:00
9407,442,152624033fcb22d52b9ab917ca5f2dbd14c5ad656c7c3d928dc24716,SP reward for iBTC,11 October 2023,71410,10-01-2024 21:45,12-10-2023 23:00
9408,442,0b635d0d46328414951117cac5307366586bf7c2fc62d83e6a175f1e,SP reward for iBTC,11 October 2023,193781,10-01-2024 21:45,12-10-2023 23:00
9409,442,ea7f8ffbdc5cac1c095c524ffdce7bcb1a53429460225074052f2db8,SP reward for iBTC,11 October 2023,9816311,10-01-2024 21:45,12-10-2023 23:00
9410,442,c3f7cbf63fbe8af505359cd58974c2d367282c0fa3917791e14a86a8,SP reward for iBTC,11 October 2023,34349,10-01-2024 21:45,12-10-2023 23:00
9411,442,7910de78b42fa36cac41e451ad498150dd3532e2f2e35777735235bf,SP reward for iBTC,11 October 2023,1924474,10-01-2024 21:45,12-10-2023 23:00
9412,442,a6ba497ed8d5a03dc779c890dc17d9c5f688a9c8c197597290bb4e14,SP reward for iBTC,11 October 2023,469381,10-01-2024 21:45,12-10-2023 23:00
9413,442,ce49b96a1faf94835d72885dfb42ad4fcb9583d7b9095ac21a2ab73b,SP reward for iBTC,11 October 2023,224941,10-01-2024 21:45,12-10-2023 23:00
9414,442,f130e5b0b9c5180b75bc9b2bfa96fa6ab7d269e4534765800d08aa06,SP reward for iBTC,11 October 2023,450891,10-01-2024 21:45,12-10-2023 23:00
9415,442,240ec14aab8224bc1895fa4385e8eb340a30eceaa136804f2acb36b2,SP reward for iBTC,11 October 2023,487546,10-01-2024 21:45,12-10-2023 23:00
9416,442,a8fe5934b7f4cb3a24db0ae235b002f777c72614d127bb3649809961,SP reward for iBTC,11 October 2023,48016,10-01-2024 21:45,12-10-2023 23:00
9417,442,e15e46a4738e59343e790d1c181621c77db424b969f8ca6186a2f1d3,SP reward for iBTC,11 October 2023,365048,10-01-2024 21:45,12-10-2023 23:00
9418,442,b81bbfa94577362e129c0663d51f208b280895252730759ca85400b3,SP reward for iBTC,11 October 2023,1391461,10-01-2024 21:45,12-10-2023 23:00
9419,442,e3a734a21d3ead42d3bb839cfe8a7592e36cbef004861669c4f3f6e6,SP reward for iBTC,11 October 2023,282950,10-01-2024 21:45,12-10-2023 23:00
9420,442,1828ab62af889897655942ad379206d216e2ad380e14b04c3c166c0b,SP reward for iBTC,11 October 2023,378496,10-01-2024 21:45,12-10-2023 23:00
9421,442,f1d39751c36b29e842f06a1166cf58e421047fe58c7d91c93e456e53,SP reward for iBTC,11 October 2023,380339,10-01-2024 21:45,12-10-2023 23:00
9422,442,c84a1d57fb0c8ff565ebbb412f83081c519276869437f255b0bbcfc1,SP reward for iBTC,11 October 2023,107706,10-01-2024 21:45,12-10-2023 23:00
9423,442,15aabf0a1e99f53e61d00b34bcf3ce4664c8a451561ba8f1e8d6d9f8,SP reward for iBTC,11 October 2023,347161,10-01-2024 21:45,12-10-2023 23:00
9424,442,c480783df5b96cc1a051c2bbe8c96d842a2743c747f303c656613e19,SP reward for iBTC,11 October 2023,437594,10-01-2024 21:45,12-10-2023 23:00
9425,442,2d94ebf9d99b122325d4cdd587ca503e1bd3d6225efa89687ee96929,SP reward for iBTC,11 October 2023,48851,10-01-2024 21:45,12-10-2023 23:00
9426,442,09a136fee1050d904291251c0422ab76d72ea0f73c85d724fb0d4c66,SP reward for iBTC,11 October 2023,1046572,10-01-2024 21:45,12-10-2023 23:00
9427,442,0a82a837af1a325a9e6659189dbc86d8c9c4c83ab6ddaea4be87045a,SP reward for iBTC,11 October 2023,402504,10-01-2024 21:45,12-10-2023 23:00
9428,442,d5ffa4e09c6eaa4c882e10d3cc94b6c604e5982bf3715d40d4ec5351,SP reward for iBTC,11 October 2023,298925,10-01-2024 21:45,12-10-2023 23:00
9429,442,62c68562dcd68f1d823f9d539c7e567d0c0738ab57a05570704ba0de,SP reward for iBTC,11 October 2023,70969,10-01-2024 21:45,12-10-2023 23:00
9430,442,759b2ad795fb741546cb47086bf90dcbfc4e8144e62a824c815c1ffb,SP reward for iBTC,11 October 2023,1465213,10-01-2024 21:45,12-10-2023 23:00
9431,442,bbc6d8e0a8f8fa47238a3df22e1b9a0e39a0de2330ba5b49d69a6bc0,SP reward for iBTC,11 October 2023,199391,10-01-2024 21:45,12-10-2023 23:00
9432,442,efc55477cca027cbb12c7ae0df08a7730b258856c7ec5ac6c4759003,SP reward for iBTC,11 October 2023,21747166,10-01-2024 21:45,12-10-2023 23:00
9433,442,a3ad69669ecee78b25f6b796d095ca691912481c72cc3ff42ee41ed1,SP reward for iBTC,11 October 2023,152882,10-01-2024 21:45,12-10-2023 23:00
9434,442,9db8d3d4abac0e9383f83307212017b966510fc34414e5c75f2e90db,SP reward for iBTC,11 October 2023,260264,10-01-2024 21:45,12-10-2023 23:00
9435,442,658002caf01d1eb9ae484aa16f398f8a27a91c10047cf16bca6ce09e,SP reward for iBTC,11 October 2023,112842,10-01-2024 21:45,12-10-2023 23:00
9436,442,071f3b13c008455dda64f68444844dc392779583aca6c553d3f98d39,SP reward for iBTC,11 October 2023,356064,10-01-2024 21:45,12-10-2023 23:00
9437,442,342b901edef65bf1a7dc2e6cf40a410d0e2b94104e6995e0de3ced6c,SP reward for iBTC,11 October 2023,46,10-01-2024 21:45,12-10-2023 23:00
9438,442,ea29ab4f2420255302bd2c56e8fe74a36f0fcc96a30cf5fad9994b4a,SP reward for iBTC,11 October 2023,1180153,10-01-2024 21:45,12-10-2023 23:00
9439,442,94dd9ef56f37110e5c80250cdd47301e9592be3378200b75222a9708,SP reward for iBTC,11 October 2023,94896,10-01-2024 21:45,12-10-2023 23:00
9440,442,092b7b9ae9bfed9f25757ce431f885b079ba820ec102294ec9f18c5b,SP reward for iBTC,11 October 2023,73323,10-01-2024 21:45,12-10-2023 23:00
9441,442,c058ca62efb4785fbef1e7fe218bfc4596d9a085b4721f9661e61894,SP reward for iBTC,11 October 2023,50752,10-01-2024 21:45,12-10-2023 23:00
9442,442,dd6b9922e6ee77ff126984d10a13695ac05b46949d0ab4751a9d0e1d,SP reward for iBTC,11 October 2023,602069,10-01-2024 21:45,12-10-2023 23:00
9443,442,a6049fbd2fd723e4f19c5392bfff9019d10ac59d222ee86ba05c9b2e,SP reward for iBTC,11 October 2023,260229,10-01-2024 21:45,12-10-2023 23:00
9444,442,9320b2e201b2f4141b4ea6e17e410f4696c911f77149408d632ebb8e,SP reward for iBTC,11 October 2023,10458073,10-01-2024 21:45,12-10-2023 23:00
9445,442,9730f04ab71ff759ededcbc4f7b4c8b2353af6885f2741194c98ed61,SP reward for iBTC,11 October 2023,66135,10-01-2024 21:45,12-10-2023 23:00
9446,442,9aec16c760df1aafd6cd7469b76de43e665f9cfa99263e756084ae89,SP reward for iBTC,11 October 2023,1155739,10-01-2024 21:45,12-10-2023 23:00
9447,442,95fa00657c1613aa2f6a3ff39b636d93ae3106ec72498d3e39b0fa8e,SP reward for iBTC,11 October 2023,1197832,10-01-2024 21:45,12-10-2023 23:00
9448,442,2e5a4c00de5e5ae25ec3d16e50b1da6b651d07ba33d3af5358becf71,SP reward for iBTC,11 October 2023,801599,10-01-2024 21:45,12-10-2023 23:00
9449,442,5f431f57ad76f9c3feaf03809fb3ba95da61f53fda601021a73f8040,SP reward for iBTC,11 October 2023,3863171,10-01-2024 21:45,12-10-2023 23:00
9450,442,e0ea68c3e09114bb8b746e67a3e44b5e4c0cdce33c07391dc1f61be2,SP reward for iBTC,11 October 2023,2432411,10-01-2024 21:45,12-10-2023 23:00
9451,442,239f2ce7543af3b3c9119a00f53a64ad8e1e4b19d90fd1dfaecd7427,SP reward for iBTC,11 October 2023,5958832,10-01-2024 21:45,12-10-2023 23:00
9452,442,4a38898a0404df7306a94a9845665147ccaee0aee1777b550855a42a,SP reward for iBTC,11 October 2023,169935,10-01-2024 21:45,12-10-2023 23:00
9453,442,019f3d35ef1c1067784c46f9b165150919cdefda177dd301af373051,SP reward for iBTC,11 October 2023,47808,10-01-2024 21:45,12-10-2023 23:00
9454,442,5a22bd8e0ed1bb988e124cca869af71ce22e87aadb485e21c9ca54ca,SP reward for iBTC,11 October 2023,1124138,10-01-2024 21:45,12-10-2023 23:00
9455,442,cb7e89fcaadfed571c5ed0b22579cce20b89e0407cfc051d8d97fc89,SP reward for iBTC,11 October 2023,10895760,10-01-2024 21:45,12-10-2023 23:00
9456,442,9dec3c4964c4cb0bfbf95809b692f75f98161934226d9b1cb0e5999d,SP reward for iBTC,11 October 2023,311816,10-01-2024 21:45,12-10-2023 23:00
9457,442,824f1b5399d6885e6330925fcba1472da21731a3d9f33802dd308f7f,SP reward for iBTC,11 October 2023,244405,10-01-2024 21:45,12-10-2023 23:00
9458,442,9c2b04c3d361d4d72878e7c0c067ce6cdf9f29561bfab5c59728c4e2,SP reward for iBTC,11 October 2023,40296,10-01-2024 21:45,12-10-2023 23:00
9459,442,56a31a31d994dd695445965d7862c2025320c4d7a0202bb6e977e74b,SP reward for iBTC,11 October 2023,1173325,10-01-2024 21:45,12-10-2023 23:00
9460,442,b441ca29dc1d111c2bd998f8b347f57613bc68458a0ffda06ad65066,SP reward for iBTC,11 October 2023,1452357,10-01-2024 21:45,12-10-2023 23:00
9461,442,63aade055d90301cd816870ee5a3c9fc67d769274b8633e7a7893f05,SP reward for iBTC,11 October 2023,3016663,10-01-2024 21:45,12-10-2023 23:00
9462,442,fa9c7e0beaad372083bafd39c7cef554824a1e9eb21556676864ab7e,SP reward for iBTC,11 October 2023,4793529,10-01-2024 21:45,12-10-2023 23:00
9463,442,2e4fa47bb79e7a949afe7120907ed104d82118f209433130746e7c87,SP reward for iBTC,11 October 2023,3652118,10-01-2024 21:45,12-10-2023 23:00
9464,442,6f27039ce8ad07c08fbad0dcfe5b70bf7b5709eed01128f3c8272841,SP reward for iBTC,11 October 2023,49639,10-01-2024 21:45,12-10-2023 23:00
9465,442,de5771cbff7cd2960f946f9752679084b94af12484abc3e14ac4ad97,SP reward for iBTC,11 October 2023,506350,10-01-2024 21:45,12-10-2023 23:00
9466,442,7eba1da590e93ee9a4da7bf746111c27c6b21f82ca90fd8c7ca5a441,SP reward for iBTC,11 October 2023,59354,10-01-2024 21:45,12-10-2023 23:00
9467,442,5e22c5aa5a56932e8d75e47e68ae14b5c37c329801ea6b3260a8be73,SP reward for iBTC,11 October 2023,5611,10-01-2024 21:45,12-10-2023 23:00
9468,442,fe865f286084772b874a29bd3b49f458df1ec3c31332b160af9cbb65,SP reward for iBTC,11 October 2023,1420535,10-01-2024 21:45,12-10-2023 23:00
9469,442,5b06d393e8dfcfc2b19ca8ecc91c242dd437ed72d917391264183f36,SP reward for iBTC,11 October 2023,174711,10-01-2024 21:45,12-10-2023 23:00
9470,442,a39926586271cd40910a9efa7a9bb2d6a53d7852b444ec240a99f0f9,SP reward for iBTC,11 October 2023,215250,10-01-2024 21:45,12-10-2023 23:00
9471,442,09575db3a66d29e820a464f9a5784aa42e3efd96396413c15d5a1160,SP reward for iBTC,11 October 2023,75351,10-01-2024 21:45,12-10-2023 23:00
9472,442,cbf2fe83219efa63b2e1d6c43e53fefa9280e4e862b5cc88d5bdaf7d,SP reward for iBTC,11 October 2023,199113,10-01-2024 21:45,12-10-2023 23:00
9473,442,23d5170dffbfa8d5cf6534cd1c06d52d6d2e8819b7914995fa9a94f4,SP reward for iBTC,11 October 2023,85982,10-01-2024 21:45,12-10-2023 23:00
9474,442,1afac53a4d1a00fdc5c19991c9ab585d92ed50cb9c71ba9c61a36106,SP reward for iBTC,11 October 2023,15395,10-01-2024 21:45,12-10-2023 23:00
9475,442,8989430ad6c5a5fa6d3a46119d893bd1f699828ed6a1adc117e5d566,SP reward for iBTC,11 October 2023,92671,10-01-2024 21:45,12-10-2023 23:00
9476,442,15f8cfb4da9cb42c4d6e84279d1b38591c14757ffdc34c84d1bcf18d,SP reward for iBTC,11 October 2023,206173,10-01-2024 21:45,12-10-2023 23:00
9477,442,a7793000be35ab0dd64570208d714684e292588d3067948d9cab4b62,SP reward for iBTC,11 October 2023,842254,10-01-2024 21:45,12-10-2023 23:00
9478,442,4c73918d3e3dc67b301ce43a5fe15bbe5adce6215fd2ccba13ff7e10,SP reward for iBTC,11 October 2023,1703880,10-01-2024 21:45,12-10-2023 23:00
9479,442,d695b98ba895d0c874d7d3e37fcddc0abed1218af810673d64c9a4f0,SP reward for iBTC,11 October 2023,58844,10-01-2024 21:45,12-10-2023 23:00
9480,442,d67b7749d86a07ba6f98f8f3c172bc8baa080ff2e4d9346e95906d72,SP reward for iBTC,11 October 2023,2984806,10-01-2024 21:45,12-10-2023 23:00
9481,442,afc9f4b55d88b42678093a6659959b51bd13e8f09c761ac46392e197,SP reward for iBTC,11 October 2023,727372,10-01-2024 21:45,12-10-2023 23:00
9482,442,f93cc5ef93e0558852dda635e29b1f3691e9450aeed4a8c2e3d7aea1,SP reward for iBTC,11 October 2023,1329117,10-01-2024 21:45,12-10-2023 23:00
9483,442,09ece0330525bced6552a9bfcd81f1d357118dfd74af85e432df2c39,SP reward for iBTC,11 October 2023,2207957,10-01-2024 21:45,12-10-2023 23:00
9484,442,2b651b38935e59a8d891f5201514253c9763e2da2a246462dc25cc98,SP reward for iBTC,11 October 2023,188042,10-01-2024 21:45,12-10-2023 23:00
9485,442,e8aa119715131d1dc98e1703729210cc98b1883773fefc5177cbfdb9,SP reward for iBTC,11 October 2023,1068436,10-01-2024 21:45,12-10-2023 23:00
9486,442,065b03aa376bb86b5ec066afbae4cdd38007f7fd63bd885db812d0bb,SP reward for iBTC,11 October 2023,5828995,10-01-2024 21:45,12-10-2023 23:00
9487,442,ab70a240c4ea4d1043066e8f7e046b202598751300991bac4bd97dcd,SP reward for iBTC,11 October 2023,97586,10-01-2024 21:45,12-10-2023 23:00
9488,442,e6926c176666e9fd9ca952aba71247472a1ab5358f38204d1ddfc79e,SP reward for iBTC,11 October 2023,10088538,10-01-2024 21:45,12-10-2023 23:00
9489,442,8bb170899ad086aaf786240e8429aaae18448301ad0d2ab068d38f4a,SP reward for iBTC,11 October 2023,15522,10-01-2024 21:45,12-10-2023 23:00
9490,442,ec3543779054d04588489cf33d9ec5889566af60493f4cbc45a06b20,SP reward for iBTC,11 October 2023,292966,10-01-2024 21:45,12-10-2023 23:00
9491,442,3fac66f6b7caf81b8fa95ab669e318a15a207783e143e7e886f68f93,SP reward for iBTC,11 October 2023,46827993,10-01-2024 21:45,12-10-2023 23:00
9492,442,8732d6ae48c07b2694e9918fcdfff84e0995b165d4615c32fc76a978,SP reward for iBTC,11 October 2023,335800,10-01-2024 21:45,12-10-2023 23:00
9493,442,8105d0f33d443db33095e1de7e3c084af5cefb8675af79f718bd3e36,SP reward for iBTC,11 October 2023,74041,10-01-2024 21:45,12-10-2023 23:00
9494,442,569124adbb5d1457305f93056568f6e6744675288b6ede04630140e4,SP reward for iBTC,11 October 2023,994313,10-01-2024 21:45,12-10-2023 23:00
9495,442,f6d8c4c39a8c57fbdaabfd6243784c0d6cb36c8b3fc41d01387c5432,SP reward for iBTC,11 October 2023,576079,10-01-2024 21:45,12-10-2023 23:00
9496,442,b90a52312094525fd5625f11df6dd72246a7ba3d3a5195f5fdc207c8,SP reward for iBTC,11 October 2023,475479,10-01-2024 21:45,12-10-2023 23:00
9497,442,c3945d89b9f99ee385a09971bc4d7bdeedf5e6f809f8f72816ddd692,SP reward for iBTC,11 October 2023,248010,10-01-2024 21:45,12-10-2023 23:00
9498,442,38beb7ed5901105ac154983122c87619d85de653050403bb932f7c1e,SP reward for iBTC,11 October 2023,1436858,10-01-2024 21:45,12-10-2023 23:00
9499,442,f946a9da7bc2551c51e8bf0d38a5f7978c825edbd438c8f89a904859,SP reward for iBTC,11 October 2023,2949542,10-01-2024 21:45,12-10-2023 23:00
9500,442,95ceeaa70e44c14ca1db0464b8965f089473af24ca997915df81103b,SP reward for iBTC,11 October 2023,2664517,10-01-2024 21:45,12-10-2023 23:00
9501,442,0734a5973d3de6cf214d64d15b03a424c976d8bc6550207c064444b0,SP reward for iBTC,11 October 2023,2528154,10-01-2024 21:45,12-10-2023 23:00
9502,442,9e888b8b96c8adc83588187764673c7e357b0c3b404072c997389f74,SP reward for iBTC,11 October 2023,129512,10-01-2024 21:45,12-10-2023 23:00
9503,442,9465c0a617ef9e96e745ed622dd5c9d5e4fa0401b31126ad135727c7,SP reward for iBTC,11 October 2023,892195,10-01-2024 21:45,12-10-2023 23:00
9504,442,a94214e82fb4a5e955661e2e2245786a3bc6cb295b3f901d756f9410,SP reward for iBTC,11 October 2023,253018,10-01-2024 21:45,12-10-2023 23:00
9505,442,f29f47b1b0418459d3089b645f7822ffde188e85a102de177d76cd77,SP reward for iBTC,11 October 2023,99244,10-01-2024 21:45,12-10-2023 23:00
9506,442,8d89460f842ed7b219009885a5135f7e2caae73d80a619a6b00a6769,SP reward for iBTC,11 October 2023,463863,10-01-2024 21:45,12-10-2023 23:00
9507,442,18c61e4d6b729454eb617f9a7b28e76a1698b4a752319f521e618cef,SP reward for iBTC,11 October 2023,1860031,10-01-2024 21:45,12-10-2023 23:00
9508,442,23c91e5a1ef52f1009f60d112978fb5c94b7e7d2692c59eaa9fea37d,SP reward for iBTC,11 October 2023,4421768,10-01-2024 21:45,12-10-2023 23:00
9509,442,ff459cbd1daf01031d056e85b0495b66ae7167dca9cbfa0f6a77b73c,SP reward for iBTC,11 October 2023,8428,10-01-2024 21:45,12-10-2023 23:00
9510,442,d8dc639f4acfae62f5542765643c3dbed62ff861834dbe3ffe374e2f,SP reward for iBTC,11 October 2023,345179,10-01-2024 21:45,12-10-2023 23:00
9511,442,5e7dea65cec67cd6e592011e0afdba4455ee0c753561867ff4ab6de7,SP reward for iBTC,11 October 2023,514800,10-01-2024 21:45,12-10-2023 23:00
9512,442,a76031cb213261bbf89b3626e19effe8fec5d35a8fc5b2a16816ad13,SP reward for iBTC,11 October 2023,513664,10-01-2024 21:45,12-10-2023 23:00
9513,442,42c58ba9df280c4ae00cfa9fc794f2f00e7658f9f6d69abe0e8afe82,SP reward for iBTC,11 October 2023,448700,10-01-2024 21:45,12-10-2023 23:00
9514,442,8b824c5bc7c0c7c6ef3396d567c47dd502e361f62d9f9e6015eb8150,SP reward for iBTC,11 October 2023,2518810,10-01-2024 21:45,12-10-2023 23:00
9515,442,01320ff53b5c768f13c862003e6ce5eb269a7280994ca682518fefc0,SP reward for iBTC,11 October 2023,6445,10-01-2024 21:45,12-10-2023 23:00
9516,442,914956f9a626440cebae913d11e64945359d03d5066c30ddbf4e1408,SP reward for iBTC,11 October 2023,423324,10-01-2024 21:45,12-10-2023 23:00
9517,442,5a3d4f39ee17e2b67b6dd93ba71379a098b16f5f1839a069ce9533f4,SP reward for iBTC,11 October 2023,242087,10-01-2024 21:45,12-10-2023 23:00
9518,442,a249e0d4dab1b164dd033043cbabdf204b34f7ecbdb994bec90d7216,SP reward for iBTC,11 October 2023,237820,10-01-2024 21:45,12-10-2023 23:00
9519,442,2ea8cfe869a9f7f29b36dae2a1fcf19b9e4b47293961ec78dc5ebccf,SP reward for iBTC,11 October 2023,1688380,10-01-2024 21:45,12-10-2023 23:00
9520,442,2af7ac91a39bd31d2af45a0339de7fd54c803034e0c6a6ef31d9a6d6,SP reward for iBTC,11 October 2023,580159,10-01-2024 21:45,12-10-2023 23:00
9521,442,84c9a45c5123c84cb6186adf1f103d3cb4793808002903cca2cbf9d3,SP reward for iBTC,11 October 2023,308083,10-01-2024 21:45,12-10-2023 23:00
9522,442,7d9bd96bffd557031b105316885d46d7a6a2cfbf4afe31753e92e61f,SP reward for iBTC,11 October 2023,40898,10-01-2024 21:45,12-10-2023 23:00
9523,442,793e0684fd2dfa7d12295503072537909790139c8f47c8d84a54a58a,SP reward for iBTC,11 October 2023,1178147,10-01-2024 21:45,12-10-2023 23:00
9524,442,568b65fadfb32178198768d1bff91956f5dba957701ce300719237b4,SP reward for iBTC,11 October 2023,955536,10-01-2024 21:45,12-10-2023 23:00
9525,442,9b5ca3c44c5b45ec37beb7dba0a3376e091d5d78dd13e3f5d6900701,SP reward for iBTC,11 October 2023,50509,10-01-2024 21:45,12-10-2023 23:00
9526,442,00c9b4171017f21031357b9225d2ac7aaedae43d6fde84c571fad28b,SP reward for iBTC,11 October 2023,613059,10-01-2024 21:45,12-10-2023 23:00
9527,442,39b1d4be2a009b5add1835ff88e27d53352d43cba2df661d22c9943f,SP reward for iBTC,11 October 2023,466205,10-01-2024 21:45,12-10-2023 23:00
9528,442,0077f5569d8a6b58837844cae16b24e60b4718f5805e316dbf493897,SP reward for iBTC,11 October 2023,1407227,10-01-2024 21:45,12-10-2023 23:00
9529,442,c9943f5e7c0688644afd7dbc518f505a0ba36f3afa555cd1001bfbf6,SP reward for iBTC,11 October 2023,2750000,10-01-2024 21:45,12-10-2023 23:00
9530,442,50b834c5a9617a6a7d88fc1087764dc7df7d8929a68412245e3ddef9,SP reward for iBTC,11 October 2023,95998,10-01-2024 21:45,12-10-2023 23:00
9531,442,af7dbc337958b4ea8e417db5deff1df389a18d4b3793b269d85bc2b7,SP reward for iBTC,11 October 2023,1085280,10-01-2024 21:45,12-10-2023 23:00
9532,442,e1a8082c47e07a5033dac58e317d904b814c3a3d26d9abe1647274b7,SP reward for iBTC,11 October 2023,112679,10-01-2024 21:45,12-10-2023 23:00
9533,442,90a02e04c977081682ecc4f296fac9fccd2b4aa99c79f4a2bb9f2fc2,SP reward for iBTC,11 October 2023,129338,10-01-2024 21:45,12-10-2023 23:00
9534,442,1f6bcfb63ce737900a489270a4960a49f698bf29834efedb540f9a7f,SP reward for iBTC,11 October 2023,399235,10-01-2024 21:45,12-10-2023 23:00
9535,442,f0759375e806e0212efd939c5734c9894fd1f309d3da6471e068bdde,SP reward for iBTC,11 October 2023,3449411,10-01-2024 21:45,12-10-2023 23:00
9536,442,89a01cf2bd9ed786ec21c34dbcf0c12c30fb04e0b703f7aaa5493804,SP reward for iBTC,11 October 2023,4671146,10-01-2024 21:45,12-10-2023 23:00
9537,442,1ec35cc7e933953ef129dc5adf6c6773f0400d20a0c3966ffa19b253,SP reward for iBTC,11 October 2023,137696,10-01-2024 21:45,12-10-2023 23:00
9538,442,93527fb732328f1de9e8acc3162cd5a871757f4d843c2335ec900f90,SP reward for iBTC,11 October 2023,2602833,10-01-2024 21:45,12-10-2023 23:00
9539,442,3440301225c582d0a5a6a0a5beec84e9589d670ed742b1cf94d7200c,SP reward for iBTC,11 October 2023,255882,10-01-2024 21:45,12-10-2023 23:00
9540,442,3ae0b2cd0da21f019b0fd621fa637b43b4df505baadf48ccc11ba43c,SP reward for iBTC,11 October 2023,3605,10-01-2024 21:45,12-10-2023 23:00
9541,442,1d6b21b388975d2273d12b214d15d38aefe4aa45af8ed903e4d386aa,SP reward for iBTC,11 October 2023,9286,10-01-2024 21:45,12-10-2023 23:00
9542,442,9442130f8971114afb57ca22fc0c8bbf9cdd009faba8c714a571d88a,SP reward for iBTC,11 October 2023,120887,10-01-2024 21:45,12-10-2023 23:00
9543,442,1bd9135dccd6a9ca3c905f1ce3f37e97005b55b745cbc30812ef7e40,SP reward for iBTC,11 October 2023,228767,10-01-2024 21:45,12-10-2023 23:00
9544,442,f09508247e043a250758c76b5ccb0e00df48f5caa7d61518dcb96707,SP reward for iBTC,11 October 2023,37386,10-01-2024 21:45,12-10-2023 23:00
9545,442,6fdab71ac5e8d474bdcb01e2168f6efc82cff9a0b4f53c6452413722,SP reward for iBTC,11 October 2023,2576877,10-01-2024 21:45,12-10-2023 23:00
9546,442,9e50685ab277c256faccb96797ca4a94bdff89291b969ed2371c5abb,SP reward for iBTC,11 October 2023,171789,10-01-2024 21:45,12-10-2023 23:00
9547,442,f6cfb92f30761649bddbe7ad666fe448046e5f68abc29596e6956aa7,SP reward for iBTC,11 October 2023,2696327,10-01-2024 21:45,12-10-2023 23:00
9548,442,18e4a3d3fcc5dee4b932b901795dd9f7e6ac57c448fca07e2f564029,SP reward for iBTC,11 October 2023,234864,10-01-2024 21:45,12-10-2023 23:00
9549,442,d9467aa8366e0043e34e255d5aed0241df4a8ea3d53498fb3c4e6be2,SP reward for iBTC,11 October 2023,144327,10-01-2024 21:45,12-10-2023 23:00
9550,442,01f8201d8a816667a60991c48558305e0b2bafa074ff269a195b000b,SP reward for iBTC,11 October 2023,161785,10-01-2024 21:45,12-10-2023 23:00
9551,442,a9fe9514518d18c5963c548919b65a8ff75ddc4c00fb1210e40b07e8,SP reward for iBTC,11 October 2023,2844027,10-01-2024 21:45,12-10-2023 23:00
9552,442,ba37698916d66971b377b10f0c6a0f267b7d7b0db565d3a27267c2b8,SP reward for iBTC,11 October 2023,806804,10-01-2024 21:45,12-10-2023 23:00
9553,442,1940d3fec85e9061523ad6a42f216ae820eb69c4a54d83cf9aee3896,SP reward for iBTC,11 October 2023,121304,10-01-2024 21:45,12-10-2023 23:00
9554,442,adbbc6153ee01f33a02b4e5d803dc50fb0c1085c9641ac1c69967038,SP reward for iBTC,11 October 2023,80440,10-01-2024 21:45,12-10-2023 23:00
9555,442,5e1802dd8fc351a529cd8b65a8f384f1838e7b19e5e0b9b696ff6fd6,SP reward for iBTC,11 October 2023,583556,10-01-2024 21:45,12-10-2023 23:00
9556,442,5502991103fb3f6ebfd0bae6995312e29b4ffafb852dd5d0d8ff2ce8,SP reward for iBTC,11 October 2023,118858,10-01-2024 21:45,12-10-2023 23:00
9557,442,f02ed8f193b422cfd67898c1b2a117b29aebebe18c4289149f27b3a9,SP reward for iBTC,11 October 2023,8537842,10-01-2024 21:45,12-10-2023 23:00
9558,442,fde99c5446fa0a9d8337fd28293649bd0b5d9a9264c5b33f975ecda7,SP reward for iBTC,11 October 2023,1411609,10-01-2024 21:45,12-10-2023 23:00
9559,442,1a8d4bcce514bb0329f23e50f2af102e56fa4d2d40142dc898916d28,SP reward for iBTC,11 October 2023,102571,10-01-2024 21:45,12-10-2023 23:00
9560,442,9f8b9e86c31cbf1186c27abc512d0c9d86089b18c15ca7c3336323bf,SP reward for iBTC,11 October 2023,707885,10-01-2024 21:45,12-10-2023 23:00
9561,442,c5b369fa0456604bbfb986dcfb68fc592a4ca23bd28fec18d484be19,SP reward for iBTC,11 October 2023,166921,10-01-2024 21:45,12-10-2023 23:00
9562,442,3c214daef68d919ae91cc5eb7447fc6d795b6019a6df4e3191028999,SP reward for iBTC,11 October 2023,83779,10-01-2024 21:45,12-10-2023 23:00
9563,442,5cbf5f0ea9260bb305078b3bbfdca41a598d232d74c9a30db243ab67,SP reward for iBTC,11 October 2023,618055,10-01-2024 21:45,12-10-2023 23:00
9564,442,0addfcd643de27ebe29017294c042b87e5c7af614b5de6f363fdaeef,SP reward for iBTC,11 October 2023,5860863,10-01-2024 21:45,12-10-2023 23:00
9565,442,0ad45bd4425847c0893b6a9135dc9086793f21620bf46205901be98a,SP reward for iBTC,11 October 2023,581492,10-01-2024 21:45,12-10-2023 23:00
9566,442,9057a63eaa2afa9e1f67bdb5d29fd62c59c91d0c79a30e225f079aca,SP reward for iBTC,11 October 2023,11613997,10-01-2024 21:45,12-10-2023 23:00
9567,442,7820f42dc60186096d0796db3b827087eb1c60321abc8a13cbac8f9a,SP reward for iBTC,11 October 2023,2417712,10-01-2024 21:45,12-10-2023 23:00
9568,442,3b9070843cfd1111780923e400c7dfd2a3418e6e014cb7469a65204d,SP reward for iBTC,11 October 2023,39890,10-01-2024 21:45,12-10-2023 23:00
9569,442,ac293f8851bccc597d9f23b7b76bb9afca7bf65e42c93fd9e51ebadb,SP reward for iBTC,11 October 2023,544327,10-01-2024 21:45,12-10-2023 23:00
9570,442,70a7bd550b7d96409d8acdbf95625a7ef0145407e594a6052b94f6be,SP reward for iBTC,11 October 2023,56444,10-01-2024 21:45,12-10-2023 23:00
9571,442,32e67cb8df87f43cb1c3063b27be710726b0bc1e96205b87f7d9be22,SP reward for iBTC,11 October 2023,23104,10-01-2024 21:45,12-10-2023 23:00
9572,442,ff6f1a1500c463068faa3a4aee28ee0e9bdb7cd667b3ac131aaa6f2c,SP reward for iBTC,11 October 2023,3826,10-01-2024 21:45,12-10-2023 23:00
9573,442,d4a5133b6c93547225503778518353b995090301d48ef52378df8f8a,SP reward for iBTC,11 October 2023,874586,10-01-2024 21:45,12-10-2023 23:00
9574,442,a10a23ec8c8bc86c8b39bb8d034a7ea407acf952bab967bbd8797d7f,SP reward for iBTC,11 October 2023,160719,10-01-2024 21:45,12-10-2023 23:00
9575,442,6362594e81cc4bf5946e14a30cf676df0db656ba14dadf367ab90167,SP reward for iBTC,11 October 2023,2539225,10-01-2024 21:45,12-10-2023 23:00
9576,442,cb2b4570726c6675a37c6a6a64b482eb461e2b5b1a75359d4ae3a8d1,SP reward for iBTC,11 October 2023,354001,10-01-2024 21:45,12-10-2023 23:00
9577,442,e4833eff5469ddeeaf0fbd065ad976676be56e8cd67c04526d51c495,SP reward for iBTC,11 October 2023,282869,10-01-2024 21:45,12-10-2023 23:00
9578,442,b8c95d9c879fe985c2a59cd6de2baeda050c5010e8eee6bb84c65be5,SP reward for iBTC,11 October 2023,216050,10-01-2024 21:45,12-10-2023 23:00
9579,442,4d5da618c7b48388366354c11d5e897d2449b087b523fd083fa0970f,SP reward for iBTC,11 October 2023,1015412,10-01-2024 21:45,12-10-2023 23:00
9580,442,bed90820701ec88d79cb4536bc0f0d5d9eadea4038f704ea26aebd7b,SP reward for iBTC,11 October 2023,421087,10-01-2024 21:45,12-10-2023 23:00
9581,442,d00c92d92560223d54d47e2332b1937f37e48f8faf44d2735e119b40,SP reward for iBTC,11 October 2023,79745,10-01-2024 21:45,12-10-2023 23:00
9582,442,a79e3310327ff57aec9921c729d9a81389fe10aaa398fda3e5ae0fb3,SP reward for iBTC,11 October 2023,1781712,10-01-2024 21:45,12-10-2023 23:00
9583,442,2170acba5d68a11a0c3fdf0e6f0b76284d166441c3306076a8868a2d,SP reward for iBTC,11 October 2023,58183,10-01-2024 21:45,12-10-2023 23:00
9584,442,0be100b577b01fb14cd3163192a4b4ef9862a633c140ae6f2c8bf6c2,SP reward for iBTC,11 October 2023,30233,10-01-2024 21:45,12-10-2023 23:00
9585,442,a599571d436d6d4796f955247b1e358fa4275e063273d81dc5845a47,SP reward for iBTC,11 October 2023,207576,10-01-2024 21:45,12-10-2023 23:00
9586,442,35b5d87660008e921bf997918dca5a84f808badf0fdc910fb5cc1d06,SP reward for iBTC,11 October 2023,1501648,10-01-2024 21:45,12-10-2023 23:00
9587,442,072569588caa5cdfcfc07a1bc6e8731d835f6a6f5c077d1d6dee0756,SP reward for iBTC,11 October 2023,1623543,10-01-2024 21:45,12-10-2023 23:00
9588,442,c6d45c71d2db10ad40fe49e492ce13dbf368ee6e721bc09c91ae89f5,SP reward for iBTC,11 October 2023,1261405,10-01-2024 21:45,12-10-2023 23:00
9589,442,c6aef9c4dd86f4d87ee64da60a47365ddefcce6afe4f81ab201dcd59,SP reward for iBTC,11 October 2023,146205,10-01-2024 21:45,12-10-2023 23:00
9590,442,9cd08cc76ae69ff518811af8d0a51a88d43a4c657a0c04e9224cc8cb,SP reward for iBTC,11 October 2023,1008816,10-01-2024 21:45,12-10-2023 23:00
9591,442,8c5626c9e662752024df18952fa8540323f25adc94d1ddf19cbbe93a,SP reward for iBTC,11 October 2023,1400747,10-01-2024 21:45,12-10-2023 23:00
9592,442,9c6b26744bd56fdf8d153edfa533838c64edde179e56ab43ff39d44c,SP reward for iBTC,11 October 2023,14201,10-01-2024 21:45,12-10-2023 23:00
9593,442,78cd8a0a3b2bd1b5d1a85f348849349a8d180b3bc180c9f5ea34c726,SP reward for iBTC,11 October 2023,4778609,10-01-2024 21:45,12-10-2023 23:00
9594,442,f985683432a80c87adba0b58c0f23732d62df8b56b4495e62df7b34d,SP reward for iBTC,11 October 2023,999275,10-01-2024 21:45,12-10-2023 23:00
9595,442,a4bb846ef68110900c05f24352c1648db506ec921bf6011e61e01684,SP reward for iBTC,11 October 2023,54137,10-01-2024 21:45,12-10-2023 23:00
9596,442,c706de7bfbb45cd87ecff598485d3a723c919553e66ca548aa8f617d,SP reward for iBTC,11 October 2023,433491,10-01-2024 21:45,12-10-2023 23:00
9597,442,bf15d026350810dda5fdcb83db246d5aa2aa05a96396966d52e8c044,SP reward for iBTC,11 October 2023,216525,10-01-2024 21:45,12-10-2023 23:00
9598,442,5f86e466087255702d18aa24b32dbb34534e08df81736672fa9ba65c,SP reward for iBTC,11 October 2023,419440,10-01-2024 21:45,12-10-2023 23:00
9599,442,6c348312a0608ec6032c6b58e8570d4eb54a6792e95185b661ecd19e,SP reward for iBTC,11 October 2023,103336,10-01-2024 21:45,12-10-2023 23:00
9600,442,a90c9789e1cc4e2b2b3f0623af62cf6c143918214776980f29b12d12,SP reward for iBTC,11 October 2023,537730,10-01-2024 21:45,12-10-2023 23:00
9601,442,895dbda6ce8ae6e05cb8936861ffdc934ef3f8b289ecbaf06f20da59,SP reward for iBTC,11 October 2023,325066,10-01-2024 21:45,12-10-2023 23:00
9602,442,e30fca4c9c548c925fe71b35bd611143d6c305a5ce0ab3d4dc89e483,SP reward for iBTC,11 October 2023,98084,10-01-2024 21:45,12-10-2023 23:00
9603,442,6f51c66d3a29c2d5f030cfb8e21376e24c1cf22150ac86f5bc9c9ba2,SP reward for iBTC,11 October 2023,721866,10-01-2024 21:45,12-10-2023 23:00
9604,442,bdabcdc638396b13e6a2f2fcee884fac8903ad668c7155fad848616a,SP reward for iBTC,11 October 2023,447830,10-01-2024 21:45,12-10-2023 23:00
9605,442,10b776dcc1840a0606e0cad33d6641d643d7e13ace69c9646edf99dd,SP reward for iBTC,11 October 2023,7117805,10-01-2024 21:45,12-10-2023 23:00
9606,442,77a1b379e48df6426e5cc09831d89c98ab884006386249023012566b,SP reward for iBTC,11 October 2023,182060,10-01-2024 21:45,12-10-2023 23:00
9607,442,34589e061b2fcffb9f07e7109d77a14c7c7f55f15f5a52d5ebe6c94e,SP reward for iBTC,11 October 2023,2840,10-01-2024 21:45,12-10-2023 23:00
9608,442,a723925d9bb76d01b7884c2a338fa082de4f043c8487a2f50462c8a1,SP reward for iBTC,11 October 2023,1436568,10-01-2024 21:45,12-10-2023 23:00
9609,442,8be6732aed7a8fae40c977123a8c351f24783273e129f986fa3f1eff,SP reward for iBTC,11 October 2023,2952324,10-01-2024 21:45,12-10-2023 23:00
9610,442,5d9e0354868fbabc732fd274e1a7335c480821da439b7d4506a85a57,SP reward for iBTC,11 October 2023,9680,10-01-2024 21:45,12-10-2023 23:00
9611,442,67fffa13350cb5f69efd949568ab2ebf8348f0dabc892dfa86c09360,SP reward for iBTC,11 October 2023,101006,10-01-2024 21:45,12-10-2023 23:00
9612,442,c83c13c91af421b95b9187ac7dd6aef77250ba8717f172cc1225835d,SP reward for iBTC,11 October 2023,3252593,10-01-2024 21:45,12-10-2023 23:00
9613,442,78774ad9d2f51203d1174cd8aba30079bfdf9167a1cef196cb3f1591,SP reward for iBTC,11 October 2023,3293063,10-01-2024 21:45,12-10-2023 23:00
9614,442,bfafa728e2977bfd051374321b88dc56458b666ab3b45151b201e2c2,SP reward for iBTC,11 October 2023,946367,10-01-2024 21:45,12-10-2023 23:00
9615,442,9a2468984f0481f9e23b7537207c3f5ebee0803e8cd93be6e89b18da,SP reward for iBTC,11 October 2023,36934,10-01-2024 21:45,12-10-2023 23:00
9616,442,1f3d588e86ebe5e517471e5341fe873f2850231396913da81360acbf,SP reward for iBTC,11 October 2023,155305,10-01-2024 21:45,12-10-2023 23:00
9617,442,0a826eb1d51eaab35e35c7d39c554a1d52105bc49f70d5a2b55aa5f7,SP reward for iBTC,11 October 2023,148639,10-01-2024 21:45,12-10-2023 23:00
9618,442,2a0dab02e3a2f94c95d40083bb77c45b163ff989f2dda6492c2a8d5f,SP reward for iBTC,11 October 2023,341272,10-01-2024 21:45,12-10-2023 23:00
9619,442,3307f4774118bdc69163b2f8f2065892aa4484df07772bc4fe5fd052,SP reward for iBTC,11 October 2023,446718,10-01-2024 21:45,12-10-2023 23:00
9620,442,b6756686f4eb2913773cd154afd06f721a1eeeb6dd84d37b099acb14,SP reward for iBTC,11 October 2023,316476,10-01-2024 21:45,12-10-2023 23:00
9621,442,c590affd526db47b19bcb411793bba5d639c1f5885fafc47838cd22e,SP reward for iBTC,11 October 2023,2643314,10-01-2024 21:45,12-10-2023 23:00
9622,442,73761bdecaf3b16b1ac8cfbc32a46cfb73f3086cd854b57855bcf16e,SP reward for iBTC,11 October 2023,40864,10-01-2024 21:45,12-10-2023 23:00
9623,442,1633a5c8e451c8f2f2269392f0cf72be4f40d1ceccf4428bf38c34c2,SP reward for iBTC,11 October 2023,53650,10-01-2024 21:45,12-10-2023 23:00
9624,442,574394ab415b836d98d86245093f59942aeec40decbda39751f3e7d7,SP reward for iBTC,11 October 2023,3851289,10-01-2024 21:45,12-10-2023 23:00
9625,442,07c59e348504d75a47aa875c80c5f7c537f4153637fb942f8f21f7e4,SP reward for iBTC,11 October 2023,101040,10-01-2024 21:45,12-10-2023 23:00
9626,442,92d729404cabcad2f8d5de02c9757d15662aea7a92b9bb2b24647e8d,SP reward for iBTC,11 October 2023,1419005,10-01-2024 21:45,12-10-2023 23:00
9627,442,b5e29b13b00ba8a4b4e60c434ac0b462f3dabfbc3be5ab7bfb81450d,SP reward for iBTC,11 October 2023,116713,10-01-2024 21:45,12-10-2023 23:00
9628,442,dcc2117fe7b56fbf5a0c7ae4bd3e33a3a4ed07cd25e02c4c6e34d510,SP reward for iBTC,11 October 2023,204272,10-01-2024 21:45,12-10-2023 23:00
9629,442,fea8e87d281ee2160310c0c5f406150882995426d5588b0b507f6851,SP reward for iBTC,11 October 2023,84127,10-01-2024 21:45,12-10-2023 23:00
9630,442,b3a31397b51b543b0ad551f86c1e40a444ba5dee35b47a90f30bcd7f,SP reward for iBTC,11 October 2023,44736,10-01-2024 21:45,12-10-2023 23:00
9631,442,b743ce7aef466aecfdc2b6ee5779b83c5b97a64807880ee8e668e685,SP reward for iBTC,11 October 2023,53233,10-01-2024 21:45,12-10-2023 23:00
9632,442,e96b42bb359a00752e75feeaf706fce6c692ccd4fcc40a66ce559285,SP reward for iBTC,11 October 2023,1121982,10-01-2024 21:45,12-10-2023 23:00
9633,442,402aa9a17bc75af743dcb1e0be5aa6c22f3ccb3812ee05ecb9ba0369,SP reward for iBTC,11 October 2023,2782,10-01-2024 21:45,12-10-2023 23:00
9634,442,1c587f5ef064716c704b8e85c52f7946bd8faaf8d32862614abac4a8,SP reward for iBTC,11 October 2023,1226697,10-01-2024 21:45,12-10-2023 23:00
9635,442,17abbdbbee649dac78243c157c3238f34b9368e0e7d2c0232951484c,SP reward for iBTC,11 October 2023,13934,10-01-2024 21:45,12-10-2023 23:00
9636,442,8f869974639c5d8b3f9cb2bbfe8233ed48cb10eaec5eff4c3c348443,SP reward for iBTC,11 October 2023,70935,10-01-2024 21:45,12-10-2023 23:00
9637,442,d60e724de921571ec9a732fad7ec0673fb9665e2b41040cfc8193289,SP reward for iBTC,11 October 2023,720556,10-01-2024 21:45,12-10-2023 23:00
9638,442,d1660b25e17cb23c44f9161fd71df2a4e847f5b1e0b23a4bae71423a,SP reward for iBTC,11 October 2023,149521724,10-01-2024 21:45,12-10-2023 23:00
9639,442,528322993c2dcfc6256101f35cd17ef0a2893c840ca2c84d153cb61b,SP reward for iBTC,11 October 2023,360423,10-01-2024 21:45,12-10-2023 23:00
9640,442,fc1c84e08e8e47cda82dfe5d2778002da43570516efe2517c7878226,SP reward for iBTC,11 October 2023,11813,10-01-2024 21:45,12-10-2023 23:00
9641,442,e0a5fe8d81c61f33e7b47c1a5b07c02ca836cd80b91e2ce18e088db3,SP reward for iBTC,11 October 2023,118580,10-01-2024 21:45,12-10-2023 23:00
9642,442,01da9d4fea55755b1bd3017417aeae4b69e15fda2bbdb49d739351ff,SP reward for iBTC,11 October 2023,151108,10-01-2024 21:45,12-10-2023 23:00
9643,442,4046d7935086947d2c6dba7e4e5f0db6f8fb72f945d1c1f992ab6c9d,SP reward for iBTC,11 October 2023,72558,10-01-2024 21:45,12-10-2023 23:00
9644,442,cacee11ae9fc0ffb6219d179e22b1cddefd988ebcfb1ec7fca4ad52d,SP reward for iBTC,11 October 2023,26287584,10-01-2024 21:45,12-10-2023 23:00
9645,442,619b6b3a2835612d57f1fd005a20a950d5d17f31434599d983f4f066,SP reward for iBTC,11 October 2023,99487,10-01-2024 21:45,12-10-2023 23:00
9646,442,b343c02a76bd4f94ecbd4e8260a37ea68d5543d01e9f21e162c9cd1a,SP reward for iBTC,11 October 2023,3355361,10-01-2024 21:45,12-10-2023 23:00
9647,442,055973d3eb6ea05afa794d45503de1f84af84eecec770f487a736f87,SP reward for iBTC,11 October 2023,155247,10-01-2024 21:45,12-10-2023 23:00
9648,442,0118a7e04201305bddea885b6cc1cbea578e98b3eeec45bc06e2b2be,SP reward for iBTC,11 October 2023,117792,10-01-2024 21:45,12-10-2023 23:00
9649,442,e174ca1bc8de7a28fcd3d2fbb172d223fbd8b83c1dc51cd37c790420,SP reward for iBTC,11 October 2023,1686920,10-01-2024 21:45,12-10-2023 23:00
9650,442,20e6fbd5dc1f0edd267fd7d81a4ee11caa622a2d9f0bf88f98bdec4f,SP reward for iBTC,11 October 2023,1679732,10-01-2024 21:45,12-10-2023 23:00
9651,442,00023775abacb7c31af161e5d0faebd84067299748396171df0a4143,SP reward for iBTC,11 October 2023,177632,10-01-2024 21:45,12-10-2023 23:00
9652,442,9124156d56646d11e50b702724ceb71ffb59238add6deebc4e176f9b,SP reward for iBTC,11 October 2023,211343,10-01-2024 21:45,12-10-2023 23:00
9653,442,ccb220201f3cb6b293ae4aa8f4c4280591f300897fa0354851c616f7,SP reward for iBTC,11 October 2023,152708,10-01-2024 21:45,12-10-2023 23:00
9654,442,97abddf0ccc26df60a24679fe7080de9ead18fa0d973a115ce072ca8,SP reward for iBTC,11 October 2023,1406161,10-01-2024 21:45,12-10-2023 23:00
9655,442,8a943c72013267009ce119b8a60b15d5ee70a91ff3bfc32ec591e837,SP reward for iBTC,11 October 2023,3389884,10-01-2024 21:45,12-10-2023 23:00
9656,442,bb942086e287a184e192afb2eab10ec07042bbb967407ce1593b3a56,SP reward for iBTC,11 October 2023,161588,10-01-2024 21:45,12-10-2023 23:00
9657,442,10a11fcf12b135084efcf1bc998cf1024d444a2cf05d1e5c18d5d579,SP reward for iBTC,11 October 2023,1244306,10-01-2024 21:45,12-10-2023 23:00
9658,442,d28984c713366768ef92d78cdf6375539bc637d329226151e915c315,SP reward for iBTC,11 October 2023,43947,10-01-2024 21:45,12-10-2023 23:00
9659,442,35f31e0e99aa11179513402c64432bf50299e9a87276e8acd9fe765a,SP reward for iBTC,11 October 2023,922799,10-01-2024 21:45,12-10-2023 23:00
9660,442,e105437b7f6bc51ba2dfff25dad8528637a85d69ce360c9417197769,SP reward for iBTC,11 October 2023,311885,10-01-2024 21:45,12-10-2023 23:00
9661,442,82fc2953edfbd8d3f708f49610a00caf271ff3794a8d5153f9b28fd0,SP reward for iBTC,11 October 2023,112969,10-01-2024 21:45,12-10-2023 23:00
9662,442,946c74a18ccd97a6cdb64318cb3374ab72e83c616d30d604e1cb8d20,SP reward for iBTC,11 October 2023,11696687,10-01-2024 21:45,12-10-2023 23:00
9663,442,0d54066357cf1b893f76d88adc3586fc28aa526ab3ac30db74147a50,SP reward for iBTC,11 October 2023,47819,10-01-2024 21:45,12-10-2023 23:00
9664,442,ec189db91bbc7706bf3725f0d2ef8cef34d22b069510395f09fe78c6,SP reward for iBTC,11 October 2023,597988,10-01-2024 21:45,12-10-2023 23:00
9665,442,f8470a7569e320d24a2303be02e72f651be6e7cd1221fa8b4cf83704,SP reward for iBTC,11 October 2023,13913616,10-01-2024 21:45,12-10-2023 23:00
9666,442,fa9b92b3f0c4a0a756c6d39c8e7015bdb593ca4c4e3f051b10d5eaa5,SP reward for iBTC,11 October 2023,271369,10-01-2024 21:45,12-10-2023 23:00
9667,442,62455feed70d012e99e9845395a5cb277204e8a7d9b7e806a038d795,SP reward for iBTC,11 October 2023,2201616,10-01-2024 21:45,12-10-2023 23:00
9668,442,d7346fcd395de69e62f4a2bafbc32af393ceecb3287b0ff4442ff36e,SP reward for iBTC,11 October 2023,4657676,10-01-2024 21:45,12-10-2023 23:00
9669,442,0b1db916e7560c61e187d688e00f936a0730a88d1049e89f4ece9e9a,SP reward for iBTC,11 October 2023,8997230,10-01-2024 21:45,12-10-2023 23:00
9670,442,43554050d4b81197d15d448aa81b825612a4fef4cba3b48ba25be4e4,SP reward for iBTC,11 October 2023,165402,10-01-2024 21:45,12-10-2023 23:00
9671,442,dc02ccd3782cd2a25908214624aef4b201639744163010a68cfbb484,SP reward for iBTC,11 October 2023,1450328,10-01-2024 21:45,12-10-2023 23:00
9672,442,3a92ed8273f831fbedb6e5f494949885ff7239d3ca2bf1773ea690bf,SP reward for iBTC,11 October 2023,228233,10-01-2024 21:45,12-10-2023 23:00
9673,442,d7093cc9caa740381045e3c433dfc849c3403ecf066fac9233e14246,SP reward for iBTC,11 October 2023,1322799,10-01-2024 21:45,12-10-2023 23:00
9674,442,84f56148eee940276bc35ce104626bdc964f341a85e2c88699042ab3,SP reward for iBTC,11 October 2023,1169244,10-01-2024 21:45,12-10-2023 23:00
9675,442,3674c9d5873becab55b9c7d24038f7b4333eb70d1639edb14a95335d,SP reward for iBTC,11 October 2023,293302,10-01-2024 21:45,12-10-2023 23:00
9676,442,92a18583ff5b6549b812dd1035b420789020d999240b9d122ef5e71b,SP reward for iBTC,11 October 2023,14363,10-01-2024 21:45,12-10-2023 23:00
9677,442,8d999dd787f9871ef69430cfd7473d3d786fe6e060985c65265997d9,SP reward for iBTC,11 October 2023,11361,10-01-2024 21:45,12-10-2023 23:00
9678,442,36fc48bb762e7e133f8cdb2197315db32557edc052b20a7c6233316a,SP reward for iBTC,11 October 2023,69752,10-01-2024 21:45,12-10-2023 23:00
9679,442,ff2666d0328175164cd4f4be76d58ac6162319513ccc68d940bf2b23,SP reward for iBTC,11 October 2023,3376181,10-01-2024 21:45,12-10-2023 23:00
9680,442,619db89e32d3347ca98cb4718f91695154e3a3f7d383af693a4dabc8,SP reward for iBTC,11 October 2023,3438340,10-01-2024 21:45,12-10-2023 23:00
9681,442,c716768454ee0acb9178b7ca686c04eb02579b536fb44ec6b4361c81,SP reward for iBTC,11 October 2023,9359682,10-01-2024 21:45,12-10-2023 23:00
9682,442,d1f445019e940fa4e89b149599b431d0ef7592743758b010b8866898,SP reward for iBTC,11 October 2023,888845,10-01-2024 21:45,12-10-2023 23:00
9683,442,865175c4867e096c4bc73e6064dbd2e9bacb181c5f660c340be7a531,SP reward for iBTC,11 October 2023,1235043,10-01-2024 21:45,12-10-2023 23:00
9684,442,c237095d55fa4c123f4a67d49e429bc6c35f2d4c8aadff5ea1a7ab1c,SP reward for iBTC,11 October 2023,100275,10-01-2024 21:45,12-10-2023 23:00
9685,442,91a484d734334a3069b53ae5373393a8ea8f93d88627670c00f8e8f9,SP reward for iBTC,11 October 2023,967013,10-01-2024 21:45,12-10-2023 23:00
9686,442,4fe31a9ee1f8f310f27feae9a31118d29e3378b0240a998a477ec357,SP reward for iBTC,11 October 2023,4011,10-01-2024 21:45,12-10-2023 23:00
9687,442,ecdd6a81ee434c3d773a0b6b27d426b3d86ee4f8edbb4016e5a6883d,SP reward for iBTC,11 October 2023,41826,10-01-2024 21:45,12-10-2023 23:00
9688,442,36f4acc790ade8685561ee452d290cddfaae730872d02a25fd4d65cc,SP reward for iBTC,11 October 2023,22350,10-01-2024 21:45,12-10-2023 23:00
9689,442,ff8c28d4272bc3688bfc79b6acbe73b24577851e0b4e422ef2198977,SP reward for iBTC,11 October 2023,9266026,10-01-2024 21:45,12-10-2023 23:00
9690,442,e73dedb1ad601b2c565d3d5abd31f368cc8b8b8e94faa13de79475c3,SP reward for iBTC,11 October 2023,67434,10-01-2024 21:45,12-10-2023 23:00
9691,442,e369f9a894744f3c1bf4e714426f0e9753cdcab22a9cf0ab620bd642,SP reward for iBTC,11 October 2023,13990254,10-01-2024 21:45,12-10-2023 23:00
9692,442,3657a92f82da5d852f3757b0d144117b3fce7353181e8a8202843d54,SP reward for iBTC,11 October 2023,14545478,10-01-2024 21:45,12-10-2023 23:00
9693,442,35fc0d9a0b03f48768465620b16a3d5902a30dab99d4a7d2c08add5c,SP reward for iBTC,11 October 2023,21816142,10-01-2024 21:45,12-10-2023 23:00
9694,442,4074cb09fb0f9c5695ee9561cc0b9eecec26efd9a0362f9c6615732c,SP reward for iBTC,11 October 2023,111010,10-01-2024 21:45,12-10-2023 23:00
9695,442,b4dd03047543f859dd8edf03705087c510442f0d006a151ee92c1994,SP reward for iBTC,11 October 2023,6903459,10-01-2024 21:45,12-10-2023 23:00
9696,442,eeb30b031f8ddd6c5766289a4faebc9fb55ea39eaff3dbaf28d106dd,SP reward for iBTC,11 October 2023,142913,10-01-2024 21:45,12-10-2023 23:00
9697,442,9a87e01b2fc854b5c7c70267da8f3ed2d1343329aa8e86efde7748aa,SP reward for iBTC,11 October 2023,4048663,10-01-2024 21:45,12-10-2023 23:00
9698,442,9cdf11e9f7832510865cf609be23fce37c331324a087d334801d435d,SP reward for iBTC,11 October 2023,10758,10-01-2024 21:45,12-10-2023 23:00
9699,442,9204bc66b5075a98249a520231b5c28315f603e80410c19e79b79739,SP reward for iBTC,11 October 2023,3346365,10-01-2024 21:45,12-10-2023 23:00
9700,442,ee0d3f0402347e81228151903cf5249eb6303bf0e78b4f488263db90,SP reward for iBTC,11 October 2023,872789,10-01-2024 21:45,12-10-2023 23:00
9701,442,b7f7ae08769181fd6287c83f74fe18cce31b5bad2e39eeb4ae982f68,SP reward for iBTC,11 October 2023,1684937,10-01-2024 21:45,12-10-2023 23:00
9702,442,a042edfa210923d77e34bb224506a33f1007618124addb9d275c44f3,SP reward for iBTC,11 October 2023,487373,10-01-2024 21:45,12-10-2023 23:00
9703,442,add22687547b52ee682e6d576776af097ef9374ecce09681b9b43715,SP reward for iBTC,11 October 2023,1357936,10-01-2024 21:45,12-10-2023 23:00
9704,442,7cbc9de209d7a0032eca03b814521b58b034bb72aa681decb395ea25,SP reward for iBTC,11 October 2023,690056,10-01-2024 21:45,12-10-2023 23:00
9705,442,91aa6ddecfac713f774fe7635bc6804e96e008cd220186a1382b7f1f,SP reward for iBTC,11 October 2023,41501,10-01-2024 21:45,12-10-2023 23:00
9706,442,9eacf5e8b3c6bf9b1abf34590fd8c9b02e34c0bcd682a1e895ede3fe,SP reward for iBTC,11 October 2023,13088901,10-01-2024 21:45,12-10-2023 23:00
9707,442,008183a40ad33934b7d4711d6b46f0b8901d398b77746222f0ac0dcb,SP reward for iBTC,11 October 2023,276957,10-01-2024 21:45,12-10-2023 23:00
9708,442,f8c924fdf1d9d105c176c2d7289312adb74685741ade1835c78022bf,SP reward for iBTC,11 October 2023,68210,10-01-2024 21:45,12-10-2023 23:00
9709,442,ddc7d434a87369990847553dbe9a0020ccbf868222cb6193b0303eca,SP reward for iBTC,11 October 2023,1772067,10-01-2024 21:45,12-10-2023 23:00
9710,442,a753860cbfd3884ffd93ee7ae4762a618855a982c2bcff3da2623281,SP reward for iBTC,11 October 2023,166689,10-01-2024 21:45,12-10-2023 23:00
9711,442,8e5cffec9bc59c2f83a5396628846b2e34c8e4a565b9bd5f85c3a7c5,SP reward for iBTC,11 October 2023,4540731,10-01-2024 21:45,12-10-2023 23:00
9712,442,56270f8bf55701d31d45a3db4a13d99ef7848fc936616777f4257dcb,SP reward for iBTC,11 October 2023,731511,10-01-2024 21:45,12-10-2023 23:00
9713,442,d38b26fb9b460883ad49b8be8efae6a39413a4cf65ca3a84b6a14f65,SP reward for iBTC,11 October 2023,5110456,10-01-2024 21:45,12-10-2023 23:00
9714,442,6ab1e8f492b0ade359dcc23754a37711b11e09f3c300db387a7df62a,SP reward for iBTC,11 October 2023,98119,10-01-2024 21:45,12-10-2023 23:00
9715,442,0fcd5515a7c42ff375fbe24915bf94140f3ae6559957291e2fc8cb98,SP reward for iBTC,11 October 2023,1706094,10-01-2024 21:45,12-10-2023 23:00
9716,442,765bf28b5f8fd06d76dbd8ea9a428a40b30d721575c7f8483c968500,SP reward for iBTC,11 October 2023,1191734,10-01-2024 21:45,12-10-2023 23:00
9717,442,25f2b6e8273673fa147f150644a62517d248bba31bbb8c35963fcb94,SP reward for iBTC,11 October 2023,599159,10-01-2024 21:45,12-10-2023 23:00
9718,442,e2a00a183faa1d56370cdabb7b05beeb09274a693061e1d5aa140617,SP reward for iBTC,11 October 2023,3653289,10-01-2024 21:45,12-10-2023 23:00
9719,442,ba723099e73d3c12bbe935d3286ca851beadbb24e82e459d2cc47095,SP reward for iBTC,11 October 2023,968578,10-01-2024 21:45,12-10-2023 23:00
9720,442,9cffd98682b61f22ad13b19130b79edf9efba37b87b1bb216786bb22,SP reward for iBTC,11 October 2023,1197565,10-01-2024 21:45,12-10-2023 23:00
9721,442,27e19a4d47b49657009c6265473dd7191ec0908bdcffdc0fe37ee348,SP reward for iBTC,11 October 2023,4948810,10-01-2024 21:45,12-10-2023 23:00
9722,442,6d74a578d02399914e6e91e30fcc0cb11157d6bb8bfa11e27c1f067f,SP reward for iBTC,11 October 2023,7084059,10-01-2024 21:45,12-10-2023 23:00
9723,442,19006487a208affb9e50bea4ec43f00e27b951edc7a440ecd4a88d21,SP reward for iBTC,11 October 2023,524573,10-01-2024 21:45,12-10-2023 23:00
9724,442,bd120d13cacc36173e37233dc7218a7e887697a3614d27234b00e009,SP reward for iBTC,11 October 2023,285547,10-01-2024 21:45,12-10-2023 23:00
9725,442,d171c764b68e3006a17366dbbd2b5b1d1641e584991c8524ac72458f,SP reward for iBTC,11 October 2023,308952,10-01-2024 21:45,12-10-2023 23:00
9726,442,d2cb4ce1de90a00c3c930185073e3c041f638555713136d3b3bdea81,SP reward for iBTC,11 October 2023,513908,10-01-2024 21:45,12-10-2023 23:00
9727,442,060355fc3d04d9df3f0e2a908231211672b16c6762c4e5c83e623734,SP reward for iBTC,11 October 2023,396615,10-01-2024 21:45,12-10-2023 23:00
9728,442,9dcf132042889673839ea86796d3ea30d6fd52682b5bdf524dfa15ce,SP reward for iBTC,11 October 2023,1169650,10-01-2024 21:45,12-10-2023 23:00
9729,442,5f75978f9c34609c4720a15d2cb51b1384ef0711a8e4afa7de0d060a,SP reward for iBTC,11 October 2023,672992,10-01-2024 21:45,12-10-2023 23:00
9730,442,4a8c38f06a0dd31c58d79d150fefe34db736ac83c4a7cc1fc22c1e5e,SP reward for iBTC,11 October 2023,2690333,10-01-2024 21:45,12-10-2023 23:00
9731,442,f00f927995925d46c18314ed041f55e32d1e9bc0da7b18b5f9d56602,SP reward for iBTC,11 October 2023,6385483,10-01-2024 21:45,12-10-2023 23:00
9732,442,5c1a02a27266c981c3c4a9f5301c0e540b93da75bba83693aa1284a2,SP reward for iBTC,11 October 2023,351960,10-01-2024 21:45,12-10-2023 23:00
9733,442,c91490adde7feb9e01721f33e1ab60e2002bef0b62a0e83a759ff983,SP reward for iBTC,11 October 2023,262536,10-01-2024 21:45,12-10-2023 23:00
9734,442,4275e6428a0fbad50a8d8172bb5dfb1c4e5939e18312f7b852f7a374,SP reward for iBTC,11 October 2023,12902,10-01-2024 21:45,12-10-2023 23:00
9735,442,b5c8349396f274e45c6733b41262d7fca925d6413394331b01e88d0e,SP reward for iBTC,11 October 2023,237507,10-01-2024 21:45,12-10-2023 23:00
9736,442,f4035fabf6ceffc8d7ba6defb2a76bf77e2fd6f447f37c9037340990,SP reward for iBTC,11 October 2023,20820,10-01-2024 21:45,12-10-2023 23:00
9737,442,594b5cf4b90fa03498e94b259e4462f7b838acbb727e5fb27a1512a2,SP reward for iBTC,11 October 2023,8335379,10-01-2024 21:45,12-10-2023 23:00
9738,442,f095b6bf1670a5927349be0c438d63b966d494f62868c47d264ee592,SP reward for iBTC,11 October 2023,1819863,10-01-2024 21:45,12-10-2023 23:00
9739,442,cf59324e35572473a1c164ace3b16a04c1893f82aae9557abe429d89,SP reward for iBTC,11 October 2023,406364,10-01-2024 21:45,12-10-2023 23:00
9740,442,df6ae36c5ece938f1ac50184e91aca50ae5fc231ab25eef48ad4612d,SP reward for iBTC,11 October 2023,962,10-01-2024 21:45,12-10-2023 23:00
9741,442,e105290df587390be33d256392f378bfd7709dca5c16de6ff1958de1,SP reward for iBTC,11 October 2023,4289,10-01-2024 21:45,12-10-2023 23:00
9742,442,b6e7a0d5545a3c9f3d826332b90027b303e45852eb3593bcb8f12883,SP reward for iBTC,11 October 2023,2897944,10-01-2024 21:45,12-10-2023 23:00
9743,442,f5fc2163bd928f1bd4be6463323d1341eb5709ad2fc7780f3a0110bf,SP reward for iBTC,11 October 2023,19478441,10-01-2024 21:45,12-10-2023 23:00
9744,442,efdea48b2d455838b64f1bdbf0106eef7cd67041ce4aa429d812183e,SP reward for iBTC,11 October 2023,104564,10-01-2024 21:45,12-10-2023 23:00
9745,442,9adca998ba0dd97e2f2720c2ae640088796272ec3f41a6cdf8819fe4,SP reward for iBTC,11 October 2023,15267,10-01-2024 21:45,12-10-2023 23:00
9746,442,b18c6ec043fe8be54994fea40737423de41f59bf46b00920c2f9001d,SP reward for iBTC,11 October 2023,163536,10-01-2024 21:45,12-10-2023 23:00
9747,442,6b5339bc5d75467460925c0095aecf158dbe78c1b7b7b3511bae2a1e,SP reward for iBTC,11 October 2023,5043,10-01-2024 21:45,12-10-2023 23:00
9748,442,95aab629810acf425e4448592d1a5a0265255116e5451f90d7034b58,SP reward for iBTC,11 October 2023,41664,10-01-2024 21:45,12-10-2023 23:00
9749,442,e33e0545052a1f9575c1e6f303380e932387671fba477f9156f62994,SP reward for iBTC,11 October 2023,1425045,10-01-2024 21:45,12-10-2023 23:00
9750,442,87b9679714eebad39554239abcc970b4937f19ce07fae769da678184,SP reward for iBTC,11 October 2023,429143,10-01-2024 21:45,12-10-2023 23:00
9751,442,418be7cbf9d37e1ed38d316e3f1f21a33cd6733ebd7457145447a830,SP reward for iBTC,11 October 2023,13440537,10-01-2024 21:45,12-10-2023 23:00
9752,442,725fca12f5495b2d9c9be40376355bb56f673261a0c0fefcc0e83128,SP reward for iBTC,11 October 2023,75699,10-01-2024 21:45,12-10-2023 23:00
9753,442,c8d94edd54ac158df872778b972b3d9f230b77294e9688e7fa3d3302,SP reward for iBTC,11 October 2023,19089153,10-01-2024 21:45,12-10-2023 23:00
9754,442,c7a86c9c19def585d674247d860174f22835041153f5d755700ca691,SP reward for iBTC,11 October 2023,395722,10-01-2024 21:45,12-10-2023 23:00
9755,442,73a2384cb145aa11ef7c996728c5715f87b007368e1a4769853927ee,SP reward for iBTC,11 October 2023,11117188,10-01-2024 21:45,12-10-2023 23:00
9756,442,bcd7d0e8839b24551996bbec8f229f4f6788f31974b86088e50cc325,SP reward for iBTC,11 October 2023,400974,10-01-2024 21:45,12-10-2023 23:00
9757,442,d643e544ab30611b757fd5926602f6f693d573f4c0005d0b46aab1f2,SP reward for iBTC,11 October 2023,3193321,10-01-2024 21:45,12-10-2023 23:00
9758,442,d93ec003c4f3efe6cee6dc59a04d13c177c1fcf36d0cee212fcced8e,SP reward for iBTC,11 October 2023,122869,10-01-2024 21:45,12-10-2023 23:00
9759,442,811d81c21b08352b6d13adc8815022f120336e4eadd03f4ee1a1b0fa,SP reward for iBTC,11 October 2023,200214,10-01-2024 21:45,12-10-2023 23:00
9760,442,bb065d2662a76b6a4be9b01e41d5c3f50462c1dda589da692b9754da,SP reward for iBTC,11 October 2023,128804,10-01-2024 21:45,12-10-2023 23:00
9761,442,460b03e4c9be9f26635bbb42db1bb7757c65f8bdafa5155fcc3ca9df,SP reward for iBTC,11 October 2023,3453237,10-01-2024 21:45,12-10-2023 23:00
9762,442,a65059f2283e5ff29d0c818cba02d9f700fc7c3e891c324bdfd5d1ca,SP reward for iBTC,11 October 2023,116018,10-01-2024 21:45,12-10-2023 23:00
9763,442,690b0a92962d8e5940212f11e4e414db2a6a773f06923adaa063bf7a,SP reward for iBTC,11 October 2023,49730562,10-01-2024 21:45,12-10-2023 23:00
9764,442,360009fae135652bcbf7b5dcb75bbacada4c10dd5bc9626fa229569a,SP reward for iBTC,11 October 2023,42846,10-01-2024 21:45,12-10-2023 23:00
9765,442,c85e5827ec3620637c26781bb5ea0dbb047692badb517adfbad80321,SP reward for iBTC,11 October 2023,1335956,10-01-2024 21:45,12-10-2023 23:00
9766,442,c6f107c42cc71a66e32aa050e10e55847bea744aa74e1b2134435e05,SP reward for iBTC,11 October 2023,174804,10-01-2024 21:45,12-10-2023 23:00
9767,442,a485b6436c9f49a331655fa1574405c3e9bb1ead65e84b91f28fe826,SP reward for iBTC,11 October 2023,8867116,10-01-2024 21:45,12-10-2023 23:00
9768,442,4f095e6f77102062c2f13d752ee14be370903fb1ef45006369c45fcd,SP reward for iBTC,11 October 2023,1797420,10-01-2024 21:45,12-10-2023 23:00
9769,442,49a33ab5e0265427d7de241eac6595c7f6b06d6f8714477158d43922,SP reward for iBTC,11 October 2023,2139341,10-01-2024 21:45,12-10-2023 23:00
9770,442,78b355ef81f783f5efe26565142565159adb6d0fe2ff17631c37540c,SP reward for iBTC,11 October 2023,170004,10-01-2024 21:45,12-10-2023 23:00
9771,442,2b3f8ce415f63a81454d53882a00a4d2225e1284c257a8b14ecb4c22,SP reward for iBTC,11 October 2023,1558880,10-01-2024 21:45,12-10-2023 23:00
9772,442,69a97eb8edd3bd6c373b00d162d4463c2b6834e4d66d0e6f29f797e3,SP reward for iBTC,11 October 2023,18006389,10-01-2024 21:45,12-10-2023 23:00
9773,442,d4bed2ddaa7dfa8f582a33dae7d0f0e0dca95bc6a7d9674807386af3,SP reward for iBTC,11 October 2023,73010,10-01-2024 21:45,12-10-2023 23:00
9774,442,f6f4381664083197aade59849d7d90493799c00ac314bd28eb6a1096,SP reward for iBTC,11 October 2023,5716849,10-01-2024 21:45,12-10-2023 23:00
9775,442,02b80d9935da7f00d97323735ff2641d938b14f3ecd24b01a990afe5,SP reward for iBTC,11 October 2023,1140762,10-01-2024 21:45,12-10-2023 23:00
9776,442,a03ccad35de77af874c2bd83cf91b7cdf3ecee94ba071ebc6364cdae,SP reward for iBTC,11 October 2023,297684,10-01-2024 21:45,12-10-2023 23:00
9777,442,c762b49fcc98442f1dc5e71e6de2635f02c7b22275a7d112abe90dbc,SP reward for iBTC,11 October 2023,4465878,10-01-2024 21:45,12-10-2023 23:00
9778,442,134772ad86746619dd39c1bcfd82c5cbec2872f3fbbae1c289e2c7c4,SP reward for iBTC,11 October 2023,6567786,10-01-2024 21:45,12-10-2023 23:00
9779,442,ca0f77040a2b74ee79cb3a2c8046083e364c853648d64885a75ae35e,SP reward for iBTC,11 October 2023,495128,10-01-2024 21:45,12-10-2023 23:00
9780,442,bf97ad99b5269c15e3726290f95f0fc0ec8dbada31183778548d9da0,SP reward for iBTC,11 October 2023,10137876,10-01-2024 21:45,12-10-2023 23:00
9781,442,1055b89a4bb5a120f9f89183895b6a05cde28a2c5f2df6b5a526a95f,SP reward for iBTC,11 October 2023,503382,10-01-2024 21:45,12-10-2023 23:00
9782,442,a181fb98e93e123144d85fee0993bd560ed91d82ccb4b9681bdecc95,SP reward for iBTC,11 October 2023,1604682,10-01-2024 21:45,12-10-2023 23:00
9783,442,344b062d324fb1d5c2604c5381acd0e0dc8eac7fe94613a1dd1c9ee5,SP reward for iBTC,11 October 2023,2608815,10-01-2024 21:45,12-10-2023 23:00
9784,442,c72d1e782124b7a5b2ddd16fcce4fb1909d968ae6540dc87e6dd63ae,SP reward for iBTC,11 October 2023,101852,10-01-2024 21:45,12-10-2023 23:00
9785,442,309a47f53e617e9bbd0aa234b5f2aff6c22864a58a64fc272caf8315,SP reward for iBTC,11 October 2023,130427,10-01-2024 21:45,12-10-2023 23:00
9786,442,e33786fcf09ced1747bbd86e3e123a529483cc477932d9f25c4b0d56,SP reward for iBTC,11 October 2023,1136484,10-01-2024 21:45,12-10-2023 23:00
9787,442,1344c6719d8058b88f756f2ee293581dab8214b388113a46e95cb2e8,SP reward for iBTC,11 October 2023,17389,10-01-2024 21:45,12-10-2023 23:00
9788,442,3350a1cb0110a5855f289a0738fdbe0c00c07cf748fd5f5cdf1aa63b,SP reward for iBTC,11 October 2023,183173,10-01-2024 21:45,12-10-2023 23:00
9789,442,98c9ede2d55f7f080a56fae1fdaf13fba514696d0ca759c8994b7967,SP reward for iBTC,11 October 2023,1147555,10-01-2024 21:45,12-10-2023 23:00
9790,442,ed2d886c9096287956f5c505925a4921e587a7fb6b9216a178616076,SP reward for iBTC,11 October 2023,148825,10-01-2024 21:45,12-10-2023 23:00
9791,442,9bf929588ad1b309c5d14b29ac278dba301bf1eab59af4c29b68f807,SP reward for iBTC,11 October 2023,6042309,10-01-2024 21:45,12-10-2023 23:00
9792,442,18f3de1e151510189ebb627d0b7e16ce7c5a3fbd8f09c3fb4ff1554e,SP reward for iBTC,11 October 2023,10139290,10-01-2024 21:45,12-10-2023 23:00
9793,442,ebdf2f2916f3819a83396a78bc14525b559c62b21cde688020ecfafb,SP reward for iBTC,11 October 2023,11476591,10-01-2024 21:45,12-10-2023 23:00
9794,442,fc3f98ae5a3b654f6d89eebba84dede2c2ebe58d58ed3d59984dfef4,SP reward for iBTC,11 October 2023,1620727,10-01-2024 21:45,12-10-2023 23:00
9795,442,c3fa4890e46c7b8ea2fe782727a74534b4340aced4e80ced7b0b5089,SP reward for iBTC,11 October 2023,122104,10-01-2024 21:45,12-10-2023 23:00
9796,442,bec94b5753e45e7ee8e232d0e7e958accd120f1135b56c9ce75a32cc,SP reward for iBTC,11 October 2023,7153011,10-01-2024 21:45,12-10-2023 23:00
9797,442,7c5378fa54feb8a83d9a2a241503e07eee3876d90931e1953788c3e4,SP reward for iBTC,11 October 2023,7222717,10-01-2024 21:45,12-10-2023 23:00
9798,442,7328ab6d917830c7db07347e34d628bd76421d260b9064231a34955e,SP reward for iBTC,11 October 2023,433363,10-01-2024 21:45,12-10-2023 23:00
9799,442,cdfe95c99540a11b593c69e1426a76245c3d76ed3b905a09aa8d011a,SP reward for iBTC,11 October 2023,3050571,10-01-2024 21:45,12-10-2023 23:00
9800,442,9cc6a5c39d7b0a317daf1c2ac03e490912585b884ac4d922a146117b,SP reward for iBTC,11 October 2023,6872136,10-01-2024 21:45,12-10-2023 23:00
9801,442,bc64c0754d2dd6b159df3116a20375fbb668de087098210541940186,SP reward for iBTC,11 October 2023,2318503,10-01-2024 21:45,12-10-2023 23:00
9802,442,fcc20a843a102f03b5a67e2d9567fc74c70c2c2c294b85fa83086611,SP reward for iBTC,11 October 2023,119197973,10-01-2024 21:45,12-10-2023 23:00
9803,442,db70834069b7ea13f3701408f7f7e5d32993bd9fff990c3c52b3844c,SP reward for iBTC,11 October 2023,3928275,10-01-2024 21:45,12-10-2023 23:00
9804,442,0da3cacef17d65df4ab3d98a21d5d8ef52ef3f813b35b46e9ac4e562,SP reward for iBTC,11 October 2023,29894213,10-01-2024 21:45,12-10-2023 23:00
9805,442,198836d653f267dfed06bd383b80539c50f3ab6d6e7e0de11d9b723e,SP reward for iETH,12 October 2023,692,10-01-2024 21:45,12-10-2023 23:00
9806,442,43b8e3375ecf90169230d91ce92863d0b041ed4c8668cc87d17ea980,SP reward for iETH,12 October 2023,3370,10-01-2024 21:45,12-10-2023 23:00
9807,442,58565b9a0b90f766dad48a3cb365453b452565ecb6773a55a5517b48,SP reward for iETH,12 October 2023,440635,10-01-2024 21:45,12-10-2023 23:00
9808,442,405966152e910c43c45f1d21d8420d7ce66c604b9750824741970780,SP reward for iETH,12 October 2023,355,10-01-2024 21:45,12-10-2023 23:00
9809,442,4199f4bb58f9b3c60dec5310a8326d46c90318b83d2e96ff45f30bf1,SP reward for iETH,12 October 2023,23,10-01-2024 21:45,12-10-2023 23:00
9810,442,f9f1d44d00b15f63b1aac48dd4e3b4738bec1c79cef84b67ef5c69e4,SP reward for iETH,12 October 2023,377,10-01-2024 21:45,12-10-2023 23:00
9811,442,bdb8c089708bb3dd3c626bb9a286a3aacbf77517b9643161db4a1452,SP reward for iETH,12 October 2023,61,10-01-2024 21:45,12-10-2023 23:00
9812,442,117a220650f577db973565412c705745e0cac69c796d137e977267a0,SP reward for iETH,12 October 2023,1,10-01-2024 21:45,12-10-2023 23:00
9813,442,ad122b9fa3ab86495712afd2a6f655430427c2cf21a54fd0c8fe8e63,SP reward for iETH,12 October 2023,72788,10-01-2024 21:45,12-10-2023 23:00
9814,442,2e1573f020d7dc42fb1befd459287f0e620fb799cee111e43c50d676,SP reward for iETH,12 October 2023,11026,10-01-2024 21:45,12-10-2023 23:00
9815,442,ed3122194af84dbc350676f420b1927209b40cf0d239ec26a5cc8623,SP reward for iETH,12 October 2023,226807,10-01-2024 21:45,12-10-2023 23:00
9816,442,5016a30bc3c1a609d20be6cd2ea1f87bf5b49bcf2f8ecdb1d21cceff,SP reward for iETH,12 October 2023,1,10-01-2024 21:45,12-10-2023 23:00
9817,442,bffe2a2f3dde97b96f94f5cdde3957828c61db930faba0e4b2afbb46,SP reward for iETH,12 October 2023,44422,10-01-2024 21:45,12-10-2023 23:00
9818,442,435ac6984516a80bf6a9e7d16ba8431add7b4f44083131ab8dce0097,SP reward for iETH,12 October 2023,82847,10-01-2024 21:45,12-10-2023 23:00
9819,442,8b542601309e158b422074b4a53ec9aa0f09a0b50f58bce55a68b4a0,SP reward for iETH,12 October 2023,15774,10-01-2024 21:45,12-10-2023 23:00
9820,442,6efc2b7d458837222c6305866822d7d3039f9b436dc7eeda2ebabd4e,SP reward for iETH,12 October 2023,4884,10-01-2024 21:45,12-10-2023 23:00
9821,442,ce6885bef0ae899503bec94142f5c2d8f8d25973ddb50e1c5dca5c1e,SP reward for iETH,12 October 2023,814,10-01-2024 21:45,12-10-2023 23:00
9822,442,7bfcb0b4a3974232c21fe4440a2befb5aff58093e9582c9d447c1e0d,SP reward for iETH,12 October 2023,427,10-01-2024 21:45,12-10-2023 23:00
9823,442,89d095d531c5d92be599e65bfe27c44652b2cf99b72a332427e9d8a2,SP reward for iETH,12 October 2023,25507,10-01-2024 21:45,12-10-2023 23:00
9824,442,42a1f1254b83222880c10986170dff3d174299a9b6601511d369a189,SP reward for iETH,12 October 2023,206990,10-01-2024 21:45,12-10-2023 23:00
9825,442,93fb8feafbe7b27f8ccddb6c42676e5c85698c605c6627728507d8fc,SP reward for iETH,12 October 2023,565,10-01-2024 21:45,12-10-2023 23:00
9826,442,19c1be2fd0ce6e32cde0185dd60a56edc288d8de6243c1ca4e569f51,SP reward for iETH,12 October 2023,77,10-01-2024 21:45,12-10-2023 23:00
9827,442,d1b4a2e733c66382f3c60bf7a43803b57e44c07d5efe87bf8c4185ee,SP reward for iETH,12 October 2023,80079,10-01-2024 21:45,12-10-2023 23:00
9828,442,70412db01246a610b0e448401967f8c79afad0c1eda5cc75b2c252f7,SP reward for iETH,12 October 2023,1068,10-01-2024 21:45,12-10-2023 23:00
9829,442,875b60897b0b855c13d7cab2fa168fe63bce45ed7e657bdd951b5972,SP reward for iETH,12 October 2023,34573,10-01-2024 21:45,12-10-2023 23:00
9830,442,84e650cc71a2cc4a1e57241565b32d0b24ba3ed2a8726bbd11c76ef7,SP reward for iETH,12 October 2023,16153,10-01-2024 21:45,12-10-2023 23:00
9831,442,4e5426811df99e191ae0bc3eca64836e561a07d1623b16f94828240b,SP reward for iETH,12 October 2023,2,10-01-2024 21:45,12-10-2023 23:00
9832,442,2b3f8ce415f63a81454d53882a00a4d2225e1284c257a8b14ecb4c22,SP reward for iETH,12 October 2023,1,10-01-2024 21:45,12-10-2023 23:00
9833,442,af91dcc8800fad79990ad47efc93335efb93b85b15f01ad0570b0924,SP reward for iETH,12 October 2023,97883,10-01-2024 21:45,12-10-2023 23:00
9834,442,8707ca72180e998be7256d3ca209f1018ee51fc9f9e1d55fd1d962ae,SP reward for iETH,12 October 2023,1523,10-01-2024 21:45,12-10-2023 23:00
9835,442,aa67df191de68ac9224c3425b62b628becbb3d001d0ba78f1dacac4e,SP reward for iETH,12 October 2023,14,10-01-2024 21:45,12-10-2023 23:00
9836,442,609ec540fc0fe4aa910919d0f5a2a5dfda7db6cb7f9b4c73c285bb22,SP reward for iETH,12 October 2023,33245,10-01-2024 21:45,12-10-2023 23:00
9837,442,38182d9874dbabb161ffff5e21c81a58b8134ff7f34f2407903dba6c,SP reward for iETH,12 October 2023,5452,10-01-2024 21:45,12-10-2023 23:00
9838,442,a179c06273cc4b1676137e136a2ef23e7cf4a3ea8b07f359a13f88a2,SP reward for iETH,12 October 2023,4450,10-01-2024 21:45,12-10-2023 23:00
9839,442,8d995bf956bbf2a69b6549ca3a6830e9292b0d2641e9fa520d0f294d,SP reward for iETH,12 October 2023,107624,10-01-2024 21:45,12-10-2023 23:00
9840,442,7a7fe8f80addd82b29adc3d5f017985c04c21eac82da3072fb95ba30,SP reward for iETH,12 October 2023,824,10-01-2024 21:45,12-10-2023 23:00
9841,442,afd3aaa6c6cff952df201e8b6aa2e2e06e080f61f9fcbabc1997b42b,SP reward for iETH,12 October 2023,102835,10-01-2024 21:45,12-10-2023 23:00
9842,442,57e5858c1df6db74f151486eedd33dec6790c38e79d12b69e2add37e,SP reward for iETH,12 October 2023,54356,10-01-2024 21:45,12-10-2023 23:00
9843,442,206d0b9f1190d040970e6a139ec20333570c9f73098ab4f8c5772536,SP reward for iETH,12 October 2023,31350,10-01-2024 21:45,12-10-2023 23:00
9844,442,241ecd4e529840fd1d3c3a44abf3e5f3d65c6312fa1203025234ade4,SP reward for iETH,12 October 2023,5094,10-01-2024 21:45,12-10-2023 23:00
9845,442,7bca37d84a32420442867cc57a31d617763def3c9963f639c58ff001,SP reward for iETH,12 October 2023,256363,10-01-2024 21:45,12-10-2023 23:00
9846,442,9913007f4d5d7d0bdfde593a74f1cc948368d29881aa3efab60a6338,SP reward for iETH,12 October 2023,31309,10-01-2024 21:45,12-10-2023 23:00
9847,442,731c4e0664571b4ea0a1b9279f3b9dc10ae79bd38908a7b30ecefe22,SP reward for iETH,12 October 2023,436,10-01-2024 21:45,12-10-2023 23:00
9848,442,8bb170899ad086aaf786240e8429aaae18448301ad0d2ab068d38f4a,SP reward for iETH,12 October 2023,1,10-01-2024 21:45,12-10-2023 23:00
9849,442,c8ca667b94b226c0400fc4f3f8ce935ef841edd752b09fbf28b1cb16,SP reward for iETH,12 October 2023,8,10-01-2024 21:45,12-10-2023 23:00
9850,442,84b2dddf4357c2589e7d431a055e3b0db4149b94240c63ecb1b676f2,SP reward for iETH,12 October 2023,10683159,10-01-2024 21:45,12-10-2023 23:00
9851,442,6d6912b202d92f19e9b506ce91eb315f764d0eb5aaf86598b6408dd0,SP reward for iETH,12 October 2023,26717,10-01-2024 21:45,12-10-2023 23:00
9852,442,93c8ee55e003b8ac9b1be4260e01d9f03ef35e8cb8ad07fc04c86f80,SP reward for iETH,12 October 2023,183579,10-01-2024 21:45,12-10-2023 23:00
9853,442,243143a1edf725605b078e3660ccf3ef4811e54ce8d70b04ae15a4b0,SP reward for iETH,12 October 2023,147,10-01-2024 21:45,12-10-2023 23:00
9854,442,512f425cedae5c11513155242686e5039b766c7ae798515b68a364e7,SP reward for iETH,12 October 2023,2753,10-01-2024 21:45,12-10-2023 23:00
9855,442,ed3ceb224858d2a44bcae5c64c3f96bc3e80d85bc3347c5f156ae7ff,SP reward for iETH,12 October 2023,1,10-01-2024 21:45,12-10-2023 23:00
9856,442,ccf0463efcfc0be16312d889a485c827392edb4bf32af4b43af4aad5,SP reward for iETH,12 October 2023,4655,10-01-2024 21:45,12-10-2023 23:00
9857,442,38a6b071d8b300a0a8219cb49ae293024f466985a89f62d6188d0388,SP reward for iETH,12 October 2023,6634,10-01-2024 21:45,12-10-2023 23:00
9858,442,b5f538b9bc03a2b72e11f5d02d4480cb5a8db857e1a730b1d4499ec4,SP reward for iETH,12 October 2023,3844189,10-01-2024 21:45,12-10-2023 23:00
9859,442,0d4dfb08eb9de8c5610cecd9f1624a8f1bcd2775a9fa651631d44cd5,SP reward for iETH,12 October 2023,4258589,10-01-2024 21:45,12-10-2023 23:00
9860,442,929695c172f6c2841df1482161ec1a2716ee2f166c27c86b20736e71,SP reward for iETH,12 October 2023,92078,10-01-2024 21:45,12-10-2023 23:00
9861,442,d5783eeb99454513796d07833a55b33d041157aa2557f641d50b7f13,SP reward for iETH,12 October 2023,8916,10-01-2024 21:45,12-10-2023 23:00
9862,442,4cb2eb343a9f29be1c2550732c532cf3d2a846cce4b12691379bdc70,SP reward for iETH,12 October 2023,8265,10-01-2024 21:45,12-10-2023 23:00
9863,442,73a2384cb145aa11ef7c996728c5715f87b007368e1a4769853927ee,SP reward for iETH,12 October 2023,7132375,10-01-2024 21:45,12-10-2023 23:00
9864,442,cef48e82717f374be93b1e5bccad65b68e9403e57dcec8f251b35455,SP reward for iETH,12 October 2023,51448159,10-01-2024 21:45,12-10-2023 23:00
9865,442,b2cd3ac1116b5d4d2634eb51a832f9c99dd03abe51b9e05f463bde68,SP reward for iETH,12 October 2023,99549,10-01-2024 21:45,12-10-2023 23:00
9866,442,bbc6d8e0a8f8fa47238a3df22e1b9a0e39a0de2330ba5b49d69a6bc0,SP reward for iETH,12 October 2023,547106,10-01-2024 21:45,12-10-2023 23:00
9867,442,61cc93b6feaaf71fb0a4133fc103134b9e0057b17a96b5b8ab064345,SP reward for iETH,12 October 2023,531096,10-01-2024 21:45,12-10-2023 23:00
9868,442,c05d3ab97abdcac7e81855b92b59afe40f18b059e9d8cceedc5ef511,SP reward for iETH,12 October 2023,61481,10-01-2024 21:45,12-10-2023 23:00
9869,442,20e9a6827fc11c89ad4f49e9b36cf80b55c5650eb397b1a9507dde2b,SP reward for iETH,12 October 2023,5427,10-01-2024 21:45,12-10-2023 23:00
9870,442,4fef1de46ca4dffc70cafbce94918dc9e28000d395411532f418a73d,SP reward for iETH,12 October 2023,68799,10-01-2024 21:45,12-10-2023 23:00
9871,442,fc5543c66855df3872fc1c6bedbd95bb592feb158a7656d0964358b1,SP reward for iETH,12 October 2023,13537,10-01-2024 21:45,12-10-2023 23:00
9872,442,476b50ba222061304df4ef1e7da2a370fc1a452f4100e862d5555269,SP reward for iETH,12 October 2023,27624,10-01-2024 21:45,12-10-2023 23:00
9873,442,96fcd31985e22ce4ab339cd92f94a5e54e5ddb4880f0a3a6c6ccb2f5,SP reward for iETH,12 October 2023,13388,10-01-2024 21:45,12-10-2023 23:00
9874,442,d2a9e3449671da65c467670745d3d5ba2f2f261187808191a95710cf,SP reward for iETH,12 October 2023,18214,10-01-2024 21:45,12-10-2023 23:00
9875,442,9a278ffaf46bf70581b4d7914236ad05ee20ee98c7c73158bbc60a3b,SP reward for iETH,12 October 2023,39479,10-01-2024 21:45,12-10-2023 23:00
9876,442,e1fe8c18060b61725fc639e6ed11f31323da2cc773f048910a4634da,SP reward for iETH,12 October 2023,104790,10-01-2024 21:45,12-10-2023 23:00
9877,442,d4da2d85527b6622fb0dfae1fda83de879b7cd969bf5ff96e9ba3aa6,SP reward for iETH,12 October 2023,285120,10-01-2024 21:45,12-10-2023 23:00
9878,442,ef375afc54458f274bd07dec902e981a581fb46d4ab6d996e40b5bb0,SP reward for iETH,12 October 2023,111843,10-01-2024 21:45,12-10-2023 23:00
9879,442,aceab5cd6d083ab7388b8487f260c514770460bd9809196d455c7150,SP reward for iETH,12 October 2023,568776,10-01-2024 21:45,12-10-2023 23:00
9880,442,3942f959c4dacb2bb80d5854e6b2a304601ad692ce27a6040806de62,SP reward for iETH,12 October 2023,65806,10-01-2024 21:45,12-10-2023 23:00
9881,442,dbf62020c6e458cd78ab8e4726fbc766b60c9a473918a5afb8784f4f,SP reward for iETH,12 October 2023,15916,10-01-2024 21:45,12-10-2023 23:00
9882,442,a4bb846ef68110900c05f24352c1648db506ec921bf6011e61e01684,SP reward for iETH,12 October 2023,59298,10-01-2024 21:45,12-10-2023 23:00
9883,442,73064ed9d446fe559dea6a5c0484f4c4876d91e1d7442109f6815770,SP reward for iETH,12 October 2023,2,10-01-2024 21:45,12-10-2023 23:00
9884,442,cd193a0e787cfd42924e2432b5d4b74a19c1bdcb210d44faa6ed875b,SP reward for iETH,12 October 2023,41968,10-01-2024 21:45,12-10-2023 23:00
9885,442,75463feb9358b4187d202bc5b8a3d96df6f8c2416495350e8519a3e2,SP reward for iETH,12 October 2023,39187,10-01-2024 21:45,12-10-2023 23:00
9886,442,0cdd12ae3e182cc9ce56f55e17b6ae78cd48110aa592163b39ba5b03,SP reward for iETH,12 October 2023,16238,10-01-2024 21:45,12-10-2023 23:00
9887,442,144a91af110e1f266e04a5fc28a41d897523570b8c8ca12724be3b64,SP reward for iETH,12 October 2023,31369,10-01-2024 21:45,12-10-2023 23:00
9888,442,c90dfeb23d605971a7c59e29113aecd883e6390ae59b21748a3ef672,SP reward for iETH,12 October 2023,29279,10-01-2024 21:45,12-10-2023 23:00
9889,442,2d8e47435b0c86ffc07f8c45272929148631ba923e3e24abd49c7d62,SP reward for iETH,12 October 2023,4559,10-01-2024 21:45,12-10-2023 23:00
9890,442,a3f63e4cbce10a5560a60dc4c7360da433b03e596e9c61f507eec809,SP reward for iETH,12 October 2023,22491,10-01-2024 21:45,12-10-2023 23:00
9891,442,138e6f1324b88fc7e3c520e1ce26fb28d0fd99871c45b0e83c80f900,SP reward for iETH,12 October 2023,78076,10-01-2024 21:45,12-10-2023 23:00
9892,442,11b4ac68cf0d110247dc7d2bc139c92fd7a21af0a798a913e06fecd1,SP reward for iETH,12 October 2023,43451,10-01-2024 21:45,12-10-2023 23:00
9893,442,5f085aae9b0dcd71e73a7a5074d80dc8cd0dacafc1bb98bc6fe46cb9,SP reward for iETH,12 October 2023,415561,10-01-2024 21:45,12-10-2023 23:00
9894,442,026c8ee36589862c813abaf4142583d8631869cc694bfc393ad229ed,SP reward for iETH,12 October 2023,87504,10-01-2024 21:45,12-10-2023 23:00
9895,442,76bd0706659b380bf2acb2259850bdd90488151424877d178eaa4c2d,SP reward for iETH,12 October 2023,21609,10-01-2024 21:45,12-10-2023 23:00
9896,442,9147f0988a1efd942134a43aaab625d1ff84f6be971c676a2d7d907c,SP reward for iETH,12 October 2023,18050,10-01-2024 21:45,12-10-2023 23:00
9897,442,2dd87e3321612d435e9ded9e76469a8d221b8bfce442e92997b74ae9,SP reward for iETH,12 October 2023,314301,10-01-2024 21:45,12-10-2023 23:00
9898,442,b178ffc093995ed4f92326da8cbbae25832bd1c723b4897435ae3ee3,SP reward for iETH,12 October 2023,29757,10-01-2024 21:45,12-10-2023 23:00
9899,442,6c6327cb74b31bca70661b8a54165f95eec53e59c955ce2060e7dcaa,SP reward for iETH,12 October 2023,51529,10-01-2024 21:45,12-10-2023 23:00
9900,442,b844eda8d8b99c58609f090d3156ef91488778e92501e1154e797492,SP reward for iETH,12 October 2023,67653,10-01-2024 21:45,12-10-2023 23:00
9901,442,91aa6ddecfac713f774fe7635bc6804e96e008cd220186a1382b7f1f,SP reward for iETH,12 October 2023,26578,10-01-2024 21:45,12-10-2023 23:00
9902,442,c1847df694146357cb67166b11ec706348cb02d268b09c7ca0567a2a,SP reward for iETH,12 October 2023,1,10-01-2024 21:45,12-10-2023 23:00
9903,442,343a6e2b66f769abf99ad58bc6425690fd647ea7221a738a55d94bd6,SP reward for iETH,12 October 2023,15676,10-01-2024 21:45,12-10-2023 23:00
9904,442,bc12846dfe29fb17207d6e11b98fdda7201679227d46d744de5574e8,SP reward for iETH,12 October 2023,37897,10-01-2024 21:45,12-10-2023 23:00
9905,442,2387805ec55905b81396a1744734c4695abaaf620a73e88092018f58,SP reward for iETH,12 October 2023,21187,10-01-2024 21:45,12-10-2023 23:00
9906,442,945cd17ae5a96a439a8191283c8459e67ab18c7e2d93fa1dfce4671c,SP reward for iETH,12 October 2023,67934,10-01-2024 21:45,12-10-2023 23:00
9907,442,50b984ca982d833e08f2bd2124164aef4193d86503cb484ecbeb1abc,SP reward for iETH,12 October 2023,99123,10-01-2024 21:45,12-10-2023 23:00
9908,442,0906bc9e7c5e11ffa7933e391b3eac7386660467616399958c62e606,SP reward for iETH,12 October 2023,2462,10-01-2024 21:45,12-10-2023 23:00
9909,442,bd584b825b8ea2a3c6756ada80f881936d174cd8935edeefbff34723,SP reward for iETH,12 October 2023,3476,10-01-2024 21:45,12-10-2023 23:00
9910,442,e04792fa709f493a554e363756388231edd8716df5998754d114594a,SP reward for iETH,12 October 2023,33738,10-01-2024 21:45,12-10-2023 23:00
9911,442,786de79ca4b4c908980fc370c9089196933c2733c12eb95186b97406,SP reward for iETH,12 October 2023,228313,10-01-2024 21:45,12-10-2023 23:00
9912,442,f08a2242c6a6353ea38c9316dc478cad0d5e53eef6c1833e763eb33d,SP reward for iETH,12 October 2023,1716,10-01-2024 21:45,12-10-2023 23:00
9913,442,332640ca63bf1c45ca8f5beafe24f3e68887f052b3a03914e2efd235,SP reward for iETH,12 October 2023,1669,10-01-2024 21:45,12-10-2023 23:00
9914,442,2d7f83bee28f29bf82eb41de3d59674e71af6a2faf3cce9eb95d6026,SP reward for iETH,12 October 2023,39368,10-01-2024 21:45,12-10-2023 23:00
9915,442,2922bb18ea7225c2905acb96276ea33273c5e07a0860fb276087115f,SP reward for iETH,12 October 2023,33603,10-01-2024 21:45,12-10-2023 23:00
9916,442,0da3cacef17d65df4ab3d98a21d5d8ef52ef3f813b35b46e9ac4e562,SP reward for iETH,12 October 2023,541,10-01-2024 21:45,12-10-2023 23:00
9917,442,08abc365d15eb5a450ff8ed2a6207bfa3cb5a0df4ec1ddd0e6636026,SP reward for iETH,12 October 2023,1,10-01-2024 21:45,12-10-2023 23:00
9918,442,16490539b2a6c749b18c82a41ad485eaa882ee019335452b7a7c27c0,SP reward for iETH,12 October 2023,67194,10-01-2024 21:45,12-10-2023 23:00
9919,442,efdea48b2d455838b64f1bdbf0106eef7cd67041ce4aa429d812183e,SP reward for iETH,12 October 2023,35716,10-01-2024 21:45,12-10-2023 23:00
9920,442,30f730fb260aed1721ae7ec3d6ba003509bc8d125ddbf93ddf51cfac,SP reward for iETH,12 October 2023,544393,10-01-2024 21:45,12-10-2023 23:00
9921,442,8bb9c1842b5df8a44359e65982adb4d2a7d0cb745a2b8488592e3d9f,SP reward for iETH,12 October 2023,13148,10-01-2024 21:45,12-10-2023 23:00
9922,442,dfe5d2289b230fb69bdf502d43ec466d44b6742ea21e967ed674bdc9,SP reward for iETH,12 October 2023,660255,10-01-2024 21:45,12-10-2023 23:00
9923,442,9bf780683ee09b92d00a465c519ef7febf74a26e6ff45fd9af96e496,SP reward for iETH,12 October 2023,128347,10-01-2024 21:45,12-10-2023 23:00
9924,442,514ec5e427280c6bca6a0d79dea12bc793673a7241ba8f6f982a542e,SP reward for iETH,12 October 2023,85784,10-01-2024 21:45,12-10-2023 23:00
9925,442,e6f174b44628064bfdc62cdf2be63c50b2cd68625efe6847f5fdbf83,SP reward for iETH,12 October 2023,128639,10-01-2024 21:45,12-10-2023 23:00
9926,442,8425e1110917c188382ff1e28f3e11c6310ca3c1ee09b4b4bcc41bc1,SP reward for iETH,12 October 2023,18949,10-01-2024 21:45,12-10-2023 23:00
9927,442,7d1641812bc78ee852ab754207dc818d1eaa658986d48e6890f08bb9,SP reward for iETH,12 October 2023,185428,10-01-2024 21:45,12-10-2023 23:00
9928,442,e435792ece3754f9a940629ec319e62c108f06fedc90da30504b776f,SP reward for iETH,12 October 2023,93871,10-01-2024 21:45,12-10-2023 23:00
9929,442,e31737eff954647c3cfb076fc5ec72a889d3d7b27a875fdf2fd1b379,SP reward for iETH,12 October 2023,1,10-01-2024 21:45,12-10-2023 23:00
9930,442,e4833eff5469ddeeaf0fbd065ad976676be56e8cd67c04526d51c495,SP reward for iETH,12 October 2023,100656,10-01-2024 21:45,12-10-2023 23:00
9931,442,778f07f22a2e44147376960b871a2bf9382ec1a50ae2c4b2086a8436,SP reward for iETH,12 October 2023,493416,10-01-2024 21:45,12-10-2023 23:00
9932,442,e4a3572c85228edfa7ee4d015fa55fd6c93d181597f86859aaabca91,SP reward for iETH,12 October 2023,155756,10-01-2024 21:45,12-10-2023 23:00
9933,442,63b3889ebf65aba913b3ca44031d7b2c59b04b0727c3f2e67d52d034,SP reward for iETH,12 October 2023,691,10-01-2024 21:45,12-10-2023 23:00
9934,442,34c3340d91bf6565f8b26b14e5dc37c6f89d62bc748b78de164115da,SP reward for iETH,12 October 2023,10373,10-01-2024 21:45,12-10-2023 23:00
9935,442,895dbda6ce8ae6e05cb8936861ffdc934ef3f8b289ecbaf06f20da59,SP reward for iETH,12 October 2023,190920,10-01-2024 21:45,12-10-2023 23:00
9936,442,e1dabf1e8691c018fda047487415acf4ed06b874cc7e2bb639dd1845,SP reward for iETH,12 October 2023,4748,10-01-2024 21:45,12-10-2023 23:00
9937,442,63d62b85ce675ee25e9e0da4c846d9843afc136a494b52ccdc2e48e2,SP reward for iETH,12 October 2023,48,10-01-2024 21:45,12-10-2023 23:00
9938,442,a6dbba290877e35a99d112108edf8c59364f9d06d0de28484b88d592,SP reward for iETH,12 October 2023,5396,10-01-2024 21:45,12-10-2023 23:00
9939,442,006a690654880fd995ebad7a4e4dd8f215be0784cd96ec4e5ebf1226,SP reward for iETH,12 October 2023,651458,10-01-2024 21:45,12-10-2023 23:00
9940,442,d20a972f5bddebc47975b4d78f5a5ea7113b8311a84623fe58891b45,SP reward for iETH,12 October 2023,26957,10-01-2024 21:45,12-10-2023 23:00
9941,442,3c1e2cfc33728127b806c2679ecccabd2c3602a7fe754228f122f754,SP reward for iETH,12 October 2023,1098328,10-01-2024 21:45,12-10-2023 23:00
9942,442,23d5170dffbfa8d5cf6534cd1c06d52d6d2e8819b7914995fa9a94f4,SP reward for iETH,12 October 2023,13332,10-01-2024 21:45,12-10-2023 23:00
9943,442,5310a7c00c573d9400459ad061211250ce8c164a1b657d952003f32e,SP reward for iETH,12 October 2023,254672,10-01-2024 21:45,12-10-2023 23:00
9944,442,3e2a4fefddafa38436d4c55f1c52cbca11c3c2aef0e94f37ff5be620,SP reward for iETH,12 October 2023,129035,10-01-2024 21:45,12-10-2023 23:00
9945,442,b17a9e6267af6b03c1d5b6ed9d2ffd82052fe72f052d434082cfc7dc,SP reward for iETH,12 October 2023,40657,10-01-2024 21:45,12-10-2023 23:00
9946,442,4dab7e1283403bdbdee27b8d4162fc41974ebae2f54d41bd5a01a045,SP reward for iETH,12 October 2023,12481,10-01-2024 21:45,12-10-2023 23:00
9947,442,cc61886cd84b2810e7509648dbac8024a15547b5253af083842d07d3,SP reward for iETH,12 October 2023,121886,10-01-2024 21:45,12-10-2023 23:00
9948,442,b6cdf3c4560e284a5d05fdc1e919565e5e3b6bd51640855b450ccb41,SP reward for iETH,12 October 2023,3812614,10-01-2024 21:45,12-10-2023 23:00
9949,442,23b41dab65f698716d09448d4c399e10d2f66ba2fb6433671643c280,SP reward for iETH,12 October 2023,149003,10-01-2024 21:45,12-10-2023 23:00
9950,442,42a9b7449b9ba23da79cfc754f2172d52b9a8a550e0e7b6eeda08f77,SP reward for iETH,12 October 2023,131,10-01-2024 21:45,12-10-2023 23:00
9951,442,7088f3152f3ae927521b83c3e469bab8107621572660984ac0a5fd16,SP reward for iETH,12 October 2023,150832,10-01-2024 21:45,12-10-2023 23:00
9952,442,a9928569964125814eb08c5a930fd78bf8199b39812c2a87abe879ab,SP reward for iETH,12 October 2023,56771,10-01-2024 21:45,12-10-2023 23:00
9953,442,f357aeab5d6038af73b7ce783bf505ecb9ff382a18e2b211b18a513a,SP reward for iETH,12 October 2023,3832,10-01-2024 21:45,12-10-2023 23:00
9954,442,374b46ff0fc4f269f31c99a12c82159a58207c3e686c437d57dad408,SP reward for iETH,12 October 2023,640442,10-01-2024 21:45,12-10-2023 23:00
9955,442,d203a585d517315ef60b563878acfd72bd9ba9bd458d8c432ba53f7f,SP reward for iETH,12 October 2023,38689,10-01-2024 21:45,12-10-2023 23:00
9956,442,581aabebb65db4e67ca6a39e7a1770f1e6c03db11aa0e257888f1c15,SP reward for iETH,12 October 2023,719466,10-01-2024 21:45,12-10-2023 23:00
9957,442,cf59324e35572473a1c164ace3b16a04c1893f82aae9557abe429d89,SP reward for iETH,12 October 2023,212499,10-01-2024 21:45,12-10-2023 23:00
9958,442,5dbde133f26c4c4d49266229d6414d8496450a0322832c6e4219cb4b,SP reward for iETH,12 October 2023,68137,10-01-2024 21:45,12-10-2023 23:00
9959,442,d74a6efc13c28b96e80fa23036353ec62897443d0ee58a7cae63cb0b,SP reward for iETH,12 October 2023,107210,10-01-2024 21:45,12-10-2023 23:00
9960,442,53eb9c7601e433f0659a74479e98400d203af061f135354f43e0dad4,SP reward for iETH,12 October 2023,36878,10-01-2024 21:45,12-10-2023 23:00
9961,442,b215ba39568ae7a0d55515f874d117697db493f66f20999e88b36433,SP reward for iETH,12 October 2023,29133,10-01-2024 21:45,12-10-2023 23:00
9962,442,e78c4eb4ec3e852b78f8540a7ff65767451cbf7601c4e6a9c4c97d52,SP reward for iETH,12 October 2023,307236,10-01-2024 21:45,12-10-2023 23:00
9963,442,ea79af332a33e08d0180ace4940a4bba5e9040ea76bf0f8a884279cd,SP reward for iETH,12 October 2023,19903,10-01-2024 21:45,12-10-2023 23:00
9964,442,37659fd936489ba08c0f7122f30d034594d20804392ba14cd2a6d362,SP reward for iETH,12 October 2023,4533,10-01-2024 21:45,12-10-2023 23:00
9965,442,1d873b8c37d35e5e322736d5194df4efbcec93bd3e87090998185a10,SP reward for iETH,12 October 2023,97082,10-01-2024 21:45,12-10-2023 23:00
9966,442,8c738aba609903d995a789c5cde7e59510858da191c3fca173d8ecc8,SP reward for iETH,12 October 2023,21049,10-01-2024 21:45,12-10-2023 23:00
9967,442,6c348312a0608ec6032c6b58e8570d4eb54a6792e95185b661ecd19e,SP reward for iETH,12 October 2023,124528,10-01-2024 21:45,12-10-2023 23:00
9968,442,860fe50b46f99f50253e4c88bf0c80c30c05b2047f3f9925b575092f,SP reward for iETH,12 October 2023,1097651,10-01-2024 21:45,12-10-2023 23:00
9969,442,5704ede877045beaaf499cf2a9a7f73b1aec49880230fdbd61512f0e,SP reward for iETH,12 October 2023,31,10-01-2024 21:45,12-10-2023 23:00
9970,442,3a5c536f4deb9d98ff6e72f3ee92266964b9312d00e6230e33c218b4,SP reward for iETH,12 October 2023,24942,10-01-2024 21:45,12-10-2023 23:00
9971,442,57d6070983700de5c4501c698bc410cca90c4ae813ac758cc239be46,SP reward for iETH,12 October 2023,148030,10-01-2024 21:45,12-10-2023 23:00
9972,442,525701de611d44593620f664b0abc5ec17b8223153ec1e918f560efe,SP reward for iETH,12 October 2023,121447,10-01-2024 21:45,12-10-2023 23:00
9973,442,31eec5d71937555a28119e20dadcbe20b67b367b2f31f21957466444,SP reward for iETH,12 October 2023,228259,10-01-2024 21:45,12-10-2023 23:00
9974,442,e6fdaba56d087a16a9d4cd4a298d537bb25843159bbe8c9dfcfa3530,SP reward for iETH,12 October 2023,102121,10-01-2024 21:45,12-10-2023 23:00
9975,442,58c052676fe5b1cd52fda1ba62bbdabef2b3f261258e1fcfaa4df833,SP reward for iETH,12 October 2023,450706,10-01-2024 21:45,12-10-2023 23:00
9976,442,244ef5c19b4209da7df61d1f9a41ca599cf12610aed0f9457dbc7353,SP reward for iETH,12 October 2023,204079,10-01-2024 21:45,12-10-2023 23:00
9977,442,010983eec9ff8e0cdb301b705d958ae67ca9335fc4a19fe8701c7191,SP reward for iETH,12 October 2023,118000,10-01-2024 21:45,12-10-2023 23:00
9978,442,b82989f36f9471ddeb5cb48abfc4b3db92692b938d9adb90b2f52437,SP reward for iETH,12 October 2023,787219,10-01-2024 21:45,12-10-2023 23:00
9979,442,86be47e3f02ade0055290f56554a21cd9f6d9e3f037b34301a28890c,SP reward for iETH,12 October 2023,634934,10-01-2024 21:45,12-10-2023 23:00
9980,442,264b74cef0d10e378ac83a2b2cf399d17b45e2b6b3664b69c8019fcf,SP reward for iETH,12 October 2023,2142593,10-01-2024 21:45,12-10-2023 23:00
9981,442,39b1d4be2a009b5add1835ff88e27d53352d43cba2df661d22c9943f,SP reward for iETH,12 October 2023,167158,10-01-2024 21:45,12-10-2023 23:00
9982,442,fbffa3ca1aa8b1911628181e1757f2976c4981da8ce4a1cd62cde4f0,SP reward for iETH,12 October 2023,82709,10-01-2024 21:45,12-10-2023 23:00
9983,442,bb32c423f9a82af12f10a7ddfbb3e06a6160ad5b75827a14c2975eb5,SP reward for iETH,12 October 2023,139145,10-01-2024 21:45,12-10-2023 23:00
9984,442,092b7b9ae9bfed9f25757ce431f885b079ba820ec102294ec9f18c5b,SP reward for iETH,12 October 2023,64205,10-01-2024 21:45,12-10-2023 23:00
9985,442,6c2c506ec04e624743404ae1688a4fc6f668de7ac6990612e26246d0,SP reward for iETH,12 October 2023,13749,10-01-2024 21:45,12-10-2023 23:00
9986,442,7c287d80b89068e3f0e5ad9cdcfccd67e264e10c7bac1f1c50b4b4ce,SP reward for iETH,12 October 2023,59074,10-01-2024 21:45,12-10-2023 23:00
9987,442,21c654305eb324675f59e619a6c6af7de11871079f4b86280654f096,SP reward for iETH,12 October 2023,16134,10-01-2024 21:45,12-10-2023 23:00
9988,442,31b4236f1e3ca2c5ec1844abf72660d6da46e7573291459ca84984e4,SP reward for iETH,12 October 2023,811935,10-01-2024 21:45,12-10-2023 23:00
9989,442,632a6535602ee5ead53e56f5fbf567840543bd145e9a3769479898d5,SP reward for iETH,12 October 2023,207268,10-01-2024 21:45,12-10-2023 23:00
9990,442,264b3be253f8b7ded1b7c01a483256379777df963ce59e49167e95d4,SP reward for iETH,12 October 2023,143213,10-01-2024 21:45,12-10-2023 23:00
9991,442,0b9406a4cc6048882b8fd51266f4be903cdb725e354949f8f4b8729b,SP reward for iETH,12 October 2023,150886,10-01-2024 21:45,12-10-2023 23:00
9992,442,6a22c66b1ac47584e99999b61de170878547bb5a6b87946a6f1e018e,SP reward for iETH,12 October 2023,72370,10-01-2024 21:45,12-10-2023 23:00
9993,442,a65059f2283e5ff29d0c818cba02d9f700fc7c3e891c324bdfd5d1ca,SP reward for iETH,12 October 2023,96323,10-01-2024 21:45,12-10-2023 23:00
9994,442,e367111803d9720ed53b7127da78ed0a9317a8b7188c71fa947fb5cb,SP reward for iETH,12 October 2023,28525,10-01-2024 21:45,12-10-2023 23:00
9995,442,927fc7c9604b1b86803b1e6c79b229cbba70ff722d91214cfc33d8f4,SP reward for iETH,12 October 2023,264277,10-01-2024 21:45,12-10-2023 23:00
9996,442,9c8cc3ac2810e440ae1d0d41c4d7cbf79b860b5f315f8d4ed8350d81,SP reward for iETH,12 October 2023,204617,10-01-2024 21:45,12-10-2023 23:00
9997,442,ebcc3b31dea33abd57fc84f6d81697adf063aa7a6114e07f76ea4594,SP reward for iETH,12 October 2023,49968,10-01-2024 21:45,12-10-2023 23:00
9998,442,1c348c0ee2a2c36691e877a0058da0def13243399ab568db8db5825c,SP reward for iETH,12 October 2023,31394,10-01-2024 21:45,12-10-2023 23:00
9999,442,85dccd823a8eda33c9f680bb5dd7c09479fae10c95732a968f39ddad,SP reward for iETH,12 October 2023,240163,10-01-2024 21:45,12-10-2023 23:00
10000,442,c1cd747fe18cf8260a8115694c82c458f6facfafd5a382447a2a3e03,SP reward for iETH,12 October 2023,79369,10-01-2024 21:45,12-10-2023 23:00
10001,442,659c684b55fbaeac93ace9f4568e4815d01e094b823be7a04d3552f5,SP reward for iETH,12 October 2023,382273,10-01-2024 21:45,12-10-2023 23:00
10002,442,5549e47cc751bd3ea39c302038ed15de03593797992f85d62ec3588b,SP reward for iETH,12 October 2023,3209,10-01-2024 21:45,12-10-2023 23:00
10003,442,eb4632e83ff3219e6198dfda1fda37ffe0006dc4673dca0adebed6f0,SP reward for iETH,12 October 2023,26896,10-01-2024 21:45,12-10-2023 23:00
10004,442,742e13aeb9130597e75cb1e4201368884b223a027760b1614ddcd514,SP reward for iETH,12 October 2023,29171,10-01-2024 21:45,12-10-2023 23:00
10005,442,69db3ddacd4bd728026a19f9e8be6d41771d6cfb8cc1706798b3ad1b,SP reward for iETH,12 October 2023,63541,10-01-2024 21:45,12-10-2023 23:00
10006,442,ff7146ab3d288749871f4cf95b6d586203facd0bbf2cedebd34470e3,SP reward for iETH,12 October 2023,462227,10-01-2024 21:45,12-10-2023 23:00
10007,442,f09508247e043a250758c76b5ccb0e00df48f5caa7d61518dcb96707,SP reward for iETH,12 October 2023,50053,10-01-2024 21:45,12-10-2023 23:00
10008,442,dbf5237efea8d4014dd9dd124d0c1f8798e92e1e2016cf670eaf1424,SP reward for iETH,12 October 2023,46988,10-01-2024 21:45,12-10-2023 23:00
10009,442,bf80faca49b6c4b820d11fd8028343afde02b4e9cfeded543c4650b9,SP reward for iETH,12 October 2023,24937,10-01-2024 21:45,12-10-2023 23:00
10010,442,57e353299dc689c7b021c9252c7d0650f362b3877a2e659340efc70a,SP reward for iETH,12 October 2023,63915,10-01-2024 21:45,12-10-2023 23:00
10011,442,83ab60a79224a24403fce6b98eda271efbf2a363d5a1475a4ede6307,SP reward for iETH,12 October 2023,56753,10-01-2024 21:45,12-10-2023 23:00
10012,442,ba9cdccfb43c0bb8236d5819a7086f1093d0c0a4d6b631ea5eed67bc,SP reward for iETH,12 October 2023,2095851,10-01-2024 21:45,12-10-2023 23:00
10013,442,dddc26bc5c16b1fdccc13e72abfc5bbab373d7ceb98132fe51b39e33,SP reward for iETH,12 October 2023,768811,10-01-2024 21:45,12-10-2023 23:00
10014,442,add22687547b52ee682e6d576776af097ef9374ecce09681b9b43715,SP reward for iETH,12 October 2023,186205,10-01-2024 21:45,12-10-2023 23:00
10015,442,e9b900a8a8988098763b2e5d3a9cd9bac932d2958a6c3b811b79e175,SP reward for iETH,12 October 2023,148558,10-01-2024 21:45,12-10-2023 23:00
10016,442,257054d58a607073e56032f3af44c34c4da9c3c80ffcb6155bc26122,SP reward for iETH,12 October 2023,252378,10-01-2024 21:45,12-10-2023 23:00
10017,442,c432ddfda57b0a0a80baf5c74d4950c6a6a42c9e690b10d3632ac164,SP reward for iETH,12 October 2023,147292,10-01-2024 21:45,12-10-2023 23:00
10018,442,6f47cbf71699a17dff2d3039f2dd0eb49adccb6b7ea8c245d9fb8952,SP reward for iETH,12 October 2023,437558,10-01-2024 21:45,12-10-2023 23:00
10019,442,ee0d3f0402347e81228151903cf5249eb6303bf0e78b4f488263db90,SP reward for iETH,12 October 2023,919416,10-01-2024 21:45,12-10-2023 23:00
10020,442,b2d0834973ca3f26aee1f012c1b4f03cc0dcd96a5e299c62beb86237,SP reward for iETH,12 October 2023,474,10-01-2024 21:45,12-10-2023 23:00
10021,442,ecf6df3e564fb3214117ff1ba3fb4532e6d1f2fb80c0015027b291b8,SP reward for iETH,12 October 2023,105267,10-01-2024 21:45,12-10-2023 23:00
10022,442,7c5378fa54feb8a83d9a2a241503e07eee3876d90931e1953788c3e4,SP reward for iETH,12 October 2023,670887,10-01-2024 21:45,12-10-2023 23:00
10023,442,ecf1cb14a49abe481c4930be126426df3a7468257a129575cd49b41b,SP reward for iETH,12 October 2023,981140,10-01-2024 21:45,12-10-2023 23:00
10024,442,338f6ad73e0886541751486f71ceb084279c1ef0babe1ca9a2d58687,SP reward for iETH,12 October 2023,232684,10-01-2024 21:45,12-10-2023 23:00
10025,442,1ff8ec747a4655f4f3abfe66233fb0343954025143e9134ca779640d,SP reward for iETH,12 October 2023,12466032,10-01-2024 21:45,12-10-2023 23:00
10026,442,0e37ff2bfb32da6cd23995d8683ba2c62b0752390ea6795fae443de3,SP reward for iETH,12 October 2023,477064,10-01-2024 21:45,12-10-2023 23:00
10027,442,5c9d73b5373d44bae79f327e1f81752bf8444bf4c6b0be27f179d2e2,SP reward for iETH,12 October 2023,457778,10-01-2024 21:45,12-10-2023 23:00
10028,442,37d0d7bacd94e0c31b8a3a88a5b9e075dc47a7c11720e9806eed4ecc,SP reward for iETH,12 October 2023,1551748,10-01-2024 21:45,12-10-2023 23:00
10029,442,5a3d4f39ee17e2b67b6dd93ba71379a098b16f5f1839a069ce9533f4,SP reward for iETH,12 October 2023,65884,10-01-2024 21:45,12-10-2023 23:00
10030,442,ee8e915802b5f642b6f4d4d30ce94976a6efc51f145c980d9d376034,SP reward for iETH,12 October 2023,20420,10-01-2024 21:45,12-10-2023 23:00
10031,442,a6275c87fe29638ec63e529f7ccbc3f29b77d181cee3bb24945a9fe0,SP reward for iETH,12 October 2023,67033,10-01-2024 21:45,12-10-2023 23:00
10032,442,b10c7dd14700813748087d6fbfd03a8c3b83f6cb191743f5e35f7d84,SP reward for iETH,12 October 2023,956836,10-01-2024 21:45,12-10-2023 23:00
10033,442,c835248f41cb65303bec60d767f0299ea458a19c8c04beb125513487,SP reward for iETH,12 October 2023,330566,10-01-2024 21:45,12-10-2023 23:00
10034,442,eca93e97120204b13cf0fa6a0f87e37c39503bfaa2872a01944f02b8,SP reward for iETH,12 October 2023,96933,10-01-2024 21:45,12-10-2023 23:00
10035,442,80b0277609005bb84688ef825eab5e624478c3737efddc04d222c278,SP reward for iETH,12 October 2023,214672,10-01-2024 21:45,12-10-2023 23:00
10036,442,17847aaa1e8f5041d5591347a6337e9992eb0f565f725cf43191558a,SP reward for iETH,12 October 2023,2062077,10-01-2024 21:45,12-10-2023 23:00
10037,442,eec262031b5b78bd61e1f5aaeb37110ab6599407ab82682ad1798d21,SP reward for iETH,12 October 2023,143787,10-01-2024 21:45,12-10-2023 23:00
10038,442,d293f90ea2fd8c346edc313e42d1d8e3e739282dca078926377f6e1d,SP reward for iETH,12 October 2023,88319,10-01-2024 21:45,12-10-2023 23:00
10039,442,09575db3a66d29e820a464f9a5784aa42e3efd96396413c15d5a1160,SP reward for iETH,12 October 2023,44020,10-01-2024 21:45,12-10-2023 23:00
10040,442,8ede185c7701ad49c0e4a8e8551d273ff717922d2487f54fac34fa6d,SP reward for iETH,12 October 2023,235852,10-01-2024 21:45,12-10-2023 23:00
10041,442,b1896ed05f89dc37f90008cbdd3d7aae51e2304a8bb9fa170803290a,SP reward for iETH,12 October 2023,3088757,10-01-2024 21:45,12-10-2023 23:00
10042,442,623f00f49ed872b8fde76a4d5520f4ff63e50dec00b938701fe2aedd,SP reward for iETH,12 October 2023,47524,10-01-2024 21:45,12-10-2023 23:00
10043,442,4d8a42fbaca129837c77497e86ce3b3eef159f90e4f3f12030e9332f,SP reward for iETH,12 October 2023,105401,10-01-2024 21:45,12-10-2023 23:00
10044,442,5cbf5f0ea9260bb305078b3bbfdca41a598d232d74c9a30db243ab67,SP reward for iETH,12 October 2023,753067,10-01-2024 21:45,12-10-2023 23:00
10045,442,f791a456607c1532c6f056c09bcbdac59fa54e26c62f1304f288c948,SP reward for iETH,12 October 2023,438418,10-01-2024 21:45,12-10-2023 23:00
10046,442,53f44f9ec55dbd78c92531c00f666fb9ebae3415bb2d2f064516a1c2,SP reward for iETH,12 October 2023,12267,10-01-2024 21:45,12-10-2023 23:00
10047,442,862f5ad26068a3da287a54bc2fab1c19a99a48c81939d34870be1b85,SP reward for iETH,12 October 2023,51955,10-01-2024 21:45,12-10-2023 23:00
10048,442,cf160c79e4395e9b17de9ff8fa6d78e9ade6fee1e7080e0c00152e3e,SP reward for iETH,12 October 2023,79917,10-01-2024 21:45,12-10-2023 23:00
10049,442,fc2570c6c03402569141305d77268cb1d15304441a142d76a4ac2814,SP reward for iETH,12 October 2023,165147,10-01-2024 21:45,12-10-2023 23:00
10050,442,17e6192c507aa42939888c9354ab8ad76b387cdd923668c0999a198b,SP reward for iETH,12 October 2023,4663,10-01-2024 21:45,12-10-2023 23:00
10051,442,026a986627de817bcb642714112306ad7b7fec5c593af507676d3835,SP reward for iETH,12 October 2023,5966,10-01-2024 21:45,12-10-2023 23:00
10052,442,fd12aeae1a8e6873b5c4a638cb4d848792b9f401520d27ecd3c3a4b0,SP reward for iETH,12 October 2023,41699,10-01-2024 21:45,12-10-2023 23:00
10053,442,e8efeaa8e932f8ad63d3ec8f75f68926e93f66ffc1fc602e3b28bfa4,SP reward for iETH,12 October 2023,3717400,10-01-2024 21:45,12-10-2023 23:00
10054,442,f7315c71937b8ee2b38ba0cabbb3d24b34186c415cb1a75e1f383666,SP reward for iETH,12 October 2023,46956,10-01-2024 21:45,12-10-2023 23:00
10055,442,8fd1c10f23d010cb70527dfa179041722d39ecbb73a759bc2b88639c,SP reward for iETH,12 October 2023,228332,10-01-2024 21:45,12-10-2023 23:00
10056,442,31735ce88157a4b959f5e404f69aa0a7ff6b9bd0cc3f28d39943e3d7,SP reward for iETH,12 October 2023,104677,10-01-2024 21:45,12-10-2023 23:00
10057,442,d7346fcd395de69e62f4a2bafbc32af393ceecb3287b0ff4442ff36e,SP reward for iETH,12 October 2023,398092,10-01-2024 21:45,12-10-2023 23:00
10058,442,c464a820786db2b4f6292f2d7d300f6e4c5a27921ad23b4d5a9fea1d,SP reward for iETH,12 October 2023,292367,10-01-2024 21:45,12-10-2023 23:00
10059,442,9ea99f6560c2e636e90f5e02b7d73b4ad950dde2177c8e80fd2dafb0,SP reward for iETH,12 October 2023,83902,10-01-2024 21:45,12-10-2023 23:00
10060,442,a3ad69669ecee78b25f6b796d095ca691912481c72cc3ff42ee41ed1,SP reward for iETH,12 October 2023,59233,10-01-2024 21:45,12-10-2023 23:00
10061,442,d0ae4c6f8a0fcdc9cb13e25df039545245b8950ba8820a0adc772a14,SP reward for iETH,12 October 2023,818495,10-01-2024 21:45,12-10-2023 23:00
10062,442,55cf69df3e09e88978a5396efa57fb076d25f9089229a52baac18e5d,SP reward for iETH,12 October 2023,51628,10-01-2024 21:45,12-10-2023 23:00
10063,442,772e948ec345913bb1f86e295f4ff0d3b1f70e1b4ebca5831c6532a9,SP reward for iETH,12 October 2023,14060,10-01-2024 21:45,12-10-2023 23:00
10064,442,775ef1ace4264239a1f7713dfcf2509b35664a69ff58631d9ca7b43d,SP reward for iETH,12 October 2023,124067,10-01-2024 21:45,12-10-2023 23:00
10065,442,437ab86f735097bbe07e92f1ae1b125249806ad8649e3a011db36a2d,SP reward for iETH,12 October 2023,34314,10-01-2024 21:45,12-10-2023 23:00
10066,442,4effa125f9fc4cf7456e397b1a9ac44add9301b8d959e488a8fa1e86,SP reward for iETH,12 October 2023,25374,10-01-2024 21:45,12-10-2023 23:00
10067,442,f04e3a2f427f303624958a861d18f657e307e65da73922e8d823d573,SP reward for iETH,12 October 2023,135898,10-01-2024 21:45,12-10-2023 23:00
10068,442,c51068d78a400985cd0b359e59d17ad32344e3c82dbb911033e92cdf,SP reward for iETH,12 October 2023,2268432,10-01-2024 21:45,12-10-2023 23:00
10069,442,2dbce9a05ff3ecdedbaf202ea14e89a4396560be74f4f5748aa289f6,SP reward for iETH,12 October 2023,2173276,10-01-2024 21:45,12-10-2023 23:00
10070,442,b7ecb676a1826b060ca7fe03135cbb0caf03c02bbb36f2ee9392f822,SP reward for iETH,12 October 2023,1664036,10-01-2024 21:45,12-10-2023 23:00
10071,442,ec39d10b072cdc5297cdf1683465556b81d641cdd07fad63ae4fcdd0,SP reward for iETH,12 October 2023,107620,10-01-2024 21:45,12-10-2023 23:00
10072,442,9e56b28c6ebeb632b7144c800618f085d67742c165f03ed5626a56a4,SP reward for iETH,12 October 2023,7751290,10-01-2024 21:45,12-10-2023 23:00
10073,442,ad4777b70337d0ced4b52aaa6bacb63de8b472344b8f00f330bd09a1,SP reward for iETH,12 October 2023,46587,10-01-2024 21:45,12-10-2023 23:00
10074,442,6f55a9d74db68134d952107df81bfffdec92fed808885f29e3ab39b1,SP reward for iETH,12 October 2023,28020,10-01-2024 21:45,12-10-2023 23:00
10075,442,9e888b8b96c8adc83588187764673c7e357b0c3b404072c997389f74,SP reward for iETH,12 October 2023,69667,10-01-2024 21:45,12-10-2023 23:00
10076,442,ace43bacbaaf8c652192a6b790f353ca7553a105d99419638d1544fa,SP reward for iETH,12 October 2023,110437,10-01-2024 21:45,12-10-2023 23:00
10077,442,08918c42b18ddf44a0916525988f5b94ee9520a3010ece764b39399b,SP reward for iETH,12 October 2023,857619,10-01-2024 21:45,12-10-2023 23:00
10078,442,f6d8c4c39a8c57fbdaabfd6243784c0d6cb36c8b3fc41d01387c5432,SP reward for iETH,12 October 2023,889936,10-01-2024 21:45,12-10-2023 23:00
10079,442,c2caa3f52fdfe4424d8aab68f691aa1617988acdb86a37b2850795ac,SP reward for iETH,12 October 2023,256931,10-01-2024 21:45,12-10-2023 23:00
10080,442,064bdec62473f25d5eb0cb4e051a3bfb6fd889f02e86c496539846b0,SP reward for iETH,12 October 2023,108823,10-01-2024 21:45,12-10-2023 23:00
10081,442,794343926a43d13d72892383b093678fa0602c5ad6338620eb7c302c,SP reward for iETH,12 October 2023,23965,10-01-2024 21:45,12-10-2023 23:00
10082,442,cb2b4570726c6675a37c6a6a64b482eb461e2b5b1a75359d4ae3a8d1,SP reward for iETH,12 October 2023,8607,10-01-2024 21:45,12-10-2023 23:00
10083,442,92fd4c1482e065ef6db70c0b78d37262354356a3d67d81aac22ebee3,SP reward for iETH,12 October 2023,5467865,10-01-2024 21:45,12-10-2023 23:00
10084,442,9e62f5685e9d1397fa74526b92e01ec062c6f07a6d2b95500728a976,SP reward for iETH,12 October 2023,5661480,10-01-2024 21:45,12-10-2023 23:00
10085,442,78cd8a0a3b2bd1b5d1a85f348849349a8d180b3bc180c9f5ea34c726,SP reward for iETH,12 October 2023,2269183,10-01-2024 21:45,12-10-2023 23:00
10086,442,0d54066357cf1b893f76d88adc3586fc28aa526ab3ac30db74147a50,SP reward for iETH,12 October 2023,165085,10-01-2024 21:45,12-10-2023 23:00
10087,442,ceabd75a3b23cc400a3f7f13e9d00f168902b95910ebc86298a774b6,SP reward for iETH,12 October 2023,5097029,10-01-2024 21:45,12-10-2023 23:00
10088,442,878c6006173f9d113f53ba6169317039743808f62e25f539418ba4af,SP reward for iETH,12 October 2023,2859145,10-01-2024 21:45,12-10-2023 23:00
10089,442,5ba4f7eb27d46622d4728a365e4e78b349d96c40cb8e6b17b32814ad,SP reward for iETH,12 October 2023,27031,10-01-2024 21:45,12-10-2023 23:00
10090,442,a2b3fc71aa466e489bef35c30ca8b4a9388f701ab0cd73c9c81a5409,SP reward for iETH,12 October 2023,75451,10-01-2024 21:45,12-10-2023 23:00
10091,442,d054a3e88aa7d909469f67c6bbaeab11aa87316f08c1eed2b6c2aed3,SP reward for iETH,12 October 2023,236561,10-01-2024 21:45,12-10-2023 23:00
10092,442,50c932f2307b366df7e0d4c2a462a0cced8ff0bfb46c565d79b69858,SP reward for iETH,12 October 2023,508264,10-01-2024 21:45,12-10-2023 23:00
10093,442,a7f36591a463373640ffdb7ecb6222b65e7a6f28944e6d30b5764499,SP reward for iETH,12 October 2023,322694,10-01-2024 21:45,12-10-2023 23:00
10094,442,bf97ad99b5269c15e3726290f95f0fc0ec8dbada31183778548d9da0,SP reward for iETH,12 October 2023,18607701,10-01-2024 21:45,12-10-2023 23:00
10095,442,00023775abacb7c31af161e5d0faebd84067299748396171df0a4143,SP reward for iETH,12 October 2023,354656,10-01-2024 21:45,12-10-2023 23:00
10096,442,c6aef9c4dd86f4d87ee64da60a47365ddefcce6afe4f81ab201dcd59,SP reward for iETH,12 October 2023,58113,10-01-2024 21:45,12-10-2023 23:00
10097,442,134772ad86746619dd39c1bcfd82c5cbec2872f3fbbae1c289e2c7c4,SP reward for iETH,12 October 2023,443,10-01-2024 21:45,12-10-2023 23:00
10098,442,1227be2193b0f03f9ced11395f01fec9baab09491e545787377e5787,SP reward for iETH,12 October 2023,653683,10-01-2024 21:45,12-10-2023 23:00
10099,442,2e5a4c00de5e5ae25ec3d16e50b1da6b651d07ba33d3af5358becf71,SP reward for iETH,12 October 2023,151465,10-01-2024 21:45,12-10-2023 23:00
10100,442,6dfa5c283d15c82b85b918c5480a6abf540d11f8ba50bdd65af11b86,SP reward for iETH,12 October 2023,29133,10-01-2024 21:45,12-10-2023 23:00
10101,442,f1d39751c36b29e842f06a1166cf58e421047fe58c7d91c93e456e53,SP reward for iETH,12 October 2023,141237,10-01-2024 21:45,12-10-2023 23:00
10102,442,6584bcf113af500d0a3da31cf71613891b5ec591bf920e03518cd20a,SP reward for iETH,12 October 2023,737806,10-01-2024 21:45,12-10-2023 23:00
10103,442,a1c6c16a77941b70641de99c94eb9c167da9da22267a137f2adef062,SP reward for iETH,12 October 2023,6013749,10-01-2024 21:45,12-10-2023 23:00
10104,442,a74340a486e8463d7574049adacae6920b126c6776c41ff1fb0ed2ce,SP reward for iETH,12 October 2023,29662,10-01-2024 21:45,12-10-2023 23:00
10105,442,a55a7da0a1aa1b661de849ac383a2be9c3eded37d04cbe728403f2d4,SP reward for iETH,12 October 2023,662527,10-01-2024 21:45,12-10-2023 23:00
10106,442,eb1b8ad62c7f3ea5e90a78719edc152e38ce63b8e928e1902f7d1468,SP reward for iETH,12 October 2023,2934921,10-01-2024 21:45,12-10-2023 23:00
10107,442,037e28af67f2f46508f4f97a151f1b693cfd758194d7f9c9e07794f7,SP reward for iETH,12 October 2023,495864,10-01-2024 21:45,12-10-2023 23:00
10108,442,5cdd7f4959486306226ebcf1e43d45d7bfe2c4acd7ebafaf2c647248,SP reward for iETH,12 October 2023,993813,10-01-2024 21:45,12-10-2023 23:00
10109,442,161478c8f8376606bcc5ae29a3d3c4efe4a06ae5009285f447daa51f,SP reward for iETH,12 October 2023,388534,10-01-2024 21:45,12-10-2023 23:00
10110,442,a4ae6b7d6fde02966811a441c04d72af1ad8a1bafd8684192c5c99f7,SP reward for iETH,12 October 2023,17666,10-01-2024 21:45,12-10-2023 23:00
10111,442,0b6d4094acb71999783c5f632377b48f9df9fc9e2d90e0fda2fdbdec,SP reward for iETH,12 October 2023,889193,10-01-2024 21:45,12-10-2023 23:00
10112,442,9442130f8971114afb57ca22fc0c8bbf9cdd009faba8c714a571d88a,SP reward for iETH,12 October 2023,57081,10-01-2024 21:45,12-10-2023 23:00
10113,442,e8aa119715131d1dc98e1703729210cc98b1883773fefc5177cbfdb9,SP reward for iETH,12 October 2023,205022,10-01-2024 21:45,12-10-2023 23:00
10114,442,6077abce350b8d0846071ae22ba796d4996a063e4980982a12b7d513,SP reward for iETH,12 October 2023,28447,10-01-2024 21:45,12-10-2023 23:00
10115,442,a6ba497ed8d5a03dc779c890dc17d9c5f688a9c8c197597290bb4e14,SP reward for iETH,12 October 2023,224371,10-01-2024 21:45,12-10-2023 23:00
10116,442,d3343c6168437902b403e99ae1f62fade8dc0a729f01ff42ac4abbd6,SP reward for iETH,12 October 2023,593094,10-01-2024 21:45,12-10-2023 23:00
10117,442,5015aba4d3c982a18669bf8a76082f6563b3bb7872f876d3e910644d,SP reward for iETH,12 October 2023,6882433,10-01-2024 21:45,12-10-2023 23:00
10118,442,95fa00657c1613aa2f6a3ff39b636d93ae3106ec72498d3e39b0fa8e,SP reward for iETH,12 October 2023,477532,10-01-2024 21:45,12-10-2023 23:00
10119,442,9e50685ab277c256faccb96797ca4a94bdff89291b969ed2371c5abb,SP reward for iETH,12 October 2023,1049,10-01-2024 21:45,12-10-2023 23:00
10120,442,759b2ad795fb741546cb47086bf90dcbfc4e8144e62a824c815c1ffb,SP reward for iETH,12 October 2023,1540429,10-01-2024 21:45,12-10-2023 23:00
10121,442,ea374c2d569d63853df7d92c816502210495360908aa4df12568e567,SP reward for iETH,12 October 2023,173774,10-01-2024 21:45,12-10-2023 23:00
10122,442,5c704662b0f709ad9ff512bbe5ea1f24f1a1ac2a73053e12c55a50c5,SP reward for iETH,12 October 2023,248274,10-01-2024 21:45,12-10-2023 23:00
10123,442,e05979c7922a556392d6db0c2749d7fcd34934e8daf0dfdeed3070a9,SP reward for iETH,12 October 2023,112691,10-01-2024 21:45,12-10-2023 23:00
10124,442,9320b2e201b2f4141b4ea6e17e410f4696c911f77149408d632ebb8e,SP reward for iETH,12 October 2023,4522713,10-01-2024 21:45,12-10-2023 23:00
10125,442,15ac7ca1b38f99e5e84ca3f3588a779e690a8d586eec079a8dcc6e8c,SP reward for iETH,12 October 2023,1413142,10-01-2024 21:45,12-10-2023 23:00
10126,442,5f431f57ad76f9c3feaf03809fb3ba95da61f53fda601021a73f8040,SP reward for iETH,12 October 2023,3044962,10-01-2024 21:45,12-10-2023 23:00
10127,442,9a9f9ad845523a55422b5720db7abbdf827733b0945a3aafbd5e33f9,SP reward for iETH,12 October 2023,127865,10-01-2024 21:45,12-10-2023 23:00
10128,442,019f3d35ef1c1067784c46f9b165150919cdefda177dd301af373051,SP reward for iETH,12 October 2023,44319,10-01-2024 21:45,12-10-2023 23:00
10129,442,d94f9bc0ffe11ad1005b22a6e5c2b471b29c53510aa81514fc24d95a,SP reward for iETH,12 October 2023,39577,10-01-2024 21:45,12-10-2023 23:00
10130,442,8cfb3488bf7db4a3b403363dedd790347ff45543a63a7ecdf5ba44f5,SP reward for iETH,12 October 2023,1270085,10-01-2024 21:45,12-10-2023 23:00
10131,442,9c2b04c3d361d4d72878e7c0c067ce6cdf9f29561bfab5c59728c4e2,SP reward for iETH,12 October 2023,80831,10-01-2024 21:45,12-10-2023 23:00
10132,442,508757f097d3f23cb9e51cc9d35a550b2f2f9bedea6326229950647f,SP reward for iETH,12 October 2023,8708,10-01-2024 21:45,12-10-2023 23:00
10133,442,8da4658888007dc5604d42ff781ff425ae51926af8c15244df8a3052,SP reward for iETH,12 October 2023,1857222,10-01-2024 21:45,12-10-2023 23:00
10134,442,af7ea0c07f8c05d8c8e27b25a70ae93cff2159b4224f0f032e366d3a,SP reward for iETH,12 October 2023,649199,10-01-2024 21:45,12-10-2023 23:00
10135,442,b0f6f6c285e1711e5cc0b237539ebd40eed3ef96be5b78aac6c389ce,SP reward for iETH,12 October 2023,577999,10-01-2024 21:45,12-10-2023 23:00
10136,442,9057a63eaa2afa9e1f67bdb5d29fd62c59c91d0c79a30e225f079aca,SP reward for iETH,12 October 2023,888881,10-01-2024 21:45,12-10-2023 23:00
10137,442,97bf01e140f1cd68d8f3e3fa882f1f10784d33847cbdd3562934fca0,SP reward for iETH,12 October 2023,1967967,10-01-2024 21:45,12-10-2023 23:00
10138,442,5b06d393e8dfcfc2b19ca8ecc91c242dd437ed72d917391264183f36,SP reward for iETH,12 October 2023,225428,10-01-2024 21:45,12-10-2023 23:00
10139,442,cbf2fe83219efa63b2e1d6c43e53fefa9280e4e862b5cc88d5bdaf7d,SP reward for iETH,12 October 2023,132283,10-01-2024 21:45,12-10-2023 23:00
10140,442,2772388f1b0f2a02ac50c87a58f500ebda9b80a4fe8faa0237326e74,SP reward for iETH,12 October 2023,13052777,10-01-2024 21:45,12-10-2023 23:00
10141,442,a7793000be35ab0dd64570208d714684e292588d3067948d9cab4b62,SP reward for iETH,12 October 2023,1991115,10-01-2024 21:45,12-10-2023 23:00
10142,442,56a31a31d994dd695445965d7862c2025320c4d7a0202bb6e977e74b,SP reward for iETH,12 October 2023,857028,10-01-2024 21:45,12-10-2023 23:00
10143,442,cb07fef02adf81a4bb0ee3ec992f392a4ecd92774619a97be8f086b9,SP reward for iETH,12 October 2023,2179988,10-01-2024 21:45,12-10-2023 23:00
10144,442,8732d6ae48c07b2694e9918fcdfff84e0995b165d4615c32fc76a978,SP reward for iETH,12 October 2023,1012717,10-01-2024 21:45,12-10-2023 23:00
10145,442,34b9eb31c69076b836788f32cc4f00a21725cbccace3077105c00801,SP reward for iETH,12 October 2023,86141,10-01-2024 21:45,12-10-2023 23:00
10146,442,8105d0f33d443db33095e1de7e3c084af5cefb8675af79f718bd3e36,SP reward for iETH,12 October 2023,101023,10-01-2024 21:45,12-10-2023 23:00
10147,442,569124adbb5d1457305f93056568f6e6744675288b6ede04630140e4,SP reward for iETH,12 October 2023,1022609,10-01-2024 21:45,12-10-2023 23:00
10148,442,c3945d89b9f99ee385a09971bc4d7bdeedf5e6f809f8f72816ddd692,SP reward for iETH,12 October 2023,201745,10-01-2024 21:45,12-10-2023 23:00
10149,442,5c388590260c27a11e1ee1c0e753ce29e204c58432e25fa2d66bb33a,SP reward for iETH,12 October 2023,229884,10-01-2024 21:45,12-10-2023 23:00
10150,442,f29f47b1b0418459d3089b645f7822ffde188e85a102de177d76cd77,SP reward for iETH,12 October 2023,88974,10-01-2024 21:45,12-10-2023 23:00
10151,442,284839fc9946e6331dada95c3f7c14e995b738b0e580d8079c50bac1,SP reward for iETH,12 October 2023,7239,10-01-2024 21:45,12-10-2023 23:00
10152,442,37dce7298152979f0d0ff71fb2d0c759b298ac6fa7bc56b928ffc1bc,SP reward for iETH,12 October 2023,55581474,10-01-2024 21:45,12-10-2023 23:00
10153,442,42c58ba9df280c4ae00cfa9fc794f2f00e7658f9f6d69abe0e8afe82,SP reward for iETH,12 October 2023,454716,10-01-2024 21:45,12-10-2023 23:00
10154,442,914956f9a626440cebae913d11e64945359d03d5066c30ddbf4e1408,SP reward for iETH,12 October 2023,501188,10-01-2024 21:45,12-10-2023 23:00
10155,442,2ea8cfe869a9f7f29b36dae2a1fcf19b9e4b47293961ec78dc5ebccf,SP reward for iETH,12 October 2023,1100888,10-01-2024 21:45,12-10-2023 23:00
10156,442,568b65fadfb32178198768d1bff91956f5dba957701ce300719237b4,SP reward for iETH,12 October 2023,722591,10-01-2024 21:45,12-10-2023 23:00
10157,442,0077f5569d8a6b58837844cae16b24e60b4718f5805e316dbf493897,SP reward for iETH,12 October 2023,1145505,10-01-2024 21:45,12-10-2023 23:00
10158,442,224881a0dbeda325ad728e2ff0abfe10aa335eb0dfa6258f6c163af1,SP reward for iETH,12 October 2023,998840,10-01-2024 21:45,12-10-2023 23:00
10159,442,5076acb2a03d9c30a10cb6a51faf9a1bd425efa5b701d0e483ff31d3,SP reward for iETH,12 October 2023,1085977,10-01-2024 21:45,12-10-2023 23:00
10160,442,d2a924b445aa266e71c0fc977e3b319ab88f904021b488f3b63f0055,SP reward for iETH,12 October 2023,1580532,10-01-2024 21:45,12-10-2023 23:00
10161,442,1ec35cc7e933953ef129dc5adf6c6773f0400d20a0c3966ffa19b253,SP reward for iETH,12 October 2023,603663,10-01-2024 21:45,12-10-2023 23:00
10162,442,3440301225c582d0a5a6a0a5beec84e9589d670ed742b1cf94d7200c,SP reward for iETH,12 October 2023,265237,10-01-2024 21:45,12-10-2023 23:00
10163,442,cb7cb7825c61148750bb1569f658df2f54872e4a21378797628893f9,SP reward for iETH,12 October 2023,3650375,10-01-2024 21:45,12-10-2023 23:00
10164,442,80df57ef64f6c84627cb8f0909b8613a3a85b59118092ec2565f754b,SP reward for iETH,12 October 2023,256954,10-01-2024 21:45,12-10-2023 23:00
10165,442,fc3f98ae5a3b654f6d89eebba84dede2c2ebe58d58ed3d59984dfef4,SP reward for iETH,12 October 2023,1,10-01-2024 21:45,12-10-2023 23:00
10166,442,4f8edf63fddd78518ee36c8b5d0366c3f57cca7707320c9b6d3b434b,SP reward for iETH,12 October 2023,361084,10-01-2024 21:45,12-10-2023 23:00
10167,442,b476886ebb904922102c2c8e89a984a7e37aac15d29adcd0120b1a09,SP reward for iETH,12 October 2023,4575350,10-01-2024 21:45,12-10-2023 23:00
10168,442,43d0a98cb18fe49f759a593585010bd4b4947c7e7b3493de6d96849f,SP reward for iETH,12 October 2023,2967859,10-01-2024 21:45,12-10-2023 23:00
10169,442,12a8bedd60b73e64175dd4019fc92d9652d748c6c9fd3329063c673a,SP reward for iETH,12 October 2023,6068811,10-01-2024 21:45,12-10-2023 23:00
10170,442,f9c3ea8ec044b27830d9806f8ce5a952fbb89debf69180307e723e57,SP reward for iETH,12 October 2023,359918,10-01-2024 21:45,12-10-2023 23:00
10171,442,0ad45bd4425847c0893b6a9135dc9086793f21620bf46205901be98a,SP reward for iETH,12 October 2023,87792,10-01-2024 21:45,12-10-2023 23:00
10172,442,0fcd5515a7c42ff375fbe24915bf94140f3ae6559957291e2fc8cb98,SP reward for iETH,12 October 2023,438240,10-01-2024 21:45,12-10-2023 23:00
10173,442,cbf9437b6fa4bfa4931ce623e6aff6689fa8ffc1ce3572e6f5ff613a,SP reward for iETH,12 October 2023,2517649,10-01-2024 21:45,12-10-2023 23:00
10174,442,a10a23ec8c8bc86c8b39bb8d034a7ea407acf952bab967bbd8797d7f,SP reward for iETH,12 October 2023,161298,10-01-2024 21:45,12-10-2023 23:00
10175,442,85e349e81e454ec1437215d6983a07e06b26df6b7906c0556b687b43,SP reward for iETH,12 October 2023,8237391,10-01-2024 21:45,12-10-2023 23:00
10176,442,d00c92d92560223d54d47e2332b1937f37e48f8faf44d2735e119b40,SP reward for iETH,12 October 2023,79093,10-01-2024 21:45,12-10-2023 23:00
10177,442,a599571d436d6d4796f955247b1e358fa4275e063273d81dc5845a47,SP reward for iETH,12 October 2023,309043,10-01-2024 21:45,12-10-2023 23:00
10178,442,c6d45c71d2db10ad40fe49e492ce13dbf368ee6e721bc09c91ae89f5,SP reward for iETH,12 October 2023,5790402,10-01-2024 21:45,12-10-2023 23:00
10179,442,35b5d87660008e921bf997918dca5a84f808badf0fdc910fb5cc1d06,SP reward for iETH,12 October 2023,270832,10-01-2024 21:45,12-10-2023 23:00
10180,442,072569588caa5cdfcfc07a1bc6e8731d835f6a6f5c077d1d6dee0756,SP reward for iETH,12 October 2023,46857,10-01-2024 21:45,12-10-2023 23:00
10181,442,9b7a2c9c23228fbb138fcaf45db9deb395114a33c8fa11a758eeac0c,SP reward for iETH,12 October 2023,79492,10-01-2024 21:45,12-10-2023 23:00
10182,442,a90c9789e1cc4e2b2b3f0623af62cf6c143918214776980f29b12d12,SP reward for iETH,12 October 2023,911527,10-01-2024 21:45,12-10-2023 23:00
10183,442,34589e061b2fcffb9f07e7109d77a14c7c7f55f15f5a52d5ebe6c94e,SP reward for iETH,12 October 2023,11771,10-01-2024 21:45,12-10-2023 23:00
10184,442,d5ffa4e09c6eaa4c882e10d3cc94b6c604e5982bf3715d40d4ec5351,SP reward for iETH,12 October 2023,375788,10-01-2024 21:45,12-10-2023 23:00
10185,442,69af353f2cb9ab695b429cff0e80203bc8e9e47548f28176e9bf99a0,SP reward for iETH,12 October 2023,252609,10-01-2024 21:45,12-10-2023 23:00
10186,442,eb399c4149c7004a187d460e10d8e524215b9b39e600560ce8f42806,SP reward for iETH,12 October 2023,1403157,10-01-2024 21:45,12-10-2023 23:00
10187,442,548fece8d2f6e55efda4a70452343bc1f92cac3c1cf8ef250535c048,SP reward for iETH,12 October 2023,1606283,10-01-2024 21:45,12-10-2023 23:00
10188,442,d28984c713366768ef92d78cdf6375539bc637d329226151e915c315,SP reward for iETH,12 October 2023,2382046,10-01-2024 21:45,12-10-2023 23:00
10189,442,3307f4774118bdc69163b2f8f2065892aa4484df07772bc4fe5fd052,SP reward for iETH,12 October 2023,581698,10-01-2024 21:45,12-10-2023 23:00
10190,442,b6756686f4eb2913773cd154afd06f721a1eeeb6dd84d37b099acb14,SP reward for iETH,12 October 2023,1061051,10-01-2024 21:45,12-10-2023 23:00
10191,442,1b0cbfa819f5a7b1eb06097e9b374f4c240f1a764b9a0a58973fdaa1,SP reward for iETH,12 October 2023,2144229,10-01-2024 21:45,12-10-2023 23:00
10192,442,c590affd526db47b19bcb411793bba5d639c1f5885fafc47838cd22e,SP reward for iETH,12 October 2023,1372175,10-01-2024 21:45,12-10-2023 23:00
10193,442,73761bdecaf3b16b1ac8cfbc32a46cfb73f3086cd854b57855bcf16e,SP reward for iETH,12 October 2023,204959,10-01-2024 21:45,12-10-2023 23:00
10194,442,fa54bc15eb2f3a2b38c0132795dab8639855d59ff6437fc0ee24a331,SP reward for iETH,12 October 2023,1627983,10-01-2024 21:45,12-10-2023 23:00
10195,442,68b290e8c37102ca4abfb9f2f7875308f678c9c39d20a7e9bdbeb719,SP reward for iETH,12 October 2023,960467,10-01-2024 21:45,12-10-2023 23:00
10196,442,07c59e348504d75a47aa875c80c5f7c537f4153637fb942f8f21f7e4,SP reward for iETH,12 October 2023,70225,10-01-2024 21:45,12-10-2023 23:00
10197,442,1d6b21b388975d2273d12b214d15d38aefe4aa45af8ed903e4d386aa,SP reward for iETH,12 October 2023,8802,10-01-2024 21:45,12-10-2023 23:00
10198,442,c207ec74fa19825b5803267491fce22d2cc7b4d7269df74d22f7c4b4,SP reward for iETH,12 October 2023,2018279,10-01-2024 21:45,12-10-2023 23:00
10199,442,69a97eb8edd3bd6c373b00d162d4463c2b6834e4d66d0e6f29f797e3,SP reward for iETH,12 October 2023,24203545,10-01-2024 21:45,12-10-2023 23:00
10200,442,ca0f77040a2b74ee79cb3a2c8046083e364c853648d64885a75ae35e,SP reward for iETH,12 October 2023,1593828,10-01-2024 21:45,12-10-2023 23:00
10201,442,17abbdbbee649dac78243c157c3238f34b9368e0e7d2c0232951484c,SP reward for iETH,12 October 2023,169155,10-01-2024 21:45,12-10-2023 23:00
10202,442,8d0f5398476da86053901f440d112916efc41a0e88481086fe064cf6,SP reward for iETH,12 October 2023,388192,10-01-2024 21:45,12-10-2023 23:00
10203,442,fc1c84e08e8e47cda82dfe5d2778002da43570516efe2517c7878226,SP reward for iETH,12 October 2023,379,10-01-2024 21:45,12-10-2023 23:00
10204,442,e0a5fe8d81c61f33e7b47c1a5b07c02ca836cd80b91e2ce18e088db3,SP reward for iETH,12 October 2023,118826,10-01-2024 21:45,12-10-2023 23:00
10205,442,bdabcdc638396b13e6a2f2fcee884fac8903ad668c7155fad848616a,SP reward for iETH,12 October 2023,160373,10-01-2024 21:45,12-10-2023 23:00
10206,442,cacee11ae9fc0ffb6219d179e22b1cddefd988ebcfb1ec7fca4ad52d,SP reward for iETH,12 October 2023,114801266,10-01-2024 21:45,12-10-2023 23:00
10207,442,25f2b6e8273673fa147f150644a62517d248bba31bbb8c35963fcb94,SP reward for iETH,12 October 2023,540534,10-01-2024 21:45,12-10-2023 23:00
10208,442,b343c02a76bd4f94ecbd4e8260a37ea68d5543d01e9f21e162c9cd1a,SP reward for iETH,12 October 2023,1076249,10-01-2024 21:45,12-10-2023 23:00
10209,442,e174ca1bc8de7a28fcd3d2fbb172d223fbd8b83c1dc51cd37c790420,SP reward for iETH,12 October 2023,2244533,10-01-2024 21:45,12-10-2023 23:00
10210,442,7b313b41860de9075ae0eb22e9211a5822c0f23119037e21b769e96a,SP reward for iETH,12 October 2023,14577861,10-01-2024 21:45,12-10-2023 23:00
10211,442,27e19a4d47b49657009c6265473dd7191ec0908bdcffdc0fe37ee348,SP reward for iETH,12 October 2023,2496995,10-01-2024 21:45,12-10-2023 23:00
10212,442,811bdd761ef03a0aff09b20d4f6ffb6cb5bbc2c726d7d3fa38a537fc,SP reward for iETH,12 October 2023,12599207,10-01-2024 21:45,12-10-2023 23:00
10213,442,ccb220201f3cb6b293ae4aa8f4c4280591f300897fa0354851c616f7,SP reward for iETH,12 October 2023,126846,10-01-2024 21:45,12-10-2023 23:00
10214,442,5c1a02a27266c981c3c4a9f5301c0e540b93da75bba83693aa1284a2,SP reward for iETH,12 October 2023,155302,10-01-2024 21:45,12-10-2023 23:00
10215,442,277fd1b973fb696cd511a2382770f137bedb994b2395d476db829938,SP reward for iETH,12 October 2023,46101306,10-01-2024 21:45,12-10-2023 23:00
10216,442,13dd85c67472864399334d40bd57d4bbfcdd5ea0436ed478f6c2409c,SP reward for iETH,12 October 2023,16099396,10-01-2024 21:45,12-10-2023 23:00
10217,442,4a56c29fe51cedb6d52c5fb17efea3451759a14b6931ec212aeea070,SP reward for iETH,12 October 2023,473075,10-01-2024 21:45,12-10-2023 23:00
10218,442,c480783df5b96cc1a051c2bbe8c96d842a2743c747f303c656613e19,SP reward for iETH,12 October 2023,228748,10-01-2024 21:45,12-10-2023 23:00
10219,442,fa9c7e0beaad372083bafd39c7cef554824a1e9eb21556676864ab7e,SP reward for iETH,12 October 2023,23810415,10-01-2024 21:45,12-10-2023 23:00
10220,442,98e854a41cab6d1ea5e38ff1517f5a1b4a1e8e087fc85195ad42f28c,SP reward for iETH,12 October 2023,309150,10-01-2024 21:45,12-10-2023 23:00
10221,442,63aade055d90301cd816870ee5a3c9fc67d769274b8633e7a7893f05,SP reward for iETH,12 October 2023,2424832,10-01-2024 21:45,12-10-2023 23:00
10222,442,7263b9dd48afbcdd9151c3044a290690040aec1508704bc04fee78ec,SP reward for iETH,12 October 2023,912174,10-01-2024 21:45,12-10-2023 23:00
10223,442,01da9d4fea55755b1bd3017417aeae4b69e15fda2bbdb49d739351ff,SP reward for iETH,12 October 2023,184038,10-01-2024 21:45,12-10-2023 23:00
10224,442,d7093cc9caa740381045e3c433dfc849c3403ecf066fac9233e14246,SP reward for iETH,12 October 2023,843087,10-01-2024 21:45,12-10-2023 23:00
10225,442,7ff55caba5c965a9bacc6c9de36250dfdcc794f7cb5480c73af2155b,SP reward for iETH,12 October 2023,4467724,10-01-2024 21:45,12-10-2023 23:00
10226,442,abd768ffa460e4578bd7a72296552532e2e463ac8727396b752aeef9,SP reward for iETH,12 October 2023,140155,10-01-2024 21:45,12-10-2023 23:00
10227,442,b0a222c6bfdd962ede1dda2efc895e8d4e79dd5e493694ac784bc7c9,SP reward for iETH,12 October 2023,26362234,10-01-2024 21:45,12-10-2023 23:00
10228,442,dcc2117fe7b56fbf5a0c7ae4bd3e33a3a4ed07cd25e02c4c6e34d510,SP reward for iETH,12 October 2023,706204,10-01-2024 21:45,12-10-2023 23:00
10229,442,239f2ce7543af3b3c9119a00f53a64ad8e1e4b19d90fd1dfaecd7427,SP reward for iETH,12 October 2023,10289923,10-01-2024 21:45,12-10-2023 23:00
10230,442,8d999dd787f9871ef69430cfd7473d3d786fe6e060985c65265997d9,SP reward for iETH,12 October 2023,7119,10-01-2024 21:45,12-10-2023 23:00
10231,442,1c01312dd39930a1fd168b6bb8e18b2a71ddbe264e9b125b69450236,SP reward for iETH,12 October 2023,412116,10-01-2024 21:45,12-10-2023 23:00
10232,442,ebb3c77c9d613815a380172a1ccc3f14b656b3a637c068209100501e,SP reward for iETH,12 October 2023,1188037,10-01-2024 21:45,12-10-2023 23:00
10233,442,fcc20a843a102f03b5a67e2d9567fc74c70c2c2c294b85fa83086611,SP reward for iETH,12 October 2023,56224149,10-01-2024 21:45,12-10-2023 23:00
10234,442,495d43a4ab309f1fa086cf3904d3772c79777333c79d8470e5a3bb59,SP reward for iETH,12 October 2023,734517,10-01-2024 21:45,12-10-2023 23:00
10235,442,0e0e12df3f3f5a2cd59f3d2b767cbe947e7e4892e027033457eeaa75,SP reward for iETH,12 October 2023,1502701,10-01-2024 21:45,12-10-2023 23:00
10236,442,9119d1928ddf92d6dc740edccad925e6ec9a7bacafb0a4d1963064a2,SP reward for iETH,12 October 2023,286451,10-01-2024 21:45,12-10-2023 23:00
10237,442,9aec16c760df1aafd6cd7469b76de43e665f9cfa99263e756084ae89,SP reward for iETH,12 October 2023,2162744,10-01-2024 21:45,12-10-2023 23:00
10238,442,a39926586271cd40910a9efa7a9bb2d6a53d7852b444ec240a99f0f9,SP reward for iETH,12 October 2023,222131,10-01-2024 21:45,12-10-2023 23:00
10239,442,e369f9a894744f3c1bf4e714426f0e9753cdcab22a9cf0ab620bd642,SP reward for iETH,12 October 2023,22320624,10-01-2024 21:45,12-10-2023 23:00
10240,442,3657a92f82da5d852f3757b0d144117b3fce7353181e8a8202843d54,SP reward for iETH,12 October 2023,18070370,10-01-2024 21:45,12-10-2023 23:00
10241,442,fa1723e381818dd3249476008192dd876d12607046f821ff55defe4a,SP reward for iETH,12 October 2023,625677,10-01-2024 21:45,12-10-2023 23:00
10242,442,9ef82b39ec0521ee2054f18b3811007af895c6a3248eb9bf458ebedd,SP reward for iETH,12 October 2023,709614,10-01-2024 21:45,12-10-2023 23:00
10243,442,ad7fe2d8b9b3cf82a37e9633c0e48784f788f352c5314d5a5e20bf08,SP reward for iETH,12 October 2023,3577881,10-01-2024 21:45,12-10-2023 23:00
10244,442,0caac09ff220e441884a7a73eef7a39f1372cf9bf052c92db4155457,SP reward for iETH,12 October 2023,4108085,10-01-2024 21:45,12-10-2023 23:00
10245,442,a249e0d4dab1b164dd033043cbabdf204b34f7ecbdb994bec90d7216,SP reward for iETH,12 October 2023,68630,10-01-2024 21:45,12-10-2023 23:00
10246,442,0b1db916e7560c61e187d688e00f936a0730a88d1049e89f4ece9e9a,SP reward for iETH,12 October 2023,7442725,10-01-2024 21:45,12-10-2023 23:00
10247,442,b47ead9c1c659d7d927c23212bd62d475f71d986236aafe16bde23ee,SP reward for iETH,12 October 2023,2605285,10-01-2024 21:45,12-10-2023 23:00
10248,442,ff935aa9517ed6dbb666d91a00c0172972ac4f6de32420c025a23e37,SP reward for iETH,12 October 2023,108912340,10-01-2024 21:45,12-10-2023 23:00
10249,442,b7f7ae08769181fd6287c83f74fe18cce31b5bad2e39eeb4ae982f68,SP reward for iETH,12 October 2023,2545253,10-01-2024 21:45,12-10-2023 23:00
10250,442,ccbe92300e5d955564cdf0cd2003c5cfd63e213d32b12d02ebd6b25e,SP reward for iETH,12 October 2023,1304922,10-01-2024 21:45,12-10-2023 23:00
10251,442,6ab1e8f492b0ade359dcc23754a37711b11e09f3c300db387a7df62a,SP reward for iETH,12 October 2023,440636,10-01-2024 21:45,12-10-2023 23:00
10252,442,19006487a208affb9e50bea4ec43f00e27b951edc7a440ecd4a88d21,SP reward for iETH,12 October 2023,527441,10-01-2024 21:45,12-10-2023 23:00
10253,442,f4a8ce4d0551a961e622053652a6a2b31450ba4bd57780b29e111908,SP reward for iETH,12 October 2023,7861253,10-01-2024 21:45,12-10-2023 23:00
10254,442,f00f927995925d46c18314ed041f55e32d1e9bc0da7b18b5f9d56602,SP reward for iETH,12 October 2023,7243783,10-01-2024 21:45,12-10-2023 23:00
10255,442,14f88693101a09292fbe4dd300718d6cba658cd09cbaa6958a855078,SP reward for iETH,12 October 2023,10251246,10-01-2024 21:45,12-10-2023 23:00
10256,442,c91490adde7feb9e01721f33e1ab60e2002bef0b62a0e83a759ff983,SP reward for iETH,12 October 2023,273455,10-01-2024 21:45,12-10-2023 23:00
10257,442,3a826ec6e4148fb1370003f967fd432adcb29aaeb72e5bc230d82105,SP reward for iETH,12 October 2023,5191227,10-01-2024 21:45,12-10-2023 23:00
10258,442,d63f60aa79a4c439dc9ecee11ebf08b791bbd30b0c82ff5d684d1e62,SP reward for iETH,12 October 2023,3259919,10-01-2024 21:45,12-10-2023 23:00
10259,442,4f9bae79147020cfc7a1879a0429879c46f9e8beec5768b3744a665c,SP reward for iETH,12 October 2023,4228085,10-01-2024 21:45,12-10-2023 23:00
10260,442,f4035fabf6ceffc8d7ba6defb2a76bf77e2fd6f447f37c9037340990,SP reward for iETH,12 October 2023,9009,10-01-2024 21:45,12-10-2023 23:00
10261,442,7715ea9b7284bacb2675cdc4a89dfeb34ce4245f956510eaa294e1d7,SP reward for iETH,12 October 2023,2936409,10-01-2024 21:45,12-10-2023 23:00
10262,442,bbc489f4c0a227930bdf92a3fd265427280735a5254c1de2120276f8,SP reward for iETH,12 October 2023,121209,10-01-2024 21:45,12-10-2023 23:00
10263,442,57ddeaa392fd68799959ed26225a53efdda10ad0b297ce71a8c6b8eb,SP reward for iETH,12 October 2023,5864986,10-01-2024 21:45,12-10-2023 23:00
10264,442,590d2732226bce1245e4da51d3c55e00f3e7ec6a16c5117904558405,SP reward for iETH,12 October 2023,621687,10-01-2024 21:45,12-10-2023 23:00
10265,442,3cd4e0a1ef398a95359b11785b477a8505b46c2444bb6acc08a2ecd4,SP reward for iETH,12 October 2023,8054160,10-01-2024 21:45,12-10-2023 23:00
10266,442,e105290df587390be33d256392f378bfd7709dca5c16de6ff1958de1,SP reward for iETH,12 October 2023,3174,10-01-2024 21:45,12-10-2023 23:00
10267,442,c637928cbdf87a8650a7a8401ad1a6b8757d91192677c615daf7deb9,SP reward for iETH,12 October 2023,6627900,10-01-2024 21:45,12-10-2023 23:00
10268,442,56270f8bf55701d31d45a3db4a13d99ef7848fc936616777f4257dcb,SP reward for iETH,12 October 2023,2112473,10-01-2024 21:45,12-10-2023 23:00
10269,442,811d81c21b08352b6d13adc8815022f120336e4eadd03f4ee1a1b0fa,SP reward for iETH,12 October 2023,641640,10-01-2024 21:45,12-10-2023 23:00
10270,442,cf5450200267464f17eca7d4a23ee0c892f8bb6f0d464b8b5eba0c73,SP reward for iETH,12 October 2023,5743624,10-01-2024 21:45,12-10-2023 23:00
10271,442,bb065d2662a76b6a4be9b01e41d5c3f50462c1dda589da692b9754da,SP reward for iETH,12 October 2023,6330384,10-01-2024 21:45,12-10-2023 23:00
10272,442,09e63926e1dd953e2f6110242c704ce63328e1f2d5ce2142bb66daf2,SP reward for iETH,12 October 2023,768667,10-01-2024 21:45,12-10-2023 23:00
10273,442,092e26fa08057d6cbfc986b6638b347cf850a74b846f6a36e5fd8dfa,SP reward for iETH,12 October 2023,579249,10-01-2024 21:45,12-10-2023 23:00
10274,442,9d77c4650d9fc15ff9d7591ec7324e12e84a7b588a88586e55113d83,SP reward for iETH,12 October 2023,2672351,10-01-2024 21:45,12-10-2023 23:00
10275,442,94dd9ef56f37110e5c80250cdd47301e9592be3378200b75222a9708,SP reward for iETH,12 October 2023,19199,10-01-2024 21:45,12-10-2023 23:00
10276,442,43554050d4b81197d15d448aa81b825612a4fef4cba3b48ba25be4e4,SP reward for iETH,12 October 2023,7297,10-01-2024 21:45,12-10-2023 23:00
10277,442,a485b6436c9f49a331655fa1574405c3e9bb1ead65e84b91f28fe826,SP reward for iETH,12 October 2023,23497867,10-01-2024 21:45,12-10-2023 23:00
10278,442,78b355ef81f783f5efe26565142565159adb6d0fe2ff17631c37540c,SP reward for iETH,12 October 2023,178806,10-01-2024 21:45,12-10-2023 23:00
10279,442,9f07862e827e4e5fd19bfbadbce523327f39dbe6dc8d7f9885cc78d1,SP reward for iETH,12 October 2023,145947,10-01-2024 21:45,12-10-2023 23:00
10280,442,f22884c68cb845cbba534a40bc7c2d3cd362c70741bc3632c0bbf772,SP reward for iETH,12 October 2023,30162427,10-01-2024 21:45,12-10-2023 23:00
10281,442,bf909d05ff1a6d1c02af70932384a6e3d457d460b2fb54c93aa2e021,SP reward for iETH,12 October 2023,249294,10-01-2024 21:45,12-10-2023 23:00
10282,442,1344c6719d8058b88f756f2ee293581dab8214b388113a46e95cb2e8,SP reward for iETH,12 October 2023,10946,10-01-2024 21:45,12-10-2023 23:00
10283,442,6c543f866d7e82c724ab7bf7b8ca2568f3a72061fef7a192e8f34616,SP reward for iETH,12 October 2023,59101771,10-01-2024 21:45,12-10-2023 23:00
10284,442,3350a1cb0110a5855f289a0738fdbe0c00c07cf748fd5f5cdf1aa63b,SP reward for iETH,12 October 2023,229933,10-01-2024 21:45,12-10-2023 23:00
10285,442,00666e59e9ceb98f3b3b0f97037acaf2d5e5543044d7d10a93fae574,SP reward for iETH,12 October 2023,2712770,10-01-2024 21:45,12-10-2023 23:00
10286,442,880d14e3754b4bc9722f070f549fc0681f6619a498ed1e8078bcb01b,SP reward for iETH,12 October 2023,239542,10-01-2024 21:45,12-10-2023 23:00
10287,442,12c646d4c6d7a35c14788d15f0f6142f6148975d8932592fbd625f67,SP reward for iETH,12 October 2023,26200218,10-01-2024 21:45,12-10-2023 23:00
10288,442,fa7a8fdcdf6d6515bddfec9cd7731c20ba94fa51352be03e4c06bda1,SP reward for iETH,12 October 2023,4436692,10-01-2024 21:45,12-10-2023 23:00
10289,442,a33c563393379855e9b6f66e6830ceac659fac8982b06d4128b21722,SP reward for iETH,12 October 2023,5815,10-01-2024 21:45,12-10-2023 23:00
10290,442,9cc6a5c39d7b0a317daf1c2ac03e490912585b884ac4d922a146117b,SP reward for iETH,12 October 2023,8210765,10-01-2024 21:45,12-10-2023 23:00
10291,442,28bbd819d100bce6cdedd2005ca0a9d23409b52d2b6b2b3699054c90,SP reward for iETH,12 October 2023,2660707,10-01-2024 21:45,12-10-2023 23:00
10292,442,fdcb2ad56f90c49a73ace602f2f459055f75c9b42f6b186731da60e0,SP reward for iETH,12 October 2023,23015,10-01-2024 21:45,12-10-2023 23:00
10293,442,5c37f6244184589068ccd1481ffbe29b185b7634dcb9e43bd9064c17,SP reward for iETH,12 October 2023,39488,10-01-2024 21:45,12-10-2023 23:00
10294,442,9b314b76487603dec62a43cfeea584dae73cd42e7f83871495974fdb,SP reward for iETH,12 October 2023,413750,10-01-2024 21:45,12-10-2023 23:00
10295,442,690b0a92962d8e5940212f11e4e414db2a6a773f06923adaa063bf7a,SP reward for iETH,12 October 2023,19096677,10-01-2024 21:45,12-10-2023 23:00
10296,442,e0ea68c3e09114bb8b746e67a3e44b5e4c0cdce33c07391dc1f61be2,SP reward for iETH,12 October 2023,1837341,10-01-2024 21:45,12-10-2023 23:00
10297,442,d1660b25e17cb23c44f9161fd71df2a4e847f5b1e0b23a4bae71423a,SP reward for iETH,12 October 2023,97448293,10-01-2024 21:45,12-10-2023 23:00
10298,442,0bb67baf3148157625daeb00d942466bc473a3ff85dd49afa7658f89,SP reward for iETH,12 October 2023,6253419,10-01-2024 21:45,12-10-2023 23:00
10299,442,a79e3310327ff57aec9921c729d9a81389fe10aaa398fda3e5ae0fb3,SP reward for iETH,12 October 2023,2402051,10-01-2024 21:45,12-10-2023 23:00
10300,442,01cefc4ac7b65ac3fddbaedc169b071ab04fcf6f5ab009ff125768c4,SP reward for iETH,12 October 2023,443904,10-01-2024 21:45,12-10-2023 23:00
10301,442,ad122b9fa3ab86495712afd2a6f655430427c2cf21a54fd0c8fe8e63,SP reward for iUSD,12 October 2023,53859,10-01-2024 21:45,12-10-2023 23:00
10302,442,8dc46b205f4e3147a3bb91d9d76b188da58b1da3f1bbe5ce85093ba6,SP reward for iUSD,12 October 2023,4372,10-01-2024 21:45,12-10-2023 23:00
10303,442,529828b5fb8e3347ffc11e615fead9d06250f5457c828595bba6d3ba,SP reward for iUSD,12 October 2023,195747,10-01-2024 21:45,12-10-2023 23:00
10304,442,f0cde7772008d840812c16a10b033c4b64949c7026e1cd26384b812e,SP reward for iUSD,12 October 2023,3081,10-01-2024 21:45,12-10-2023 23:00
10305,442,e2a0f1cae6e8f02aa0fdc9622f8351573919d111cea3bc1eceb898b5,SP reward for iUSD,12 October 2023,24036,10-01-2024 21:45,12-10-2023 23:00
10306,442,7445ca9f38f1c88e0f7f1ec5ba3f11352a03ebdc93814ae8cc3c4365,SP reward for iUSD,12 October 2023,638,10-01-2024 21:45,12-10-2023 23:00
10307,442,56f657fe0244e7e283418ef04510779eab7f5f4791cfda7ef19b020f,SP reward for iUSD,12 October 2023,8534,10-01-2024 21:45,12-10-2023 23:00
10308,442,8bedd3fd1561aa61bc84af3b1354a73ccd0d25e56ca6ad10d46184c5,SP reward for iUSD,12 October 2023,2578,10-01-2024 21:45,12-10-2023 23:00
10309,442,f08a2242c6a6353ea38c9316dc478cad0d5e53eef6c1833e763eb33d,SP reward for iUSD,12 October 2023,1612,10-01-2024 21:45,12-10-2023 23:00
10310,442,815ea6793d319a3090588b6c39c6a080bcc3483d6e73761bb4473a85,SP reward for iUSD,12 October 2023,5723,10-01-2024 21:45,12-10-2023 23:00
10311,442,0944891a137e8df0f9e8d6bf87f7c77b6b2630c69af3e5281612f484,SP reward for iUSD,12 October 2023,6191,10-01-2024 21:45,12-10-2023 23:00
10312,442,b7e3d8ea466740d71d745657f3078a52f9603a22401ffe10d5f84704,SP reward for iUSD,12 October 2023,812,10-01-2024 21:45,12-10-2023 23:00
10313,442,ef1af1a8910ea15c905f4244cbf01932b9cd343cee3f538be0965412,SP reward for iUSD,12 October 2023,2706,10-01-2024 21:45,12-10-2023 23:00
10314,442,6873f354a534d12ba78b5393b34ff62a34e055198eb763a142dc6d06,SP reward for iUSD,12 October 2023,24109,10-01-2024 21:45,12-10-2023 23:00
10315,442,d906bff43d0cf1f953664eb6ce9d568afb32f84dd5a04d368a052957,SP reward for iUSD,12 October 2023,56389,10-01-2024 21:45,12-10-2023 23:00
10316,442,b5373262fed909ee4b36ac1cb3a3fd9112a45078a09c2bc5d7fff5df,SP reward for iUSD,12 October 2023,3389,10-01-2024 21:45,12-10-2023 23:00
10317,442,88e170617a780709bbdda9f213666a62d7a9b2cba72c82fbce60d039,SP reward for iUSD,12 October 2023,92,10-01-2024 21:45,12-10-2023 23:00
10318,442,dd4ec1a00770d0659820e0083be64e233a9da64af048ed52e2c9bf00,SP reward for iUSD,12 October 2023,1195,10-01-2024 21:45,12-10-2023 23:00
10319,442,2c19a094c5f1193406dbc39958bb9c8ab662b8fd06587e47060c2718,SP reward for iUSD,12 October 2023,298176,10-01-2024 21:45,12-10-2023 23:00
10320,442,67b9e1699f39f1483dbe59aaca3fe0689992c2c0c996d6394e4f7569,SP reward for iUSD,12 October 2023,4104,10-01-2024 21:45,12-10-2023 23:00
10321,442,663197d6c6deb7037a232cb477b7cc4b559e93b8aa392f136e2d1e32,SP reward for iUSD,12 October 2023,25652,10-01-2024 21:45,12-10-2023 23:00
10322,442,b5fc9bc8eb047299ba87a5b613947f9c9abaec6ba994d7a835a2479e,SP reward for iUSD,12 October 2023,3405,10-01-2024 21:45,12-10-2023 23:00
10323,442,65d6303282486d29912b02c301c44d66d1c1ad41c3aa32afde902098,SP reward for iUSD,12 October 2023,141776,10-01-2024 21:45,12-10-2023 23:00
10324,442,24d1ce22399ea1ad15281271e90aa1ff32729eda148ccb70b5ae29de,SP reward for iUSD,12 October 2023,3797,10-01-2024 21:45,12-10-2023 23:00
10325,442,9db8dbdfc35cd01248d7ef8b323d76a072cc6ccec45aca38ddd3f99c,SP reward for iUSD,12 October 2023,167862,10-01-2024 21:45,12-10-2023 23:00
10326,442,7027a58b0e7ba0c62c9c728ed6c39aaeea2a5a6eb7655dae15408d74,SP reward for iUSD,12 October 2023,276,10-01-2024 21:45,12-10-2023 23:00
10327,442,c6cd7420bd85c47570966504ccdc3847422b7fa54b2b2e9da06d49c9,SP reward for iUSD,12 October 2023,10752,10-01-2024 21:45,12-10-2023 23:00
10328,442,37ed0edbae22b1cd07e47eade303eb9911b4ce9c80ca0f96906b277d,SP reward for iUSD,12 October 2023,13711,10-01-2024 21:45,12-10-2023 23:00
10329,442,3fbed1f70aaad0f5450f532262388c6ebbdd08685a91a2f4e2b5aa56,SP reward for iUSD,12 October 2023,495937,10-01-2024 21:45,12-10-2023 23:00
10330,442,3f8f2cdd4da6db7af455c401c0e2108d6e2147856f31f815c0036689,SP reward for iUSD,12 October 2023,549429,10-01-2024 21:45,12-10-2023 23:00
10331,442,84ecc5f7b81ce47c366701b164b6ecb5feff0bdcf2672755a2d2917c,SP reward for iUSD,12 October 2023,21248,10-01-2024 21:45,12-10-2023 23:00
10332,442,33077859854a4c4a6ee59151162d9ad87f180123bf154fd9e8518156,SP reward for iUSD,12 October 2023,9726,10-01-2024 21:45,12-10-2023 23:00
10333,442,82356f5dd9c1d197555f8efeece254a8db19ef9857f7f1fe0d168fc3,SP reward for iUSD,12 October 2023,35013,10-01-2024 21:45,12-10-2023 23:00
10334,442,193cbbdd794fd3f6c3cb96d10463421f633f66509cfc2c50b449dfbc,SP reward for iUSD,12 October 2023,7144,10-01-2024 21:45,12-10-2023 23:00
10335,442,aed65613b6eaa83bacd22c00f0be750f1eb6b3dda9e5639434b8ebfa,SP reward for iUSD,12 October 2023,605,10-01-2024 21:45,12-10-2023 23:00
10336,442,57bd6627620ca97848d563e991aa18abf036fe7cdf1e8dac55e39558,SP reward for iUSD,12 October 2023,2423,10-01-2024 21:45,12-10-2023 23:00
10337,442,114ed1fa4be6d0fc67ac7eb0e7c59955986dc2a646f2dbdb03f98d7b,SP reward for iUSD,12 October 2023,33123,10-01-2024 21:45,12-10-2023 23:00
10338,442,577cd4ebc8dd617a8bd294f1b4bd853e1c2c82a10616ef099601b26d,SP reward for iUSD,12 October 2023,188,10-01-2024 21:45,12-10-2023 23:00
10339,442,f6bec0f37a857e1281e70c22d6f5c1b45f94b6ba6d9bc0e97dd614db,SP reward for iUSD,12 October 2023,533839,10-01-2024 21:45,12-10-2023 23:00
10340,442,9d7c80e92b2d81a528c6f4ce7fb1abcd5efb56c5b3123a27209be50f,SP reward for iUSD,12 October 2023,4236,10-01-2024 21:45,12-10-2023 23:00
10341,442,53ad03696a854631cba8cdf7d2628fe142aae67a9e9ce8a19b81e4fa,SP reward for iUSD,12 October 2023,8095,10-01-2024 21:45,12-10-2023 23:00
10342,442,8ce5d17ed848dc9ee4fbc3bb79271e1efbfaf43d9ead7df700faa0ed,SP reward for iUSD,12 October 2023,5619,10-01-2024 21:45,12-10-2023 23:00
10343,442,5f02661fe9260d523acf4075e2361c9ccd10d6f9b10c5d2837151284,SP reward for iUSD,12 October 2023,3315,10-01-2024 21:45,12-10-2023 23:00
10344,442,5aa3cc24dcf73c5402762bc5aa229f63f6bdb0ddbcdeb4a6f3acb59c,SP reward for iUSD,12 October 2023,2023,10-01-2024 21:45,12-10-2023 23:00
10345,442,64ef8751f97cc1ef51b020ca8f648808e77698aba365802d49840f2f,SP reward for iUSD,12 October 2023,2052,10-01-2024 21:45,12-10-2023 23:00
10346,442,239f2ce7543af3b3c9119a00f53a64ad8e1e4b19d90fd1dfaecd7427,SP reward for iUSD,12 October 2023,0,10-01-2024 21:45,12-10-2023 23:00
10347,442,6747fe860de920bf606e1d93b3bc44d208304c44415a30e4095b7d15,SP reward for iUSD,12 October 2023,5,10-01-2024 21:45,12-10-2023 23:00
10348,442,d5faac42498239db89b4f4b5342a64c36d47ed6300a0b0c03ee460a5,SP reward for iUSD,12 October 2023,332,10-01-2024 21:45,12-10-2023 23:00
10349,442,642050a5c5961494b8342be7339a9021eec09b44b199648ab6f2be18,SP reward for iUSD,12 October 2023,440,10-01-2024 21:45,12-10-2023 23:00
10350,442,58565b9a0b90f766dad48a3cb365453b452565ecb6773a55a5517b48,SP reward for iUSD,12 October 2023,1646141,10-01-2024 21:45,12-10-2023 23:00
10351,442,f946a9da7bc2551c51e8bf0d38a5f7978c825edbd438c8f89a904859,SP reward for iUSD,12 October 2023,1689,10-01-2024 21:45,12-10-2023 23:00
10352,442,91aa6ddecfac713f774fe7635bc6804e96e008cd220186a1382b7f1f,SP reward for iUSD,12 October 2023,1870,10-01-2024 21:45,12-10-2023 23:00
10353,442,37ca722e2027c5cf406b6ab9bfe3a6a3a6121ad56ac88e6039789e3d,SP reward for iUSD,12 October 2023,16609,10-01-2024 21:45,12-10-2023 23:00
10354,442,4bdcb3d0328b899e150cbe4efeedafcb2d46cd97f56d1d1a97b8f99d,SP reward for iUSD,12 October 2023,90326,10-01-2024 21:45,12-10-2023 23:00
10355,442,53313be7f4738a1ad1554126858d052f318ccbf66d88b5016e9155d5,SP reward for iUSD,12 October 2023,59,10-01-2024 21:45,12-10-2023 23:00
10356,442,74d50c0b2a239a06b6ac587434530db68e66bf0fd59e1c103629c8b7,SP reward for iUSD,12 October 2023,119494,10-01-2024 21:45,12-10-2023 23:00
10357,442,a8a8d6cf9f5babf18575b08d03ddcd6a055a0a1dab04bb2213fd69a9,SP reward for iUSD,12 October 2023,9569,10-01-2024 21:45,12-10-2023 23:00
10358,442,f2c550cc77d4c4360fc6b780b2b794ee7b55007d8a441bea3938abb3,SP reward for iUSD,12 October 2023,7834,10-01-2024 21:45,12-10-2023 23:00
10359,442,f3a01380eefce347d7713b4c5d50e311521511808e535fae44fb59f2,SP reward for iUSD,12 October 2023,4226,10-01-2024 21:45,12-10-2023 23:00
10360,442,9b113025f2c6f81786d0214a1970cad776b3db8072262d939286d1fc,SP reward for iUSD,12 October 2023,865,10-01-2024 21:45,12-10-2023 23:00
10361,442,160fbbec0ed081424274993969fd198d802e3b8495837cc20ba07598,SP reward for iUSD,12 October 2023,6980,10-01-2024 21:45,12-10-2023 23:00
10362,442,9eeb45bc82ef7227205a3a13b4b89807a4528463752f76ea433c10e1,SP reward for iUSD,12 October 2023,4587,10-01-2024 21:45,12-10-2023 23:00
10363,442,28b66d8534f750f7e6ce51f398ee9f7436525bfa1b3cb1a7f36f38dc,SP reward for iUSD,12 October 2023,252033,10-01-2024 21:45,12-10-2023 23:00
10364,442,d6a625657c0efe8f8a026c58b4889627baaa18a5526fea421477989f,SP reward for iUSD,12 October 2023,116249,10-01-2024 21:45,12-10-2023 23:00
10365,442,bd35e698c1519cd374228d72345ac3a007aa585b19e1fa76ac768818,SP reward for iUSD,12 October 2023,1817,10-01-2024 21:45,12-10-2023 23:00
10366,442,3d1168af1573bf5b74d0cf10c8fa32a1b4173649f230e1c90960183d,SP reward for iUSD,12 October 2023,4957,10-01-2024 21:45,12-10-2023 23:00
10367,442,8c964a70518a80f577b48a7281cb1843ae4c0a40c8e4dd5af17bd06a,SP reward for iUSD,12 October 2023,14121,10-01-2024 21:45,12-10-2023 23:00
10368,442,5cdf84ad76fb735689a463f081ce64455d07208781b617297b622830,SP reward for iUSD,12 October 2023,34806,10-01-2024 21:45,12-10-2023 23:00
10369,442,6e40bd68f7505ec6b2943305dd1becd267f0bb79b5e46bce75718d41,SP reward for iUSD,12 October 2023,14577,10-01-2024 21:45,12-10-2023 23:00
10370,442,f9f1d44d00b15f63b1aac48dd4e3b4738bec1c79cef84b67ef5c69e4,SP reward for iUSD,12 October 2023,19467,10-01-2024 21:45,12-10-2023 23:00
10371,442,d71882533c70394cfade226a4b2338786ffcb27bb1a360148508c28d,SP reward for iUSD,12 October 2023,26685,10-01-2024 21:45,12-10-2023 23:00
10372,442,559d23a5db8f1b809ba9b48e7504582c96af34f68495f3ed51b2cce5,SP reward for iUSD,12 October 2023,113056,10-01-2024 21:45,12-10-2023 23:00
10373,442,d7346fcd395de69e62f4a2bafbc32af393ceecb3287b0ff4442ff36e,SP reward for iUSD,12 October 2023,2924,10-01-2024 21:45,12-10-2023 23:00
10374,442,4ff84f0ac0bd82a6b10a454e7526a531435890c6da1c01404940d7ee,SP reward for iUSD,12 October 2023,21328,10-01-2024 21:45,12-10-2023 23:00
10375,442,68508e515cb193333cce070a1c36b7ee417313b5648af8965d81bd20,SP reward for iUSD,12 October 2023,242,10-01-2024 21:45,12-10-2023 23:00
10376,442,3993f803206b3c6d823fd5286f5dc1d4c91135afbafd3e54f651a411,SP reward for iUSD,12 October 2023,1288536,10-01-2024 21:45,12-10-2023 23:00
10377,442,962451fcde3d1d3603722efc54a8f7d0d370798ed989947d4bb1b6c8,SP reward for iUSD,12 October 2023,33629,10-01-2024 21:45,12-10-2023 23:00
10378,442,72a59314981c54873af2418f0690f8e52ba89562fd4dfcb5fa7aa4bd,SP reward for iUSD,12 October 2023,179543,10-01-2024 21:45,12-10-2023 23:00
10379,442,4604467a331a2044f37e747d8d081b73538f8d1001a17b6bb55bb0a8,SP reward for iUSD,12 October 2023,49438,10-01-2024 21:45,12-10-2023 23:00
10380,442,3e5e3dc4c45ead7c7e88fcd186620ffe4b292bc02a54aebb5c753815,SP reward for iUSD,12 October 2023,33755,10-01-2024 21:45,12-10-2023 23:00
10381,442,68e1002e7fbfbfae546c4597ec5a986db289ef36a12d40b58a5260be,SP reward for iUSD,12 October 2023,16963,10-01-2024 21:45,12-10-2023 23:00
10382,442,5b1af46cec17d48b26b69b2e643ccd5bece471f4954aeb14bea90586,SP reward for iUSD,12 October 2023,22911,10-01-2024 21:45,12-10-2023 23:00
10383,442,6bfad24902340f4237017493bdf4490613343a1c2f02b7a5b4f4e337,SP reward for iUSD,12 October 2023,7781,10-01-2024 21:45,12-10-2023 23:00
10384,442,a3259647cb4c6a8efc1ba1b6077831fe603f4c1236bf1746e19c88e9,SP reward for iUSD,12 October 2023,163930,10-01-2024 21:45,12-10-2023 23:00
10385,442,76acdf55012635af253d2743b41d17dfa4459293ad2ba44104050c2b,SP reward for iUSD,12 October 2023,5047,10-01-2024 21:45,12-10-2023 23:00
10386,442,7968a748b588347106eebc57fb2cf6afc0bfebd72784ab489dbd0ad5,SP reward for iUSD,12 October 2023,767,10-01-2024 21:45,12-10-2023 23:00
10387,442,94be338db483fec65437c12b87e6a48e49a8b483445d52a9bd0c0c36,SP reward for iUSD,12 October 2023,33798,10-01-2024 21:45,12-10-2023 23:00
10388,442,332640ca63bf1c45ca8f5beafe24f3e68887f052b3a03914e2efd235,SP reward for iUSD,12 October 2023,8350,10-01-2024 21:45,12-10-2023 23:00
10389,442,d4274c2088411d1c7c9bf283cb734d0fb4577bc45278481cfe7505f1,SP reward for iUSD,12 October 2023,18591,10-01-2024 21:45,12-10-2023 23:00
10390,442,ea374c2d569d63853df7d92c816502210495360908aa4df12568e567,SP reward for iUSD,12 October 2023,3784,10-01-2024 21:45,12-10-2023 23:00
10391,442,df3ed3c34530edc62131484128ad73c4a256a8974d6a52ec845b64ed,SP reward for iUSD,12 October 2023,250527,10-01-2024 21:45,12-10-2023 23:00
10392,442,4e5426811df99e191ae0bc3eca64836e561a07d1623b16f94828240b,SP reward for iUSD,12 October 2023,5415,10-01-2024 21:45,12-10-2023 23:00
10393,442,8bb9f1df2cd1d6f7e3c5758eb144bf720666784db45e4fd8fa7ca440,SP reward for iUSD,12 October 2023,1388,10-01-2024 21:45,12-10-2023 23:00
10394,442,89d095d531c5d92be599e65bfe27c44652b2cf99b72a332427e9d8a2,SP reward for iUSD,12 October 2023,45394,10-01-2024 21:45,12-10-2023 23:00
10395,442,34d9199dd24497aeedaaa07324c61c74d192d13417e9c35147c4a56a,SP reward for iUSD,12 October 2023,3740,10-01-2024 21:45,12-10-2023 23:00
10396,442,278c8e15c48d22d81c86ef27d34212b6e3b8ccaab5414d4ee3633b7f,SP reward for iUSD,12 October 2023,3721,10-01-2024 21:45,12-10-2023 23:00
10397,442,cb7cb7825c61148750bb1569f658df2f54872e4a21378797628893f9,SP reward for iUSD,12 October 2023,248038,10-01-2024 21:45,12-10-2023 23:00
10398,442,fc933ffc8d260f40b24fd2dcf83aad2c426a0471e73c7dc87f58d8ad,SP reward for iUSD,12 October 2023,16916,10-01-2024 21:45,12-10-2023 23:00
10399,442,7de337d83081a32aebfcd1e0d193a2bc16a27bd6b79d4cae868e10ef,SP reward for iUSD,12 October 2023,338477,10-01-2024 21:45,12-10-2023 23:00
10400,442,3e10263d5b2ba0da4de992fabb8c5f84d8a1ab8714c671a6d5856b77,SP reward for iUSD,12 October 2023,1499,10-01-2024 21:45,12-10-2023 23:00
10401,442,65fc42e22008193de7a306e5fe9fd2f577c152405566e88cb9799936,SP reward for iUSD,12 October 2023,3980,10-01-2024 21:45,12-10-2023 23:00
10402,442,ef500acce9b7728948264268d5807c40106c9cfc347b884efff9db46,SP reward for iUSD,12 October 2023,138959,10-01-2024 21:45,12-10-2023 23:00
10403,442,2f37e1ed677e0433a6b91609ff613f842e0a1d4ee7d3c180806bff79,SP reward for iUSD,12 October 2023,4328,10-01-2024 21:45,12-10-2023 23:00
10404,442,73064ed9d446fe559dea6a5c0484f4c4876d91e1d7442109f6815770,SP reward for iUSD,12 October 2023,531,10-01-2024 21:45,12-10-2023 23:00
10405,442,e28aba5171ad00a856677709fe5fbfb3a6e298f99c156ac780559240,SP reward for iUSD,12 October 2023,85376,10-01-2024 21:45,12-10-2023 23:00
10406,442,2fbdf41fac86b8215049143086655832bbab1c197f3768f20cd72cc6,SP reward for iUSD,12 October 2023,23073,10-01-2024 21:45,12-10-2023 23:00
10407,442,ccc25cc3789dafa8d0fd76d139cf2380bd9f2f422559672e22ce5604,SP reward for iUSD,12 October 2023,8194,10-01-2024 21:45,12-10-2023 23:00
10408,442,8a4c3daa12883c0f1497bc247769e75a9780ccf05e91a12ff2817052,SP reward for iUSD,12 October 2023,8112,10-01-2024 21:45,12-10-2023 23:00
10409,442,00dbe9c7a086b01849f3b76fc376042ab007d22aeff9fe5ad2717840,SP reward for iUSD,12 October 2023,21728,10-01-2024 21:45,12-10-2023 23:00
10410,442,8d995bf956bbf2a69b6549ca3a6830e9292b0d2641e9fa520d0f294d,SP reward for iUSD,12 October 2023,76762,10-01-2024 21:45,12-10-2023 23:00
10411,442,1741556bb8f73f9ce821d81a273de59e3cbed3ce6ae3358763709f59,SP reward for iUSD,12 October 2023,339,10-01-2024 21:45,12-10-2023 23:00
10412,442,f9f2145a4745019f15d0b21fcdd6a58e7f2e4f7b94337fd9b5c5db63,SP reward for iUSD,12 October 2023,132,10-01-2024 21:45,12-10-2023 23:00
10413,442,324b6c26b4d9b073ddcfa472805dc34452bade6de21f4c03fb2b1818,SP reward for iUSD,12 October 2023,2207,10-01-2024 21:45,12-10-2023 23:00
10414,442,246e54e96104c23bcd7d8c64e2800100761178c08c831385742f1e23,SP reward for iUSD,12 October 2023,256,10-01-2024 21:45,12-10-2023 23:00
10415,442,286ad3b19328beb1a9794af815ad8c71651a0369cd8da4aa57104735,SP reward for iUSD,12 October 2023,3350,10-01-2024 21:45,12-10-2023 23:00
10416,442,5c09e2a58cc302fffed20347693d203662ff73a13dc71dac8d322f50,SP reward for iUSD,12 October 2023,247,10-01-2024 21:45,12-10-2023 23:00
10417,442,b2d0834973ca3f26aee1f012c1b4f03cc0dcd96a5e299c62beb86237,SP reward for iUSD,12 October 2023,93,10-01-2024 21:45,12-10-2023 23:00
10418,442,9df87edb89f15cfbbc1d2bc31d67a045860d2eed2e9b5c7f81317e41,SP reward for iUSD,12 October 2023,3183,10-01-2024 21:45,12-10-2023 23:00
10419,442,57d407e152f15436acb9ae40d001d051d7dfef85f575dd739a6c85c0,SP reward for iUSD,12 October 2023,35682,10-01-2024 21:45,12-10-2023 23:00
10420,442,7a8a0ae460d6803fe27a3ee1d3b10e1f1aab38dea89b608d94f3ff19,SP reward for iUSD,12 October 2023,30639,10-01-2024 21:45,12-10-2023 23:00
10421,442,b36db24351d85ac05fecee1e3e0afd76422db67b1a8cab61b2f57f81,SP reward for iUSD,12 October 2023,127287,10-01-2024 21:45,12-10-2023 23:00
10422,442,07870a95cc8ef51c6813a07f93b76c9e920640902bf176855333a03e,SP reward for iUSD,12 October 2023,195481,10-01-2024 21:45,12-10-2023 23:00
10423,442,24be347acbb7713ebcd0f5b2b131f5d6ec0b9d48f4f142a0da648760,SP reward for iUSD,12 October 2023,2534,10-01-2024 21:45,12-10-2023 23:00
10424,442,fe305441ef512260f2c6a5a88326bff15ea41fb8d5cdf036968988f4,SP reward for iUSD,12 October 2023,32237,10-01-2024 21:45,12-10-2023 23:00
10425,442,47195e22579086e671fd58e9458f9eebe2c2ee4b099138ac0d281714,SP reward for iUSD,12 October 2023,3121,10-01-2024 21:45,12-10-2023 23:00
10426,442,cef48e82717f374be93b1e5bccad65b68e9403e57dcec8f251b35455,SP reward for iUSD,12 October 2023,74767516,10-01-2024 21:45,12-10-2023 23:00
10427,442,a53ec2197f8871174d9b194e7492463e9d6e0cd9706f088a4b803738,SP reward for iUSD,12 October 2023,7045,10-01-2024 21:45,12-10-2023 23:00
10428,442,d59bd2a7dfdda65788e0e5b5028b8af63831b832390bba330a2eee82,SP reward for iUSD,12 October 2023,1264,10-01-2024 21:45,12-10-2023 23:00
10429,442,8c734ed7e636cb450286a7ad6965ac49313d9981213aa6ec3a8c2619,SP reward for iUSD,12 October 2023,126441,10-01-2024 21:45,12-10-2023 23:00
10430,442,8d40f3075338523fa3ab3455dcc2d07d7cbd48f02186b44270367f56,SP reward for iUSD,12 October 2023,5945,10-01-2024 21:45,12-10-2023 23:00
10431,442,8707ca72180e998be7256d3ca209f1018ee51fc9f9e1d55fd1d962ae,SP reward for iUSD,12 October 2023,1692,10-01-2024 21:45,12-10-2023 23:00
10432,442,5e7faea68262c87aec85b67c123673325a4193ab39de773499af83ba,SP reward for iUSD,12 October 2023,3141826,10-01-2024 21:45,12-10-2023 23:00
10433,442,63b3889ebf65aba913b3ca44031d7b2c59b04b0727c3f2e67d52d034,SP reward for iUSD,12 October 2023,2672,10-01-2024 21:45,12-10-2023 23:00
10434,442,64a10c64f24430b1dd073fdd02d0ba3f90aedfbb56a11ebc88f31d9a,SP reward for iUSD,12 October 2023,7718,10-01-2024 21:45,12-10-2023 23:00
10435,442,929695c172f6c2841df1482161ec1a2716ee2f166c27c86b20736e71,SP reward for iUSD,12 October 2023,6212,10-01-2024 21:45,12-10-2023 23:00
10436,442,e794c8df47584e1931c1fbbc03c4375a5d895d675c337668088fcc78,SP reward for iUSD,12 October 2023,62124,10-01-2024 21:45,12-10-2023 23:00
10437,442,15e9e17482c1661f3967fe537414073da9192c7001f7b1477cea24ed,SP reward for iUSD,12 October 2023,1256730,10-01-2024 21:45,12-10-2023 23:00
10438,442,3a5c536f4deb9d98ff6e72f3ee92266964b9312d00e6230e33c218b4,SP reward for iUSD,12 October 2023,36424,10-01-2024 21:45,12-10-2023 23:00
10439,442,5174ab849efa5337d220c79f849aa39ee378cd42b3ea9a2cc55ff905,SP reward for iUSD,12 October 2023,24957,10-01-2024 21:45,12-10-2023 23:00
10440,442,b4cae3fa064ca51caef29fabac5ad516abe965e7ff23fd150a8ac4c7,SP reward for iUSD,12 October 2023,18716,10-01-2024 21:45,12-10-2023 23:00
10441,442,028e1d95bb16f9205f5b7b2f597556c72dd9c67a53663b69a5bcfd5e,SP reward for iUSD,12 October 2023,69996,10-01-2024 21:45,12-10-2023 23:00
10442,442,139bb54cd4877496dd1e6ca754a513b7ef490beb8b9eac610304b27a,SP reward for iUSD,12 October 2023,378,10-01-2024 21:45,12-10-2023 23:00
10443,442,36e7a0d0cc0aa8097eee1cb2c052221d192467310c3fe0964b2f24df,SP reward for iUSD,12 October 2023,1658,10-01-2024 21:45,12-10-2023 23:00
10444,442,d5783eeb99454513796d07833a55b33d041157aa2557f641d50b7f13,SP reward for iUSD,12 October 2023,81,10-01-2024 21:45,12-10-2023 23:00
10445,442,50799f7dba5923c0dbfdba5aab54eb247df7039b260be7fb579b0aa0,SP reward for iUSD,12 October 2023,0,10-01-2024 21:45,12-10-2023 23:00
10446,442,19c1be2fd0ce6e32cde0185dd60a56edc288d8de6243c1ca4e569f51,SP reward for iUSD,12 October 2023,16,10-01-2024 21:45,12-10-2023 23:00
10447,442,a2b2868b4ed8cb7d64c181d43729fc2d1ee6349d19244491006b16d1,SP reward for iUSD,12 October 2023,4158,10-01-2024 21:45,12-10-2023 23:00
10448,442,0dbb67ed102393b0bf27cb9d1c2f8f83ad7a9f1689904879a5191c92,SP reward for iUSD,12 October 2023,306482,10-01-2024 21:45,12-10-2023 23:00
10449,442,bc6c5a27cb024bb39c7f0ef9881e65e226e1b89f6e481fc2665718d3,SP reward for iUSD,12 October 2023,250763,10-01-2024 21:45,12-10-2023 23:00
10450,442,fba0d2c2242bf4794c16df6438f63a677f173b53f5e57c3646431f3e,SP reward for iUSD,12 October 2023,308,10-01-2024 21:45,12-10-2023 23:00
10451,442,d9467aa8366e0043e34e255d5aed0241df4a8ea3d53498fb3c4e6be2,SP reward for iUSD,12 October 2023,9260,10-01-2024 21:45,12-10-2023 23:00
10452,442,206d7694ee3d2734f453414972c1758f1462fd8aa3366c7a3dc1f8b8,SP reward for iUSD,12 October 2023,16966,10-01-2024 21:45,12-10-2023 23:00
10453,442,3320216f1ae5b4d1bb1fe4912b28facd2e7cda8774f16d51f12b9824,SP reward for iUSD,12 October 2023,1697634,10-01-2024 21:45,12-10-2023 23:00
10454,442,243143a1edf725605b078e3660ccf3ef4811e54ce8d70b04ae15a4b0,SP reward for iUSD,12 October 2023,899,10-01-2024 21:45,12-10-2023 23:00
10455,442,e7dc57922d735adaed887f06044db8b95f9cb86031d73b266028572b,SP reward for iUSD,12 October 2023,279,10-01-2024 21:45,12-10-2023 23:00
10456,442,508757f097d3f23cb9e51cc9d35a550b2f2f9bedea6326229950647f,SP reward for iUSD,12 October 2023,1743,10-01-2024 21:45,12-10-2023 23:00
10457,442,e0a5fe8d81c61f33e7b47c1a5b07c02ca836cd80b91e2ce18e088db3,SP reward for iUSD,12 October 2023,164397,10-01-2024 21:45,12-10-2023 23:00
10458,442,67269b7b7c3eeba5e7fbc3101a98137e5a61b9b355bfa57ec2d3f60d,SP reward for iUSD,12 October 2023,1138487,10-01-2024 21:45,12-10-2023 23:00
10459,442,2d7f83bee28f29bf82eb41de3d59674e71af6a2faf3cce9eb95d6026,SP reward for iUSD,12 October 2023,28784,10-01-2024 21:45,12-10-2023 23:00
10460,442,45205288ff65fd218fb46790846d21c21e6c17a2935357aab294786e,SP reward for iUSD,12 October 2023,301,10-01-2024 21:45,12-10-2023 23:00
10461,442,451fe314c4e9a41bb5804455fb4057afc1cbf2b74cde2d3d737b3354,SP reward for iUSD,12 October 2023,82418,10-01-2024 21:45,12-10-2023 23:00
10462,442,6b1b3b6c653239a344063df53c885e3bb0aa463431a7a52b1d218c46,SP reward for iUSD,12 October 2023,160992,10-01-2024 21:45,12-10-2023 23:00
10463,442,e1adb2d62927f4ad62b82d8593808a9a3bbd446521e91d72286b9a41,SP reward for iUSD,12 October 2023,411701,10-01-2024 21:45,12-10-2023 23:00
10464,442,bbc6d8e0a8f8fa47238a3df22e1b9a0e39a0de2330ba5b49d69a6bc0,SP reward for iUSD,12 October 2023,30044,10-01-2024 21:45,12-10-2023 23:00
10465,442,73a2384cb145aa11ef7c996728c5715f87b007368e1a4769853927ee,SP reward for iUSD,12 October 2023,35729825,10-01-2024 21:45,12-10-2023 23:00
10466,442,264b3be253f8b7ded1b7c01a483256379777df963ce59e49167e95d4,SP reward for iUSD,12 October 2023,54649,10-01-2024 21:45,12-10-2023 23:00
10467,442,97e4d04ae43b647e81b6329013697a1417c167be759ae49780568c76,SP reward for iUSD,12 October 2023,490306,10-01-2024 21:45,12-10-2023 23:00
10468,442,bb0f5b12be7e2bcd62cdd47940f17714a1f71a29d865e9fef823caac,SP reward for iUSD,12 October 2023,169527,10-01-2024 21:45,12-10-2023 23:00
10469,442,289cee24fb86dd5d5b6f02c8ca80397e03fa83c086d6e698e3ec330b,SP reward for iUSD,12 October 2023,614,10-01-2024 21:45,12-10-2023 23:00
10470,442,543dbea1a4955e257d3568d640b1ceeeefcad09e2cf93f16c15e49d4,SP reward for iUSD,12 October 2023,14841,10-01-2024 21:45,12-10-2023 23:00
10471,442,b2cd3ac1116b5d4d2634eb51a832f9c99dd03abe51b9e05f463bde68,SP reward for iUSD,12 October 2023,178812,10-01-2024 21:45,12-10-2023 23:00
10472,442,405966152e910c43c45f1d21d8420d7ce66c604b9750824741970780,SP reward for iUSD,12 October 2023,10669,10-01-2024 21:45,12-10-2023 23:00
10473,442,752ca73ddf1be8dffa36de008da3efa547f9b96354198896f5961e0e,SP reward for iUSD,12 October 2023,18950,10-01-2024 21:45,12-10-2023 23:00
10474,442,d70718d3e1db70560f6ed8698916bf4fb99ef5f0b7b013b3dd35c115,SP reward for iUSD,12 October 2023,26852,10-01-2024 21:45,12-10-2023 23:00
10475,442,c2ad2086100a4240ecbb70a1c93699235750bed5cc26d56a6220c67f,SP reward for iUSD,12 October 2023,92748,10-01-2024 21:45,12-10-2023 23:00
10476,442,4613c7a03b53d3a7de1991289304d848749b9602fb602bab2ed697cd,SP reward for iUSD,12 October 2023,565226,10-01-2024 21:45,12-10-2023 23:00
10477,442,9cc6a5c39d7b0a317daf1c2ac03e490912585b884ac4d922a146117b,SP reward for iUSD,12 October 2023,380387,10-01-2024 21:45,12-10-2023 23:00
10478,442,b7169d51b139306b85aea0b9bf1707d56250572cc8cae113a846a4c5,SP reward for iUSD,12 October 2023,87540,10-01-2024 21:45,12-10-2023 23:00
10479,442,ad47602fd2e1cb7a8f94dd6aa26b927b7006651f8e87123d60386c0e,SP reward for iUSD,12 October 2023,82401,10-01-2024 21:45,12-10-2023 23:00
10480,442,6c348312a0608ec6032c6b58e8570d4eb54a6792e95185b661ecd19e,SP reward for iUSD,12 October 2023,51448,10-01-2024 21:45,12-10-2023 23:00
10481,442,edf2a7b7d47e681123613e5c8c2162dff732ab5c2785a55964344b81,SP reward for iUSD,12 October 2023,114108,10-01-2024 21:45,12-10-2023 23:00
10482,442,93a04efb87bfe0561564998c38839778443fa52b4ed501ae02a77866,SP reward for iUSD,12 October 2023,0,10-01-2024 21:45,12-10-2023 23:00
10483,442,7cd8f3d5d95127141e5843ab2818de72f85efb9e7b8a1cf847e794c4,SP reward for iUSD,12 October 2023,226128,10-01-2024 21:45,12-10-2023 23:00
10484,442,af350112892e7a6b63800ac394548afe1112c24355369c587acc65f3,SP reward for iUSD,12 October 2023,25423,10-01-2024 21:45,12-10-2023 23:00
10485,442,3adcdfb9ffd10f6fe6e9729057aeea9415faf43c87222f70a79b427e,SP reward for iUSD,12 October 2023,229451,10-01-2024 21:45,12-10-2023 23:00
10486,442,ef375afc54458f274bd07dec902e981a581fb46d4ab6d996e40b5bb0,SP reward for iUSD,12 October 2023,605190,10-01-2024 21:45,12-10-2023 23:00
10487,442,c8ca667b94b226c0400fc4f3f8ce935ef841edd752b09fbf28b1cb16,SP reward for iUSD,12 October 2023,2041,10-01-2024 21:45,12-10-2023 23:00
10488,442,cda0141ed9eedd491c294cf9e57b08aed8604c91efc11353b4f630ce,SP reward for iUSD,12 October 2023,72332,10-01-2024 21:45,12-10-2023 23:00
10489,442,6a22c66b1ac47584e99999b61de170878547bb5a6b87946a6f1e018e,SP reward for iUSD,12 October 2023,21672,10-01-2024 21:45,12-10-2023 23:00
10490,442,31ac5363f5d3b6bc5ee0a10aac24f82fb0417a1e53f318833cb34c9b,SP reward for iUSD,12 October 2023,41455,10-01-2024 21:45,12-10-2023 23:00
10491,442,a4bb846ef68110900c05f24352c1648db506ec921bf6011e61e01684,SP reward for iUSD,12 October 2023,33127,10-01-2024 21:45,12-10-2023 23:00
10492,442,6a24d71337297e197a1427892b2c50f5474749fe1b7e73ade6465ab2,SP reward for iUSD,12 October 2023,316958,10-01-2024 21:45,12-10-2023 23:00
10493,442,c91490adde7feb9e01721f33e1ab60e2002bef0b62a0e83a759ff983,SP reward for iUSD,12 October 2023,6046,10-01-2024 21:45,12-10-2023 23:00
10494,442,251afb45009e8cdcc4d95ce402b280fd11751704e540c5c12c5d293c,SP reward for iUSD,12 October 2023,10735,10-01-2024 21:45,12-10-2023 23:00
10495,442,30179de3ec968f9071cb72762baf87ba795033e3555f72da413ff06a,SP reward for iUSD,12 October 2023,75990,10-01-2024 21:45,12-10-2023 23:00
10496,442,103a18c8b3b964841f73d52e0c579fc88f335d20d9c8d7f4de033b3e,SP reward for iUSD,12 October 2023,204724,10-01-2024 21:45,12-10-2023 23:00
10497,442,7bfcb0b4a3974232c21fe4440a2befb5aff58093e9582c9d447c1e0d,SP reward for iUSD,12 October 2023,550878,10-01-2024 21:45,12-10-2023 23:00
10498,442,987894dea0f7cedc976ab26c7384a072f94d38778f876730df6cf3a8,SP reward for iUSD,12 October 2023,461710,10-01-2024 21:45,12-10-2023 23:00
10499,442,a61e01183e93a2bd0cb1ee515fe8c652c33404cb1643c0bb5867cd63,SP reward for iUSD,12 October 2023,2121,10-01-2024 21:45,12-10-2023 23:00
10500,442,23d5170dffbfa8d5cf6534cd1c06d52d6d2e8819b7914995fa9a94f4,SP reward for iUSD,12 October 2023,0,10-01-2024 21:45,12-10-2023 23:00
10501,442,aa8b22272df60f8f0e8fbd918edcff8e2d6a061abfd0510712964da3,SP reward for iUSD,12 October 2023,25688,10-01-2024 21:45,12-10-2023 23:00
10502,442,6f55a9d74db68134d952107df81bfffdec92fed808885f29e3ab39b1,SP reward for iUSD,12 October 2023,26354,10-01-2024 21:45,12-10-2023 23:00
10503,442,3264b50776f1384d46195e028a333fa715897338efed324854bfbd3f,SP reward for iUSD,12 October 2023,169169,10-01-2024 21:45,12-10-2023 23:00
10504,442,002079cd2c353aff567679318c7a4929fe774847c4ee46328ad550ea,SP reward for iUSD,12 October 2023,539558,10-01-2024 21:45,12-10-2023 23:00
10505,442,100747c195d12e8e0c443c5eaf99c8ae8329642720d9f923d6e644fd,SP reward for iUSD,12 October 2023,1274279,10-01-2024 21:45,12-10-2023 23:00
10506,442,e40d6449d63880f6344b1e200dd7e1fba9de3658785727f47247e106,SP reward for iUSD,12 October 2023,1711460,10-01-2024 21:45,12-10-2023 23:00
10507,442,8c738aba609903d995a789c5cde7e59510858da191c3fca173d8ecc8,SP reward for iUSD,12 October 2023,126142,10-01-2024 21:45,12-10-2023 23:00
10508,442,ae8cd1b8b6b4d6219985afb80a2acdb275eff59f4e1cf94ec01c08dd,SP reward for iUSD,12 October 2023,34909,10-01-2024 21:45,12-10-2023 23:00
10509,442,202a05658b2d4f335ac72de9060a6c71c91ccff518723d7fd614899c,SP reward for iUSD,12 October 2023,189975,10-01-2024 21:45,12-10-2023 23:00
10510,442,53d081f4e3093d26ce758b5b34fbdb4f9a838aae83e7257cc8fc5d59,SP reward for iUSD,12 October 2023,3799,10-01-2024 21:45,12-10-2023 23:00
10511,442,810fa90e5670a736eb92bbee8bc538bd6e641667ba73afe3e74f8046,SP reward for iUSD,12 October 2023,2484,10-01-2024 21:45,12-10-2023 23:00
10512,442,ccf0463efcfc0be16312d889a485c827392edb4bf32af4b43af4aad5,SP reward for iUSD,12 October 2023,6517,10-01-2024 21:45,12-10-2023 23:00
10513,442,1c9a3d3314df62b223b8683be48cf9dfd5359058cb23851f8fcff4d9,SP reward for iUSD,12 October 2023,3019,10-01-2024 21:45,12-10-2023 23:00
10514,442,b844eda8d8b99c58609f090d3156ef91488778e92501e1154e797492,SP reward for iUSD,12 October 2023,58547,10-01-2024 21:45,12-10-2023 23:00
10515,442,03eff44005d2c091c2647b45a89f9fe5b0ecea143c4e954cfc2dcedc,SP reward for iUSD,12 October 2023,256,10-01-2024 21:45,12-10-2023 23:00
10516,442,864f7a3b00ec7f36857c76b97cb1b32ea61360522085426dac6de657,SP reward for iUSD,12 October 2023,38358,10-01-2024 21:45,12-10-2023 23:00
10517,442,c56ae41f6148d38ef6528fcaad635917d659e7896dbe4ed9734be7aa,SP reward for iUSD,12 October 2023,9449,10-01-2024 21:45,12-10-2023 23:00
10518,442,d203a585d517315ef60b563878acfd72bd9ba9bd458d8c432ba53f7f,SP reward for iUSD,12 October 2023,28124,10-01-2024 21:45,12-10-2023 23:00
10519,442,73c236c3e865c9a4e66c7262f739b777bab078cbcece1f9d2e413dfb,SP reward for iUSD,12 October 2023,157216,10-01-2024 21:45,12-10-2023 23:00
10520,442,ad7fe2d8b9b3cf82a37e9633c0e48784f788f352c5314d5a5e20bf08,SP reward for iUSD,12 October 2023,9328,10-01-2024 21:45,12-10-2023 23:00
10521,442,e122dfae82cf0dc0f672851fd0051a019fb7cf74edafc30443e2faa4,SP reward for iUSD,12 October 2023,379950,10-01-2024 21:45,12-10-2023 23:00
10522,442,228f7a0a9cf92326f01761f7311eea4f14bab84d35f9222b4900d312,SP reward for iUSD,12 October 2023,240415,10-01-2024 21:45,12-10-2023 23:00
10523,442,8bb9c1842b5df8a44359e65982adb4d2a7d0cb745a2b8488592e3d9f,SP reward for iUSD,12 October 2023,22600,10-01-2024 21:45,12-10-2023 23:00
10524,442,ca9ad9d3aa303cf4205c00bd707881b0dcd2807816e5a6ad59134aa7,SP reward for iUSD,12 October 2023,78189,10-01-2024 21:45,12-10-2023 23:00
10525,442,a66f3589c69139fbd204ad42b34a70b65dba7834ce7641ae649c5171,SP reward for iUSD,12 October 2023,416328,10-01-2024 21:45,12-10-2023 23:00
10526,442,9a48d764ff4b8117da0b37be0f132e319dbb672f9f30a4f136cfe89f,SP reward for iUSD,12 October 2023,59215,10-01-2024 21:45,12-10-2023 23:00
10527,442,fc5543c66855df3872fc1c6bedbd95bb592feb158a7656d0964358b1,SP reward for iUSD,12 October 2023,4286,10-01-2024 21:45,12-10-2023 23:00
10528,442,96fcd31985e22ce4ab339cd92f94a5e54e5ddb4880f0a3a6c6ccb2f5,SP reward for iUSD,12 October 2023,15324,10-01-2024 21:45,12-10-2023 23:00
10529,442,fe822c00f04e3ae7c0c0f92523e6f644645db628621f17a25e88642f,SP reward for iUSD,12 October 2023,29930,10-01-2024 21:45,12-10-2023 23:00
10530,442,75ee02775bcf62517779f638a4184d62ebedc4da72d555aceed1e655,SP reward for iUSD,12 October 2023,648461,10-01-2024 21:45,12-10-2023 23:00
10531,442,5a3d4f39ee17e2b67b6dd93ba71379a098b16f5f1839a069ce9533f4,SP reward for iUSD,12 October 2023,230520,10-01-2024 21:45,12-10-2023 23:00
10532,442,eab5d00ea8449574401c05c7cd7df84d919c9e88b816a262e3a9dbbc,SP reward for iUSD,12 October 2023,346491,10-01-2024 21:45,12-10-2023 23:00
10533,442,b178ffc093995ed4f92326da8cbbae25832bd1c723b4897435ae3ee3,SP reward for iUSD,12 October 2023,38864,10-01-2024 21:45,12-10-2023 23:00
10534,442,4046d7935086947d2c6dba7e4e5f0db6f8fb72f945d1c1f992ab6c9d,SP reward for iUSD,12 October 2023,233,10-01-2024 21:45,12-10-2023 23:00
10535,442,5277d320e4e981971f75599c3c15bc0abebbdb6aea9cbadccb16bff1,SP reward for iUSD,12 October 2023,44992,10-01-2024 21:45,12-10-2023 23:00
10536,442,6c3942ed244be5b4dbb74591d7ea4e7c1aec07ed88ef81b678cac0d9,SP reward for iUSD,12 October 2023,152600,10-01-2024 21:45,12-10-2023 23:00
10537,442,eb7a0af8677832e487f154e7cb7483878208fc5f4bf6cc1ebd63656d,SP reward for iUSD,12 October 2023,22293,10-01-2024 21:45,12-10-2023 23:00
10538,442,eaec8a1a356ed27fb30ce01dca32e642e85c0c7e0c330aa3b5e6143d,SP reward for iUSD,12 October 2023,54713,10-01-2024 21:45,12-10-2023 23:00
10539,442,8349a2fcec7eba3f55e7f7b603f0f2bdf932405669b4b42bca49cad9,SP reward for iUSD,12 October 2023,3800,10-01-2024 21:45,12-10-2023 23:00
10540,442,350370eb8dce8178f824b16c34a1df2ee956a3b488e0890d40e4256d,SP reward for iUSD,12 October 2023,19002,10-01-2024 21:45,12-10-2023 23:00
10541,442,9085a048fd190f237c52943ac271b9b78042747efb1cd553d6e54f4f,SP reward for iUSD,12 October 2023,141745,10-01-2024 21:45,12-10-2023 23:00
10542,442,b1428eb9701f0ebc77e97ea2f7fcb5b6960513c2000db36db80ee52c,SP reward for iUSD,12 October 2023,879,10-01-2024 21:45,12-10-2023 23:00
10543,442,58c052676fe5b1cd52fda1ba62bbdabef2b3f261258e1fcfaa4df833,SP reward for iUSD,12 October 2023,71033,10-01-2024 21:45,12-10-2023 23:00
10544,442,1215c650198e8fe85528c3640a864a2b9202f1fdbc5a63e3c7663db5,SP reward for iUSD,12 October 2023,9747,10-01-2024 21:45,12-10-2023 23:00
10545,442,2954f74123faee312835907b70036cd8086ef1552b1cf04161413269,SP reward for iUSD,12 October 2023,32318,10-01-2024 21:45,12-10-2023 23:00
10546,442,e4140e7cad203c8a050cbc966735f5eaa1110e1719040b5ec18ccdb6,SP reward for iUSD,12 October 2023,1277,10-01-2024 21:45,12-10-2023 23:00
10547,442,8fee6a42565c9c1ebe2fb3caf8c3f6590df4a8aa40aa37fd672605dd,SP reward for iUSD,12 October 2023,20586,10-01-2024 21:45,12-10-2023 23:00
10548,442,bc12846dfe29fb17207d6e11b98fdda7201679227d46d744de5574e8,SP reward for iUSD,12 October 2023,108628,10-01-2024 21:45,12-10-2023 23:00
10549,442,58752f54a31c2eac27269cda36bf0091016a21b4bf6f65f678eb4e3a,SP reward for iUSD,12 October 2023,178971,10-01-2024 21:45,12-10-2023 23:00
10550,442,144a91af110e1f266e04a5fc28a41d897523570b8c8ca12724be3b64,SP reward for iUSD,12 October 2023,26141,10-01-2024 21:45,12-10-2023 23:00
10551,442,5f7d1aba60a090039edbb0294ccb27d3617a8827396b292ee49dec9f,SP reward for iUSD,12 October 2023,80504,10-01-2024 21:45,12-10-2023 23:00
10552,442,df14eb586b1cc9bd64d32ddab4f401239ce21622474b22ba83193f29,SP reward for iUSD,12 October 2023,0,10-01-2024 21:45,12-10-2023 23:00
10553,442,826d2683285bc4a4de68fc10eb78f2631371f48a5d4c0af654badda0,SP reward for iUSD,12 October 2023,372387,10-01-2024 21:45,12-10-2023 23:00
10554,442,9c8aec49d745d235f31947cec55e7d22010df0d07bbe94e7b7b4d18b,SP reward for iUSD,12 October 2023,2240346,10-01-2024 21:45,12-10-2023 23:00
10555,442,7c5a3ffd4843cf9bb750918cb453a87e71b3b21d63b02dd45dd3ea31,SP reward for iUSD,12 October 2023,139991,10-01-2024 21:45,12-10-2023 23:00
10556,442,17d3378cdb60f18ebad70aab20bf4be3fe7415602c2e07313297aa35,SP reward for iUSD,12 October 2023,190120,10-01-2024 21:45,12-10-2023 23:00
10557,442,bfecbbfaf133076c576cf705b8472cd12b28dbfa5d1bc7a48e9838a0,SP reward for iUSD,12 October 2023,19382,10-01-2024 21:45,12-10-2023 23:00
10558,442,d1b4a2e733c66382f3c60bf7a43803b57e44c07d5efe87bf8c4185ee,SP reward for iUSD,12 October 2023,144838,10-01-2024 21:45,12-10-2023 23:00
10559,442,497d04574667e0eaaa3beefd2d3896e6b177c7d8bb445542ba371204,SP reward for iUSD,12 October 2023,30045,10-01-2024 21:45,12-10-2023 23:00
10560,442,19c87ada5b44424a2f54fdd13b556f9306ef9f1356359c57581abd4f,SP reward for iUSD,12 October 2023,61305,10-01-2024 21:45,12-10-2023 23:00
10561,442,8f231e37853682192e02aa25cd60ee701aab8248646a396ebaa67234,SP reward for iUSD,12 October 2023,380,10-01-2024 21:45,12-10-2023 23:00
10562,442,1f7ef810b5dc6ec53922eb17e910a74c3b343b9117c51d4cac82cd88,SP reward for iUSD,12 October 2023,31429,10-01-2024 21:45,12-10-2023 23:00
10563,442,c12e9cc03830ebd3539ff3f6cec70e37fa4d9654ca7b19f3e92add09,SP reward for iUSD,12 October 2023,280,10-01-2024 21:45,12-10-2023 23:00
10564,442,f4111bbae46475ee2fe4ddcc9b4e56b6bde1b12464cf0ffd1da01dbe,SP reward for iUSD,12 October 2023,34581,10-01-2024 21:45,12-10-2023 23:00
10565,442,1d7973ee2e656a214ebd66635ffc5f28ea4b76cd155316ac258d737f,SP reward for iUSD,12 October 2023,0,10-01-2024 21:45,12-10-2023 23:00
10566,442,4482822ba84d47736ecfc0a9647e3d1f6114b32f6bc944ceb6c67b13,SP reward for iUSD,12 October 2023,195240,10-01-2024 21:45,12-10-2023 23:00
10567,442,24c0af03702aca77635142b03003971246b68cd205c38c495b4b39de,SP reward for iUSD,12 October 2023,73551,10-01-2024 21:45,12-10-2023 23:00
10568,442,47a70e7e1e30fa7879992e6d45818928c30ae913cbebafaab2ce71f1,SP reward for iUSD,12 October 2023,1696,10-01-2024 21:45,12-10-2023 23:00
10569,442,82f241eb5dadcc19e9990f85c9e7a93bb655b2c07ed3fe375509b417,SP reward for iUSD,12 October 2023,29340,10-01-2024 21:45,12-10-2023 23:00
10570,442,f3820b9d2e1ff6bc15652ffbc01346225e9d3f5c06adeb77b316f12a,SP reward for iUSD,12 October 2023,47500,10-01-2024 21:45,12-10-2023 23:00
10571,442,2387805ec55905b81396a1744734c4695abaaf620a73e88092018f58,SP reward for iUSD,12 October 2023,73955,10-01-2024 21:45,12-10-2023 23:00
10572,442,cee88901cf864fa86dc84f90f43ef51a081d79457173b1a9c5f5163b,SP reward for iUSD,12 October 2023,4407,10-01-2024 21:45,12-10-2023 23:00
10573,442,ddf0645e036c907d05ea30c896a7412ac7fbe1e0e6cd009a9cc1a28d,SP reward for iUSD,12 October 2023,0,10-01-2024 21:45,12-10-2023 23:00
10574,442,597f95da769ea4d957262de8280c653109cb3b72d5ebf25e894a16e0,SP reward for iUSD,12 October 2023,1,10-01-2024 21:45,12-10-2023 23:00
10575,442,17abbdbbee649dac78243c157c3238f34b9368e0e7d2c0232951484c,SP reward for iUSD,12 October 2023,1657,10-01-2024 21:45,12-10-2023 23:00
10576,442,10a2ea055b227f1d48a0a462ca6048f82693653fdb534eb7cd3ca654,SP reward for iUSD,12 October 2023,131971,10-01-2024 21:45,12-10-2023 23:00
10577,442,514ec5e427280c6bca6a0d79dea12bc793673a7241ba8f6f982a542e,SP reward for iUSD,12 October 2023,104802,10-01-2024 21:45,12-10-2023 23:00
10578,442,a3f63e4cbce10a5560a60dc4c7360da433b03e596e9c61f507eec809,SP reward for iUSD,12 October 2023,84325,10-01-2024 21:45,12-10-2023 23:00
10579,442,1d7f38bdc1dd27e154b6b85e01488580a1be8da0e3e24379c3c41ed5,SP reward for iUSD,12 October 2023,20114,10-01-2024 21:45,12-10-2023 23:00
10580,442,67806817b5a6f5deab56bebd3cb40fe54b33e574c929f66038694808,SP reward for iUSD,12 October 2023,5556,10-01-2024 21:45,12-10-2023 23:00
10581,442,8cbda1c576e20477e63a5b48625b91411ca4ed1c0fe3049792af6647,SP reward for iUSD,12 October 2023,701,10-01-2024 21:45,12-10-2023 23:00
10582,442,e56d333d5f95252d68f7c7bb93abb5597fdb6e7853fd3b391a2896fe,SP reward for iUSD,12 October 2023,82254,10-01-2024 21:45,12-10-2023 23:00
10583,442,1434b0f9b0d42bdfe065dfbde6089def626c28128e2b25234b8409db,SP reward for iUSD,12 October 2023,95259,10-01-2024 21:45,12-10-2023 23:00
10584,442,6bd530b62ab7384bb1c3587cf52c29ee1e58a8f10abe719db749b887,SP reward for iUSD,12 October 2023,3978,10-01-2024 21:45,12-10-2023 23:00
10585,442,e78c4eb4ec3e852b78f8540a7ff65767451cbf7601c4e6a9c4c97d52,SP reward for iUSD,12 October 2023,258883,10-01-2024 21:45,12-10-2023 23:00
10586,442,8882040c52f06ec0ddbb69b43fb12ff177a723f1a87ba44bdb783729,SP reward for iUSD,12 October 2023,798,10-01-2024 21:45,12-10-2023 23:00
10587,442,e4833eff5469ddeeaf0fbd065ad976676be56e8cd67c04526d51c495,SP reward for iUSD,12 October 2023,69848,10-01-2024 21:45,12-10-2023 23:00
10588,442,cd86c7001be335cb5ba746ee9c7b23758eff240e67ae44b4af9f3f85,SP reward for iUSD,12 October 2023,38286,10-01-2024 21:45,12-10-2023 23:00
10589,442,f2a6c0d4cf8b5d29ef1a526543844df74f48e57a723f8dc3aa7d0700,SP reward for iUSD,12 October 2023,4004,10-01-2024 21:45,12-10-2023 23:00
10590,442,e599429457c61531f5ec659442d7e430dc2e1c6152944d6815f4b064,SP reward for iUSD,12 October 2023,758972,10-01-2024 21:45,12-10-2023 23:00
10591,442,2e354a08d7d9618ca9e97625081ec5af50e35ce1ce91aea6081dbb1b,SP reward for iUSD,12 October 2023,8372,10-01-2024 21:45,12-10-2023 23:00
10592,442,af28fb0c496ec12e14bd2b811c3e0b14af9b5f18832209c9403015b3,SP reward for iUSD,12 October 2023,17175,10-01-2024 21:45,12-10-2023 23:00
10593,442,4f3e26f997727f545315520c7ebea39f54580a528754927778354dee,SP reward for iUSD,12 October 2023,165710,10-01-2024 21:45,12-10-2023 23:00
10594,442,e04ad9f221db058997b74653494041917fe1e69e2b9cb027132bf88b,SP reward for iUSD,12 October 2023,0,10-01-2024 21:45,12-10-2023 23:00
10595,442,a3ad69669ecee78b25f6b796d095ca691912481c72cc3ff42ee41ed1,SP reward for iUSD,12 October 2023,62288,10-01-2024 21:45,12-10-2023 23:00
10596,442,dc4f211e154e0a1994da4d0ff78ab6940da37643026fd55640b37266,SP reward for iUSD,12 October 2023,8817,10-01-2024 21:45,12-10-2023 23:00
10597,442,0f74ede103adb7050c0ec12533911dc20b449e1ce9b1e7b19c773f82,SP reward for iUSD,12 October 2023,6257,10-01-2024 21:45,12-10-2023 23:00
10598,442,bc74633bac550bbadaf788c0d83c68087a119dbdd4f75bbde49f154a,SP reward for iUSD,12 October 2023,61804,10-01-2024 21:45,12-10-2023 23:00
10599,442,20dbc91dd83004def0b7b5ee1073d012cd8369571bba1892e37990fe,SP reward for iUSD,12 October 2023,159341,10-01-2024 21:45,12-10-2023 23:00
10600,442,f549c4dfa45a19b8a0ac22a24f491e30cba260e71eb526031e21b7c2,SP reward for iUSD,12 October 2023,197587,10-01-2024 21:45,12-10-2023 23:00
10601,442,8f949023bd7eaa7f381c2ad298b345b7750cf9d04a1f53d0adcab6c2,SP reward for iUSD,12 October 2023,22938,10-01-2024 21:45,12-10-2023 23:00
10602,442,96278b46637b84faf5c2e4d79ca1c3034721972ac784030cdd2f2fe8,SP reward for iUSD,12 October 2023,76267,10-01-2024 21:45,12-10-2023 23:00
10603,442,16acc855c03e081be1599b86632c5fe8ab630fb3f656a018c206ee8a,SP reward for iUSD,12 October 2023,29647,10-01-2024 21:45,12-10-2023 23:00
10604,442,faaf89a26e9d1a69134ad6d814176639b0eda359e7a43ab21934ccd8,SP reward for iUSD,12 October 2023,57967,10-01-2024 21:45,12-10-2023 23:00
10605,442,9d9c672d1261ac30b4605678f451ccda8f90a1cce1633b4fee0f92bd,SP reward for iUSD,12 October 2023,114636,10-01-2024 21:45,12-10-2023 23:00
10606,442,24e2a220f53ccd6ea5908cb441244f1bc2821a24044e2cc0dfb8a241,SP reward for iUSD,12 October 2023,13,10-01-2024 21:45,12-10-2023 23:00
10607,442,ef9de691f4e2a8a57504a10dc805a8e20ab0cf9e2906769420f3aea9,SP reward for iUSD,12 October 2023,5815,10-01-2024 21:45,12-10-2023 23:00
10608,442,80e6c7de0d6efe91cf577b5502f0f7f9fcb5225d49fab2d74cf0cdc7,SP reward for iUSD,12 October 2023,279367,10-01-2024 21:45,12-10-2023 23:00
10609,442,7b2c3d7b795d7cb692b32fe35662bf0c1dc7844185e2af3ee0b3a7eb,SP reward for iUSD,12 October 2023,40924,10-01-2024 21:45,12-10-2023 23:00
10610,442,4e6357b65b3479d5e94963c01f5b6eca88a030a35fd9851dd3b648f3,SP reward for iUSD,12 October 2023,285069,10-01-2024 21:45,12-10-2023 23:00
10611,442,2674b6d8b52070036fd0f1b28a35cd2bac3c079bba31a3fba4e97276,SP reward for iUSD,12 October 2023,47851,10-01-2024 21:45,12-10-2023 23:00
10612,442,df7f42a4594781aabfc866f3baac1486457f32ea8981c17d0f991831,SP reward for iUSD,12 October 2023,3801,10-01-2024 21:45,12-10-2023 23:00
10613,442,8dc87d03f862104a9117247e414f007ea8167226f52de0eed6ccdbfc,SP reward for iUSD,12 October 2023,142330,10-01-2024 21:45,12-10-2023 23:00
10614,442,ac293f8851bccc597d9f23b7b76bb9afca7bf65e42c93fd9e51ebadb,SP reward for iUSD,12 October 2023,0,10-01-2024 21:45,12-10-2023 23:00
10615,442,c9e01dc055bd66469fa16356f9912c27f82caec0bc33240e9ff61f30,SP reward for iUSD,12 October 2023,112887,10-01-2024 21:45,12-10-2023 23:00
10616,442,b4502587636550a7424c0caf9198bb9a64edd628d422268535f103c4,SP reward for iUSD,12 October 2023,128158,10-01-2024 21:45,12-10-2023 23:00
10617,442,7d976df39c7d42ad6ec5309c5930812d1bee7ef3c716066aea81d8ce,SP reward for iUSD,12 October 2023,57193,10-01-2024 21:45,12-10-2023 23:00
10618,442,ec39d10b072cdc5297cdf1683465556b81d641cdd07fad63ae4fcdd0,SP reward for iUSD,12 October 2023,47511,10-01-2024 21:45,12-10-2023 23:00
10619,442,adfa05b38e47fd0dd027217e2e2b26c8bbeef24b73ac056cd653e96a,SP reward for iUSD,12 October 2023,59361,10-01-2024 21:45,12-10-2023 23:00
10620,442,d20b12211611481db8e256e2b04dea47a8cfd875086c6d7a610788e7,SP reward for iUSD,12 October 2023,91236,10-01-2024 21:45,12-10-2023 23:00
10621,442,c89452591e9f783896d9cf6b5b340aac2001d25133f0a9e8df28a0ab,SP reward for iUSD,12 October 2023,125089,10-01-2024 21:45,12-10-2023 23:00
10622,442,50d250e7e540d5c12595729616d0dbbfbbe12ab4060c6a33cf768715,SP reward for iUSD,12 October 2023,30407,10-01-2024 21:45,12-10-2023 23:00
10623,442,49d1c05ce83ea5dfd6abad09021caf4c5806f207ba657091c46a501b,SP reward for iUSD,12 October 2023,12548,10-01-2024 21:45,12-10-2023 23:00
10624,442,422352cc2e0da85c78a0e09b09dfaa78719da049e1be30f81c917cb3,SP reward for iUSD,12 October 2023,36109,10-01-2024 21:45,12-10-2023 23:00
10625,442,387700ae4dfdf8a65b70d7ff59f155f1ee30d2f7e2483337f6d0782d,SP reward for iUSD,12 October 2023,83563,10-01-2024 21:45,12-10-2023 23:00
10626,442,df56067ead947725fb7502ac74c457e8852933f6ef28c7c455236207,SP reward for iUSD,12 October 2023,17760,10-01-2024 21:45,12-10-2023 23:00
10627,442,5b1931f083d9a8fe8fd2ee68265df2ebfa5cb6d3cde6833c60a5aeb8,SP reward for iUSD,12 October 2023,74339,10-01-2024 21:45,12-10-2023 23:00
10628,442,76dbab8dc974000bd173ef0593fa4e50aae01be6e13a19f1dd9cae55,SP reward for iUSD,12 October 2023,84931,10-01-2024 21:45,12-10-2023 23:00
10629,442,5d9de15a9e526c04fba22b12118560b4c7aee4f3bee35e23431b05f0,SP reward for iUSD,12 October 2023,155,10-01-2024 21:45,12-10-2023 23:00
10630,442,03aa5081199a16295e8451a866b93a521747db809eacdef947175ac6,SP reward for iUSD,12 October 2023,10161,10-01-2024 21:45,12-10-2023 23:00
10631,442,53eb9c7601e433f0659a74479e98400d203af061f135354f43e0dad4,SP reward for iUSD,12 October 2023,39149,10-01-2024 21:45,12-10-2023 23:00
10632,442,420fe4b0b65093169ee9622b1b0c88675e97472513f94170d76bfac9,SP reward for iUSD,12 October 2023,895,10-01-2024 21:45,12-10-2023 23:00
10633,442,d74968060bb951234139833a846b6b81ded3059ad1724915091bac2d,SP reward for iUSD,12 October 2023,961292,10-01-2024 21:45,12-10-2023 23:00
10634,442,d07a74350a813a2daed74dfade4248bb51ff24da457a48fba9b4539b,SP reward for iUSD,12 October 2023,1269647,10-01-2024 21:45,12-10-2023 23:00
10635,442,fbc5a2e4982c53a70c6eb71bcbdfca2698bba849a2e5e06ea566fd93,SP reward for iUSD,12 October 2023,56963,10-01-2024 21:45,12-10-2023 23:00
10636,442,f1f046fcc9cd06aa851f3296213d127f954ecba8136ee829a645f3ec,SP reward for iUSD,12 October 2023,507,10-01-2024 21:45,12-10-2023 23:00
10637,442,d33119934f905c46c074d86b01e9ed68d8df9416c1f98311adda04d1,SP reward for iUSD,12 October 2023,61440,10-01-2024 21:45,12-10-2023 23:00
10638,442,92a3a6bc9849096be7edb873d5bda4a39b735d23250bbf9984446ad6,SP reward for iUSD,12 October 2023,159838,10-01-2024 21:45,12-10-2023 23:00
10639,442,c4c6e2c645f453f6f7ca990b7ade2b2b2de868c0aeb5c7511e481fe9,SP reward for iUSD,12 October 2023,2436067,10-01-2024 21:45,12-10-2023 23:00
10640,442,9d94c36c0ba08524969fb2fa100dce63e0eefda22b75eca8ec3e30c4,SP reward for iUSD,12 October 2023,1098971,10-01-2024 21:45,12-10-2023 23:00
10641,442,1ff9f868d6a65ea7dec1b4d37240001097a28168752e2723e624337c,SP reward for iUSD,12 October 2023,38557,10-01-2024 21:45,12-10-2023 23:00
10642,442,ea79af332a33e08d0180ace4940a4bba5e9040ea76bf0f8a884279cd,SP reward for iUSD,12 October 2023,34687,10-01-2024 21:45,12-10-2023 23:00
10643,442,966c8c683271fb81c24235f265eac3d02095b67ca0613e08a0de963f,SP reward for iUSD,12 October 2023,76018,10-01-2024 21:45,12-10-2023 23:00
10644,442,026c8ee36589862c813abaf4142583d8631869cc694bfc393ad229ed,SP reward for iUSD,12 October 2023,99643,10-01-2024 21:45,12-10-2023 23:00
10645,442,270a564190936d5e6199cd157798a1d802e05b5c4d69a756d02a4024,SP reward for iUSD,12 October 2023,26667,10-01-2024 21:45,12-10-2023 23:00
10646,442,1d873b8c37d35e5e322736d5194df4efbcec93bd3e87090998185a10,SP reward for iUSD,12 October 2023,227002,10-01-2024 21:45,12-10-2023 23:00
10647,442,f00f927995925d46c18314ed041f55e32d1e9bc0da7b18b5f9d56602,SP reward for iUSD,12 October 2023,42902,10-01-2024 21:45,12-10-2023 23:00
10648,442,1dfa4ee606a41e8ce99a52d958e3f76f9f1a455a61853efd0e6cc58d,SP reward for iUSD,12 October 2023,50894,10-01-2024 21:45,12-10-2023 23:00
10649,442,9bd32d0c896ecfd22af41a2328d4e1d7bc2e8be07e61ce7eb5caa536,SP reward for iUSD,12 October 2023,6811943,10-01-2024 21:45,12-10-2023 23:00
10650,442,159af115130e7a5e8ac56e11c97ebfc173b379c9ad0a240b112eeefe,SP reward for iUSD,12 October 2023,13103,10-01-2024 21:45,12-10-2023 23:00
10651,442,efdea48b2d455838b64f1bdbf0106eef7cd67041ce4aa429d812183e,SP reward for iUSD,12 October 2023,163968,10-01-2024 21:45,12-10-2023 23:00
10652,442,0392279ce70fc3bc7d60fa0437da097cc264ada08fd59acdba593965,SP reward for iUSD,12 October 2023,47704,10-01-2024 21:45,12-10-2023 23:00
10653,442,a0f890b740b6e870ee690e3d02ca5fdeddf9969aea0a87b3bef425e1,SP reward for iUSD,12 October 2023,159418,10-01-2024 21:45,12-10-2023 23:00
10654,442,55cf69df3e09e88978a5396efa57fb076d25f9089229a52baac18e5d,SP reward for iUSD,12 October 2023,32623,10-01-2024 21:45,12-10-2023 23:00
10655,442,0a36d2059eac53b46045092125f8419d455cf63ba48a7f2285a1a691,SP reward for iUSD,12 October 2023,966426,10-01-2024 21:45,12-10-2023 23:00
10656,442,8d42ea2a53e949ffcdcebccbb0656fd0c66f68dd3e12af30d5232c29,SP reward for iUSD,12 October 2023,33721,10-01-2024 21:45,12-10-2023 23:00
10657,442,7b0fc9c9e92364eb4bcf52d28f9996c8d2278916eb95eb50a18905bd,SP reward for iUSD,12 October 2023,115832,10-01-2024 21:45,12-10-2023 23:00
10658,442,7aeadf295aa5275bb56ee50e2608cc2672d1d01e57ba0bec3dd00daf,SP reward for iUSD,12 October 2023,434,10-01-2024 21:45,12-10-2023 23:00
10659,442,3b7b01b415e7533f8bceb3e9e467dbca6d784c7be99fcadb68b1a9d1,SP reward for iUSD,12 October 2023,1878,10-01-2024 21:45,12-10-2023 23:00
10660,442,728b52d41c48009dca4d9f7331776537533452cc035505ff82ac9079,SP reward for iUSD,12 October 2023,566,10-01-2024 21:45,12-10-2023 23:00
10661,442,56270f8bf55701d31d45a3db4a13d99ef7848fc936616777f4257dcb,SP reward for iUSD,12 October 2023,36851,10-01-2024 21:45,12-10-2023 23:00
10662,442,b86d5dffbc00894203fdf272c003fee91969d85b806859edc242b34a,SP reward for iUSD,12 October 2023,27809,10-01-2024 21:45,12-10-2023 23:00
10663,442,fe214b004cc1504fc1544acd5b5e0d6dfe76484168e6c7d57d752b79,SP reward for iUSD,12 October 2023,3194,10-01-2024 21:45,12-10-2023 23:00
10664,442,90ea3bd89364dbe9084b55fcc578c4f44a9bba7c4a7176cff33b8bb0,SP reward for iUSD,12 October 2023,13841,10-01-2024 21:45,12-10-2023 23:00
10665,442,c49e050f25dd059da1f3ebdd00004e46d22cc1ece96e487ea84cee54,SP reward for iUSD,12 October 2023,21236,10-01-2024 21:45,12-10-2023 23:00
10666,442,3676a8f6fc88d00bb27fa5eb2e25f91b69ad6b211c9931263bbeb39c,SP reward for iUSD,12 October 2023,5246,10-01-2024 21:45,12-10-2023 23:00
10667,442,7eba1da590e93ee9a4da7bf746111c27c6b21f82ca90fd8c7ca5a441,SP reward for iUSD,12 October 2023,20998,10-01-2024 21:45,12-10-2023 23:00
10668,442,b0e1aa74e9c491e73fb3c6625d941a883f95c05069b107021888830e,SP reward for iUSD,12 October 2023,6164,10-01-2024 21:45,12-10-2023 23:00
10669,442,f357aeab5d6038af73b7ce783bf505ecb9ff382a18e2b211b18a513a,SP reward for iUSD,12 October 2023,2288,10-01-2024 21:45,12-10-2023 23:00
10670,442,4b4d2f7ec3cec8a1b3105c8cb94a6e77bd64f3fedc0bd828ffcbcb28,SP reward for iUSD,12 October 2023,193437,10-01-2024 21:45,12-10-2023 23:00
10671,442,3b45d59fb8b82d21d208964521a6bbc8d42f06b2ed7e533f8b7a745a,SP reward for iUSD,12 October 2023,299282,10-01-2024 21:45,12-10-2023 23:00
10672,442,a7c4ad49f24faecad3a91f5e5a4109cfa822faade50e6840a3db3d67,SP reward for iUSD,12 October 2023,2679731,10-01-2024 21:45,12-10-2023 23:00
10673,442,8daf909109e33c204da5034dd588269357cdf89c0947d09c1812955f,SP reward for iUSD,12 October 2023,27648,10-01-2024 21:45,12-10-2023 23:00
10674,442,7c287d80b89068e3f0e5ad9cdcfccd67e264e10c7bac1f1c50b4b4ce,SP reward for iUSD,12 October 2023,61592,10-01-2024 21:45,12-10-2023 23:00
10675,442,8fd369b6dda38f92043d8595e10ba47a47f2f48f71e37951a6af4fcd,SP reward for iUSD,12 October 2023,39619,10-01-2024 21:45,12-10-2023 23:00
10676,442,5a22248acd76b04db2a4f0804b465d7e0e6f9c13d3be980b3f7ef9e7,SP reward for iUSD,12 October 2023,25487,10-01-2024 21:45,12-10-2023 23:00
10677,442,dd8f3e200e38deea7336fefd98ab66572801dfabd658f332105e18fa,SP reward for iUSD,12 October 2023,56185,10-01-2024 21:45,12-10-2023 23:00
10678,442,4dc5cb65b80027553882008cef8ce7356c362e083f00aede47ebc35f,SP reward for iUSD,12 October 2023,0,10-01-2024 21:45,12-10-2023 23:00
10679,442,8b824c5bc7c0c7c6ef3396d567c47dd502e361f62d9f9e6015eb8150,SP reward for iUSD,12 October 2023,3840,10-01-2024 21:45,12-10-2023 23:00
10680,442,e1d69e1f1e390faddb3d82a5d66c971e4bef61893892252dfca99837,SP reward for iUSD,12 October 2023,1,10-01-2024 21:45,12-10-2023 23:00
10681,442,480162a64c53e1f9f76d471d5166e722be81296144d422344254a54e,SP reward for iUSD,12 October 2023,861462,10-01-2024 21:45,12-10-2023 23:00
10682,442,93fc1d5eda11f4e015acabe138fdf310674c33e9d82a7dc8a7d73d99,SP reward for iUSD,12 October 2023,93414,10-01-2024 21:45,12-10-2023 23:00
10683,442,55f6685cbc8c1c99948804a10f2eada7ed6121822a45452582ead10a,SP reward for iUSD,12 October 2023,772,10-01-2024 21:45,12-10-2023 23:00
10684,442,4c281c0efad5222fef57cfc5c21e5e07eb358c155406af6c9ef95402,SP reward for iUSD,12 October 2023,383810,10-01-2024 21:45,12-10-2023 23:00
10685,442,b3628e24f6d8e81e31b7c5dc85cbae7ba04e6f17bbdd1f75eae051c5,SP reward for iUSD,12 October 2023,44301,10-01-2024 21:45,12-10-2023 23:00
10686,442,c1ecfddcc1b386980d2cad46efaad99e373cf70398b7c01db68e4f4f,SP reward for iUSD,12 October 2023,304277,10-01-2024 21:45,12-10-2023 23:00
10687,442,602b3643af4dbdab1ac91e39e1901d0c190bd42d192f408efc4bee88,SP reward for iUSD,12 October 2023,60124,10-01-2024 21:45,12-10-2023 23:00
10688,442,509cba9202668605404e5c6a39d0af1f1522fe41d2e679ce8e394469,SP reward for iUSD,12 October 2023,270699,10-01-2024 21:45,12-10-2023 23:00
10689,442,ecf5b1ffca39a9821dc42163dea13dc58d4d9b28767edf02124a271a,SP reward for iUSD,12 October 2023,27484,10-01-2024 21:45,12-10-2023 23:00
10690,442,a239ef61e4b000e08143a86c114827b4e14e8e5bbea3254d947f9c56,SP reward for iUSD,12 October 2023,37744,10-01-2024 21:45,12-10-2023 23:00
10691,442,b8c025a487acc9735d8bc4ae174ef37a96cb3b9445c45f7d94f9b02c,SP reward for iUSD,12 October 2023,53617,10-01-2024 21:45,12-10-2023 23:00
10692,442,17e3d3fc02a43bae98b84a8eab7638749627e2246b2b2804a7d3ae12,SP reward for iUSD,12 October 2023,12397,10-01-2024 21:45,12-10-2023 23:00
10693,442,e8be99d7f6e19ccb5282e5387ddbdc30308653a1ee0478e1fb209e07,SP reward for iUSD,12 October 2023,91136,10-01-2024 21:45,12-10-2023 23:00
10694,442,8c1ddac13237e90ddf09d9a1884ad85b2265ff7930c6848c57750f2f,SP reward for iUSD,12 October 2023,55766,10-01-2024 21:45,12-10-2023 23:00
10695,442,bc3dbd25ddb3da8133ae71b85d66fcc5ce16a42cbdf8313173b61ca6,SP reward for iUSD,12 October 2023,12,10-01-2024 21:45,12-10-2023 23:00
10696,442,b47ead9c1c659d7d927c23212bd62d475f71d986236aafe16bde23ee,SP reward for iUSD,12 October 2023,38141,10-01-2024 21:45,12-10-2023 23:00
10697,442,20d5e801d2da02fbf8e0ed455656e0a7b2f34314cd386806973ce69d,SP reward for iUSD,12 October 2023,7716,10-01-2024 21:45,12-10-2023 23:00
10698,442,6e1beb91f97d5743780e42d9a3deeb8102c716ae69bafe5f99a26e79,SP reward for iUSD,12 October 2023,5424189,10-01-2024 21:45,12-10-2023 23:00
10699,442,9d6a55eb1359d4a6c2f1466d1d65dd5083a6fa692b69702af90b51bb,SP reward for iUSD,12 October 2023,1113136,10-01-2024 21:45,12-10-2023 23:00
10700,442,e0a1a45ac9fc8b2f545ef76355404c31a0650b032d7ebbfe3eb8a5b1,SP reward for iUSD,12 October 2023,198916,10-01-2024 21:45,12-10-2023 23:00
10701,442,53a025fd77be078830865d6918bf8042b3d34bf54b09898d43d5a65c,SP reward for iUSD,12 October 2023,50382,10-01-2024 21:45,12-10-2023 23:00
10702,442,e544d0152f17bacc61736bea720477a416dbd60ead88c42cf6dda564,SP reward for iUSD,12 October 2023,5933,10-01-2024 21:45,12-10-2023 23:00
10703,442,076fe746635376963ae1c07c98dfa6a84168ff429673d2546ee5e744,SP reward for iUSD,12 October 2023,2025,10-01-2024 21:45,12-10-2023 23:00
10704,442,02847e2d52b2bb68326a4d8c20cf22758d8d66a8098b464fb05e388e,SP reward for iUSD,12 October 2023,307518,10-01-2024 21:45,12-10-2023 23:00
10705,442,2d2698946bc0f751dfc642bda9716d9c95065c4bb6aa23fa36379917,SP reward for iUSD,12 October 2023,66516,10-01-2024 21:45,12-10-2023 23:00
10706,442,fd0172cfb6d4f7289491b5316afb91c0f416ce5ca33fc39727bd691c,SP reward for iUSD,12 October 2023,1988,10-01-2024 21:45,12-10-2023 23:00
10707,442,05f8ebd54f40e71508f9cfec116a05dc8256562162f8024666821248,SP reward for iUSD,12 October 2023,265316,10-01-2024 21:45,12-10-2023 23:00
10708,442,8c516966b25c9f4da8ad8fc78ec351c17ddeeb5500c875c73373d2b0,SP reward for iUSD,12 October 2023,531103,10-01-2024 21:45,12-10-2023 23:00
10709,442,1a6bd66047466d65c4a336460ed902a8aef0801554a8bc831a49ea18,SP reward for iUSD,12 October 2023,388,10-01-2024 21:45,12-10-2023 23:00
10710,442,a3857f6dc9fa15ac685d02ad13824292ec40648c7af5b4fbe064c0d8,SP reward for iUSD,12 October 2023,103731,10-01-2024 21:45,12-10-2023 23:00
10711,442,7cf91d208dbe661058d16ea8ef2c387153cf91944aabcb9c7ef7fa1e,SP reward for iUSD,12 October 2023,388,10-01-2024 21:45,12-10-2023 23:00
10712,442,f107be1c8f14b6f7ecd0a826c5a0addb31538b4d91813ca450a664f1,SP reward for iUSD,12 October 2023,786963,10-01-2024 21:45,12-10-2023 23:00
10713,442,244ef5c19b4209da7df61d1f9a41ca599cf12610aed0f9457dbc7353,SP reward for iUSD,12 October 2023,2007,10-01-2024 21:45,12-10-2023 23:00
10714,442,2922bb18ea7225c2905acb96276ea33273c5e07a0860fb276087115f,SP reward for iUSD,12 October 2023,1458,10-01-2024 21:45,12-10-2023 23:00
10715,442,dff1a907d3ac2ba42da4911d6cabe1fa998cd1269fbbdd20651939f9,SP reward for iUSD,12 October 2023,826122,10-01-2024 21:45,12-10-2023 23:00
10716,442,623f00f49ed872b8fde76a4d5520f4ff63e50dec00b938701fe2aedd,SP reward for iUSD,12 October 2023,72405,10-01-2024 21:45,12-10-2023 23:00
10717,442,862f5ad26068a3da287a54bc2fab1c19a99a48c81939d34870be1b85,SP reward for iUSD,12 October 2023,31279,10-01-2024 21:45,12-10-2023 23:00
10718,442,a906c9214bfd42f7299dedeed943496d866cb18ce0f178b0e37d9a97,SP reward for iUSD,12 October 2023,388,10-01-2024 21:45,12-10-2023 23:00
10719,442,08a15c4563f6297afadcb38fdb23a44c8c5771181d618481581f31a7,SP reward for iUSD,12 October 2023,78513,10-01-2024 21:45,12-10-2023 23:00
10720,442,9c8cc3ac2810e440ae1d0d41c4d7cbf79b860b5f315f8d4ed8350d81,SP reward for iUSD,12 October 2023,1243,10-01-2024 21:45,12-10-2023 23:00
10721,442,24715697456eca22df1c613d9f85b0cdb97f2cb5a253d7b7cae5f09f,SP reward for iUSD,12 October 2023,272020,10-01-2024 21:45,12-10-2023 23:00
10722,442,7443fff25d519ebfa4e8783e4180f6b2d7ca64d76b3a3c783694d487,SP reward for iUSD,12 October 2023,5008,10-01-2024 21:45,12-10-2023 23:00
10723,442,ccc6065bab9183933462a4acb0bcea38368806fd4e7435a4e76d3624,SP reward for iUSD,12 October 2023,388020,10-01-2024 21:45,12-10-2023 23:00
10724,442,6f3eb2687c020672e8f99bf2253e22d45fd86bf23d125fe22faf6264,SP reward for iUSD,12 October 2023,11805500,10-01-2024 21:45,12-10-2023 23:00
10725,442,7297266c1e8790a732b07a5a0e0eed06c6c570c69ac34b8e80ac8adb,SP reward for iUSD,12 October 2023,72605,10-01-2024 21:45,12-10-2023 23:00
10726,442,6f860cd15e7d9a0fe71735b338fa4ad81e418ddaae95928bd2994fc1,SP reward for iUSD,12 October 2023,2907628,10-01-2024 21:45,12-10-2023 23:00
10727,442,315da5b171400a2b8d131c70ea53f27b1977bb1fcec1537d70649dac,SP reward for iUSD,12 October 2023,17187,10-01-2024 21:45,12-10-2023 23:00
10728,442,ea8d6023f782f4802d83c0c803c213be848f2a5aec6bceb40a3a71c2,SP reward for iUSD,12 October 2023,183,10-01-2024 21:45,12-10-2023 23:00
10729,442,94b544b36d242aecf2649579a989e97018d5f0003e983e50a0dc2994,SP reward for iUSD,12 October 2023,3022533,10-01-2024 21:45,12-10-2023 23:00
10730,442,6bdf4e6548d770125f81c51ebc92b583787973ead359912e3ccd8e66,SP reward for iUSD,12 October 2023,372418,10-01-2024 21:45,12-10-2023 23:00
10731,442,f013b77ae6ab1f09b5bef9c18f26089ddf57e2e780dc6f1c70746f8c,SP reward for iUSD,12 October 2023,86888,10-01-2024 21:45,12-10-2023 23:00
10732,442,7da76359fef75e30d83f945e689ef4d26db9fd199823020e223169b3,SP reward for iUSD,12 October 2023,627013,10-01-2024 21:45,12-10-2023 23:00
10733,442,fa773cf3b7cb0a80d8ff29e065ad3fc2a4bb075874f3fbac743fd368,SP reward for iUSD,12 October 2023,15527,10-01-2024 21:45,12-10-2023 23:00
10734,442,48e67b9addfc8366aeeebfd3b2bfb1f9f6aa102b44aef6aac664abef,SP reward for iUSD,12 October 2023,388,10-01-2024 21:45,12-10-2023 23:00
10735,442,948214e72eb2e68d27c7a9e8eeffe30d0d2631882d13c1b17552a7ca,SP reward for iUSD,12 October 2023,40741,10-01-2024 21:45,12-10-2023 23:00
10736,442,e3fe1aded971a56dc2ca9fad8d423d3832f7ac0f915911462729f453,SP reward for iUSD,12 October 2023,237727,10-01-2024 21:45,12-10-2023 23:00
10737,442,70f311783e3166f6d6bc39a700b92a2a2610b7cf7f20b5775244b657,SP reward for iUSD,12 October 2023,772322,10-01-2024 21:45,12-10-2023 23:00
10738,442,a78e32382cd9a5a2b8d7700c24cb7ff2b42b14fe8e649beb51d51bf6,SP reward for iUSD,12 October 2023,12416,10-01-2024 21:45,12-10-2023 23:00
10739,442,c1b6645d779259c35eb76b24c1246268cab805bccea9e202efa61910,SP reward for iUSD,12 October 2023,182,10-01-2024 21:45,12-10-2023 23:00
10740,442,0a6b28124de76240db2832c69d10c2c64d528b08b31d137113083e2d,SP reward for iUSD,12 October 2023,100694,10-01-2024 21:45,12-10-2023 23:00
10741,442,d0e69129e2a6d9a0ff61abf04b9964bee86e44bca28c63e5b783507a,SP reward for iUSD,12 October 2023,77603,10-01-2024 21:45,12-10-2023 23:00
10742,442,56e1526eba166e9060a8d8eb258e59df76cf752827d1be7a6de02119,SP reward for iUSD,12 October 2023,134402,10-01-2024 21:45,12-10-2023 23:00
10743,442,17b20aff00b6cd78f4ac0c68b92d90346171f461a9e6d22aad787dc9,SP reward for iUSD,12 October 2023,96628,10-01-2024 21:45,12-10-2023 23:00
10744,442,3fc99b5ace443b8b20f99280b237d4982e82f01ce5bd5e1317cf9fe8,SP reward for iUSD,12 October 2023,33787,10-01-2024 21:45,12-10-2023 23:00
10745,442,785a9c718e4d80e2b612ccbf605200b61d0562d2f05c4ef3c4b9ed11,SP reward for iUSD,12 October 2023,11685,10-01-2024 21:45,12-10-2023 23:00
10746,442,a5519ef18d12dae09537ad81bef88d2cf26f0a098a611e2c38312c99,SP reward for iUSD,12 October 2023,28368,10-01-2024 21:45,12-10-2023 23:00
10747,442,1dd8c643a330ff68e47b63be8e261996c69d1708ad07a3788e522310,SP reward for iUSD,12 October 2023,133459,10-01-2024 21:45,12-10-2023 23:00
10748,442,1ec7a4dcfcb759b54f5acc35f348f1862a92992cab701e486a46e6b2,SP reward for iUSD,12 October 2023,2718,10-01-2024 21:45,12-10-2023 23:00
10749,442,ecf1cb14a49abe481c4930be126426df3a7468257a129575cd49b41b,SP reward for iUSD,12 October 2023,75076,10-01-2024 21:45,12-10-2023 23:00
10750,442,5f841de490d21c2b60d865852552b8a829e6ef4fabd1fee7ac7977bd,SP reward for iUSD,12 October 2023,58202,10-01-2024 21:45,12-10-2023 23:00
10751,442,a2d70cfaa0036c4e8ff9d67d82c708bedb8555d2d26d27953aa72b89,SP reward for iUSD,12 October 2023,1519800,10-01-2024 21:45,12-10-2023 23:00
10752,442,5a4fad55fdeabf0d0dfb5d4b75464bf5ee33a8f1edd2015dc0b39c24,SP reward for iUSD,12 October 2023,154099,10-01-2024 21:45,12-10-2023 23:00
10753,442,0a88cfdb4ec15ebaf1211179a242c9de1b82c0b7d567db563db83960,SP reward for iUSD,12 October 2023,317942,10-01-2024 21:45,12-10-2023 23:00
10754,442,6932deb22295a31fb022f0ab0542fa2b64c1b7574d6bacbb6e0c3e48,SP reward for iUSD,12 October 2023,3812,10-01-2024 21:45,12-10-2023 23:00
10755,442,00f2483408518f8f77107b4795978a23d7e3419783a1add171a70e01,SP reward for iUSD,12 October 2023,259970,10-01-2024 21:45,12-10-2023 23:00
10756,442,3ff27f47760d508cbc7e9db201e9fa0a985717f9cbfd307d429ba670,SP reward for iUSD,12 October 2023,1907333,10-01-2024 21:45,12-10-2023 23:00
10757,442,f480fbde43ef244fdc26d00d58708b3ebf0d6db3aeedc8d404c3bcd9,SP reward for iUSD,12 October 2023,38801,10-01-2024 21:45,12-10-2023 23:00
10758,442,4ee18dff52099c980cd8d3a1e85c37110cef73ff901eaabdabc12c60,SP reward for iUSD,12 October 2023,390876,10-01-2024 21:45,12-10-2023 23:00
10759,442,ff8e7203f15bca5e4a5daabba94cb4c7d76ec425eee4071a5299533c,SP reward for iUSD,12 October 2023,106395,10-01-2024 21:45,12-10-2023 23:00
10760,442,7e7cf0f8895addc5cee4e2c2139707a3ff156c06ab0158772912a1ae,SP reward for iUSD,12 October 2023,499597,10-01-2024 21:45,12-10-2023 23:00
10761,442,ddc7d434a87369990847553dbe9a0020ccbf868222cb6193b0303eca,SP reward for iUSD,12 October 2023,116641,10-01-2024 21:45,12-10-2023 23:00
10762,442,163e7ed3a11d4f07038eaa7266da150356eb2de38fbfc74992a1b2d2,SP reward for iUSD,12 October 2023,486,10-01-2024 21:45,12-10-2023 23:00
10763,442,b0418646136117e82f751e82489d865a6ec05301689d2ced4beecc3a,SP reward for iUSD,12 October 2023,47189,10-01-2024 21:45,12-10-2023 23:00
10764,442,cbab5a1070c1bb9df2ed2e466cdfd3fb4b1b7bd24af14e65b46ea556,SP reward for iUSD,12 October 2023,58202,10-01-2024 21:45,12-10-2023 23:00
10765,442,b3c0baac03f058345281c6f2e9b3cfb6a1d112ffd8e2dc5398b8ff27,SP reward for iUSD,12 October 2023,1529125,10-01-2024 21:45,12-10-2023 23:00
10766,442,95fa00657c1613aa2f6a3ff39b636d93ae3106ec72498d3e39b0fa8e,SP reward for iUSD,12 October 2023,90159,10-01-2024 21:45,12-10-2023 23:00
10767,442,b6cdf3c4560e284a5d05fdc1e919565e5e3b6bd51640855b450ccb41,SP reward for iUSD,12 October 2023,1967499,10-01-2024 21:45,12-10-2023 23:00
10768,442,442473fe94bec21e9f98a2aa1ee59955a336ec53ee7e9571a37919fe,SP reward for iUSD,12 October 2023,48570,10-01-2024 21:45,12-10-2023 23:00
10769,442,e31737eff954647c3cfb076fc5ec72a889d3d7b27a875fdf2fd1b379,SP reward for iUSD,12 October 2023,0,10-01-2024 21:45,12-10-2023 23:00
10770,442,64e14912b40c1db7d2bfd71e19890295f04e4a0bf0569050e379b62e,SP reward for iUSD,12 October 2023,604372,10-01-2024 21:45,12-10-2023 23:00
10771,442,d695b98ba895d0c874d7d3e37fcddc0abed1218af810673d64c9a4f0,SP reward for iUSD,12 October 2023,40730,10-01-2024 21:45,12-10-2023 23:00
10772,442,1de7b5c57a2c321f4d30e829c98ca17967671555659cd4679963a702,SP reward for iUSD,12 October 2023,311702,10-01-2024 21:45,12-10-2023 23:00
10773,442,ec9bd9c5e9a69a42d50d7c1a91d1f0331c0db89cdaff294efbb6f5d5,SP reward for iUSD,12 October 2023,44201,10-01-2024 21:45,12-10-2023 23:00
10774,442,5ba4f7eb27d46622d4728a365e4e78b349d96c40cb8e6b17b32814ad,SP reward for iUSD,12 October 2023,25812,10-01-2024 21:45,12-10-2023 23:00
10775,442,ee0d3f0402347e81228151903cf5249eb6303bf0e78b4f488263db90,SP reward for iUSD,12 October 2023,139,10-01-2024 21:45,12-10-2023 23:00
10776,442,f77212fba1bdb4ff7f24eca2412cabbc6b1b0a3b8f75645fe8f51b9a,SP reward for iUSD,12 October 2023,255895,10-01-2024 21:45,12-10-2023 23:00
10777,442,343a6e2b66f769abf99ad58bc6425690fd647ea7221a738a55d94bd6,SP reward for iUSD,12 October 2023,98124,10-01-2024 21:45,12-10-2023 23:00
10778,442,092b7b9ae9bfed9f25757ce431f885b079ba820ec102294ec9f18c5b,SP reward for iUSD,12 October 2023,31702,10-01-2024 21:45,12-10-2023 23:00
10779,442,7922b7b982018c9fb7dc9eba6ff0130ef2785f3b69febda1b3ebd513,SP reward for iUSD,12 October 2023,30717,10-01-2024 21:45,12-10-2023 23:00
10780,442,8873329f3abcaeb2b1164af90d4709146106c2e5922217d7ae5c82fd,SP reward for iUSD,12 October 2023,715352,10-01-2024 21:45,12-10-2023 23:00
10781,442,0dffd2d5af73d5577a3976d171582cf71c0b9c7ad342c2b148f7a369,SP reward for iUSD,12 October 2023,41664,10-01-2024 21:45,12-10-2023 23:00
10782,442,69db3ddacd4bd728026a19f9e8be6d41771d6cfb8cc1706798b3ad1b,SP reward for iUSD,12 October 2023,9837,10-01-2024 21:45,12-10-2023 23:00
10783,442,fd8b12e5733ab14abac15c45c5640e9b8a8dd42c7da181e367d5a210,SP reward for iUSD,12 October 2023,193786,10-01-2024 21:45,12-10-2023 23:00
10784,442,eb0382a090804495fc3003fde29059573bdb73ec2568ea91dc8c3984,SP reward for iUSD,12 October 2023,1370191,10-01-2024 21:45,12-10-2023 23:00
10785,442,803167cc20ac7658f5d139632317419c5ff0d4eeba12d1c7a7d9cf05,SP reward for iUSD,12 October 2023,232891,10-01-2024 21:45,12-10-2023 23:00
10786,442,9f376f894c2b994121f92765e48368c979e9c029a3f4e4ecea793e16,SP reward for iUSD,12 October 2023,15001293,10-01-2024 21:45,12-10-2023 23:00
10787,442,85bcc68578fe0326ae00e8aac5e6c5e734dfc3fc04d8e9a31d27c1ef,SP reward for iUSD,12 October 2023,12370217,10-01-2024 21:45,12-10-2023 23:00
10788,442,c873c75697322b5db843e9c249e669cc125c0e629ad3700729e101e6,SP reward for iUSD,12 October 2023,204045,10-01-2024 21:45,12-10-2023 23:00
10789,442,e6fdaba56d087a16a9d4cd4a298d537bb25843159bbe8c9dfcfa3530,SP reward for iUSD,12 October 2023,157264,10-01-2024 21:45,12-10-2023 23:00
10790,442,05f18a042f7922dc33589f39660bde4f8db1993b472e142d726ec32e,SP reward for iUSD,12 October 2023,110156,10-01-2024 21:45,12-10-2023 23:00
10791,442,5e13abe277486840e30f1659db877d7419046746b4e263c961e69b28,SP reward for iUSD,12 October 2023,8800147,10-01-2024 21:45,12-10-2023 23:00
10792,442,32f0c1cb0c852e6ae372fe350093a8125db1c779e6b1a3d531b1157a,SP reward for iUSD,12 October 2023,1818789,10-01-2024 21:45,12-10-2023 23:00
10793,442,17d29d0c794995d71da6ea5934500e087a6a17455de61b289c09386b,SP reward for iUSD,12 October 2023,33907,10-01-2024 21:45,12-10-2023 23:00
10794,442,98834a3e6ba9bfb2b67115492791bb63d58c51040303830f0a9143e2,SP reward for iUSD,12 October 2023,40308,10-01-2024 21:45,12-10-2023 23:00
10795,442,9057a63eaa2afa9e1f67bdb5d29fd62c59c91d0c79a30e225f079aca,SP reward for iUSD,12 October 2023,2965322,10-01-2024 21:45,12-10-2023 23:00
10796,442,2f01482df3484b64b0427ed10c3827a1d5219fa6a27a7c178620d97d,SP reward for iUSD,12 October 2023,513264,10-01-2024 21:45,12-10-2023 23:00
10797,442,05b8794c06e90623641bbc36252326edc2040d3f75ee94b9effbbda7,SP reward for iUSD,12 October 2023,25464,10-01-2024 21:45,12-10-2023 23:00
10798,442,18f797c7f4e5f911f82a3d0740bdfe2ee44513cd6cafb0ac425ce961,SP reward for iUSD,12 October 2023,143569,10-01-2024 21:45,12-10-2023 23:00
10799,442,d054a3e88aa7d909469f67c6bbaeab11aa87316f08c1eed2b6c2aed3,SP reward for iUSD,12 October 2023,514599,10-01-2024 21:45,12-10-2023 23:00
10800,442,982897eebb4516bb2e68c969145ed6b60afd9581c5395fd8d5f41671,SP reward for iUSD,12 October 2023,813702,10-01-2024 21:45,12-10-2023 23:00
10801,442,d84e831d588461cb5ee6885956aeebf1e280a9830bbe4a166a8f3ece,SP reward for iUSD,12 October 2023,768758,10-01-2024 21:45,12-10-2023 23:00
10802,442,a90c9789e1cc4e2b2b3f0623af62cf6c143918214776980f29b12d12,SP reward for iUSD,12 October 2023,116026,10-01-2024 21:45,12-10-2023 23:00
10803,442,697ed4b4d37e6505d79692e149459fdae0ccd24d11201f9034b6c006,SP reward for iUSD,12 October 2023,10303,10-01-2024 21:45,12-10-2023 23:00
10804,442,5f14eece267f4274f229339fbe54f9f6c207f3e565d81f17360f7314,SP reward for iUSD,12 October 2023,1394064,10-01-2024 21:45,12-10-2023 23:00
10805,442,50b834c5a9617a6a7d88fc1087764dc7df7d8929a68412245e3ddef9,SP reward for iUSD,12 October 2023,124928,10-01-2024 21:45,12-10-2023 23:00
10806,442,a10a23ec8c8bc86c8b39bb8d034a7ea407acf952bab967bbd8797d7f,SP reward for iUSD,12 October 2023,74863,10-01-2024 21:45,12-10-2023 23:00
10807,442,dc463d66e78fedc35745fc23dd9073df8049027d973305017e40c328,SP reward for iUSD,12 October 2023,37966,10-01-2024 21:45,12-10-2023 23:00
10808,442,1c348c0ee2a2c36691e877a0058da0def13243399ab568db8db5825c,SP reward for iUSD,12 October 2023,36503,10-01-2024 21:45,12-10-2023 23:00
10809,442,ce736383a9b512a93405b76edf6c6dacdcbe28d75891ac1de0aa339e,SP reward for iUSD,12 October 2023,2494880,10-01-2024 21:45,12-10-2023 23:00
10810,442,fbffa3ca1aa8b1911628181e1757f2976c4981da8ce4a1cd62cde4f0,SP reward for iUSD,12 October 2023,141387,10-01-2024 21:45,12-10-2023 23:00
10811,442,775ef1ace4264239a1f7713dfcf2509b35664a69ff58631d9ca7b43d,SP reward for iUSD,12 October 2023,123054,10-01-2024 21:45,12-10-2023 23:00
10812,442,0cb386bce313c0fb289c915ac51a6b364064c49a910efe10b25f1131,SP reward for iUSD,12 October 2023,9776,10-01-2024 21:45,12-10-2023 23:00
10813,442,d9c8b98111cec63a1f7e9f91c94c8fb21ead1f9057aee130e360af4c,SP reward for iUSD,12 October 2023,694449,10-01-2024 21:45,12-10-2023 23:00
10814,442,f28382adfa047a0f4258f6ebe2dc27f1b31852ad0afa692e553d75e0,SP reward for iUSD,12 October 2023,102830,10-01-2024 21:45,12-10-2023 23:00
10815,442,85dccd823a8eda33c9f680bb5dd7c09479fae10c95732a968f39ddad,SP reward for iUSD,12 October 2023,213055,10-01-2024 21:45,12-10-2023 23:00
10816,442,2e4fa47bb79e7a949afe7120907ed104d82118f209433130746e7c87,SP reward for iUSD,12 October 2023,710351,10-01-2024 21:45,12-10-2023 23:00
10817,442,694a11f7561643073c68202510f71c96127f1dfae84eeeeee2ae7a97,SP reward for iUSD,12 October 2023,260491,10-01-2024 21:45,12-10-2023 23:00
10818,442,0cc8211b4e1b8ad56ffa00ba5b8a54b14c58f48d692bb0957c1364d1,SP reward for iUSD,12 October 2023,38144,10-01-2024 21:45,12-10-2023 23:00
10819,442,058a5ab0c66647dcce82d7244f80bfea41ba76c7c9ccaf86a41b00fe,SP reward for iUSD,12 October 2023,388014,10-01-2024 21:45,12-10-2023 23:00
10820,442,268b50ad94f59bf74b844db64a206111490bce164673364de01ade99,SP reward for iUSD,12 October 2023,31903,10-01-2024 21:45,12-10-2023 23:00
10821,442,c835248f41cb65303bec60d767f0299ea458a19c8c04beb125513487,SP reward for iUSD,12 October 2023,398943,10-01-2024 21:45,12-10-2023 23:00
10822,442,ab0a64f658b137b30ef606a422077d26ffa7cb161c883140ea9a1222,SP reward for iUSD,12 October 2023,91812,10-01-2024 21:45,12-10-2023 23:00
10823,442,cb7e89fcaadfed571c5ed0b22579cce20b89e0407cfc051d8d97fc89,SP reward for iUSD,12 October 2023,5486848,10-01-2024 21:45,12-10-2023 23:00
10824,442,0be100b577b01fb14cd3163192a4b4ef9862a633c140ae6f2c8bf6c2,SP reward for iUSD,12 October 2023,19599,10-01-2024 21:45,12-10-2023 23:00
10825,442,f04e3a2f427f303624958a861d18f657e307e65da73922e8d823d573,SP reward for iUSD,12 October 2023,132958,10-01-2024 21:45,12-10-2023 23:00
10826,442,5d0278f262cee5584be34cb2ae2396dd2ce4f77be03268e418460e39,SP reward for iUSD,12 October 2023,431563,10-01-2024 21:45,12-10-2023 23:00
10827,442,d901310b443168e1fc2d91faeb7f64e19312a8f9ffa2280ad775c1fe,SP reward for iUSD,12 October 2023,1782137,10-01-2024 21:45,12-10-2023 23:00
10828,442,c6aef9c4dd86f4d87ee64da60a47365ddefcce6afe4f81ab201dcd59,SP reward for iUSD,12 October 2023,67813,10-01-2024 21:45,12-10-2023 23:00
10829,442,dede5b62baacdf9db0cc4d64e270375f1178959e709025adf86da9ac,SP reward for iUSD,12 October 2023,159638,10-01-2024 21:45,12-10-2023 23:00
10830,442,a05f633f38a2e39630741c08136382bf304be65bf5173b8de6ea8233,SP reward for iUSD,12 October 2023,97543,10-01-2024 21:45,12-10-2023 23:00
10831,442,5187bd9ddecc2fdfae36f4e67526cc8368478db4478c08bff6a708dc,SP reward for iUSD,12 October 2023,2836,10-01-2024 21:45,12-10-2023 23:00
10832,442,cb57b003edf212f5f09920822915fc2e42c6623428df6c2f9a4aadcd,SP reward for iUSD,12 October 2023,17699217,10-01-2024 21:45,12-10-2023 23:00
10833,442,464d259be57b9500cb956a40b3ac62bf2b6ec3b1d707d77a94e9df70,SP reward for iUSD,12 October 2023,665530,10-01-2024 21:45,12-10-2023 23:00
10834,442,553c24788c7e3923749226ba754c1230965e5a6881e269b89c108012,SP reward for iUSD,12 October 2023,53146,10-01-2024 21:45,12-10-2023 23:00
10835,442,fba609340b44a18a5167d83f7d91d290ee0a6402f9e91518774806fb,SP reward for iUSD,12 October 2023,24588,10-01-2024 21:45,12-10-2023 23:00
10836,442,698ceb483c24a183e0a9efbb33b25789c41494082421f4df6c75803e,SP reward for iUSD,12 October 2023,1611664,10-01-2024 21:45,12-10-2023 23:00
10837,442,c11f654d8903679a66bb77686c7c6f49d09af62f797185f8c7c0e49f,SP reward for iUSD,12 October 2023,426816,10-01-2024 21:45,12-10-2023 23:00
10838,442,282d71e3b5d2f953fda5e9e1060d58339fd99d5addcdad9c83b70e6a,SP reward for iUSD,12 October 2023,391963,10-01-2024 21:45,12-10-2023 23:00
10839,442,e334c9ac9cc8a7f379b6bbd5228bcc12af9b3677a88608f176f592cd,SP reward for iUSD,12 October 2023,323552,10-01-2024 21:45,12-10-2023 23:00
10840,442,d8873d99d8bac628cb99a6bfc97e0c7c1553286d4a62aedde875354b,SP reward for iUSD,12 October 2023,701892,10-01-2024 21:45,12-10-2023 23:00
10841,442,23a4132fbbc480b22e541ce9d36fb2dcf3e97d334f5f1f9cdda8579f,SP reward for iUSD,12 October 2023,4959,10-01-2024 21:45,12-10-2023 23:00
10842,442,94383c0e1505b2041179e4c62e9de5178cd95e9c4884a5a369e4bfdd,SP reward for iUSD,12 October 2023,5959295,10-01-2024 21:45,12-10-2023 23:00
10843,442,9f32afb76121b1f7b8f95eeb67e2e8c13346bd110e2f99ee02647139,SP reward for iUSD,12 October 2023,170605,10-01-2024 21:45,12-10-2023 23:00
10844,442,8fbf2dba947a3e4bcc194190c1bd62b068c0421e7e322c5f63a913f6,SP reward for iUSD,12 October 2023,31981,10-01-2024 21:45,12-10-2023 23:00
10845,442,d74a6efc13c28b96e80fa23036353ec62897443d0ee58a7cae63cb0b,SP reward for iUSD,12 October 2023,206235,10-01-2024 21:45,12-10-2023 23:00
10846,442,d82937c09e5b5a6194fe4f369106beb8d9013941e0546bfe3d674d8d,SP reward for iUSD,12 October 2023,141083,10-01-2024 21:45,12-10-2023 23:00
10847,442,e388024f70a31b9841cda41c8ae43867bce9bae07d348f222edc6081,SP reward for iUSD,12 October 2023,1305229,10-01-2024 21:45,12-10-2023 23:00
10848,442,d20a972f5bddebc47975b4d78f5a5ea7113b8311a84623fe58891b45,SP reward for iUSD,12 October 2023,28344,10-01-2024 21:45,12-10-2023 23:00
10849,442,9ef82b39ec0521ee2054f18b3811007af895c6a3248eb9bf458ebedd,SP reward for iUSD,12 October 2023,1169636,10-01-2024 21:45,12-10-2023 23:00
10850,442,c7433f16ccc68259a53af788ab3d7178af7b97152636957fb2c62dc1,SP reward for iUSD,12 October 2023,266432,10-01-2024 21:45,12-10-2023 23:00
10851,442,84a3845f1764ec4c31ea9d3a5d355b0d7ed82567fb46fc65a18685ad,SP reward for iUSD,12 October 2023,937387,10-01-2024 21:45,12-10-2023 23:00
10852,442,47893efd2d27dd035f8005af5b18cb452af194e3f61b19c57fee1c51,SP reward for iUSD,12 October 2023,5918442,10-01-2024 21:45,12-10-2023 23:00
10853,442,59e2aba1fb0abc61bee1f5f9a772d1681b69dc9b39c50831fd2fa80e,SP reward for iUSD,12 October 2023,14,10-01-2024 21:45,12-10-2023 23:00
10854,442,a98843c2533d5681e29cc5257c9cfa172b4eac792a04c4601962c0f8,SP reward for iUSD,12 October 2023,1756289,10-01-2024 21:45,12-10-2023 23:00
10855,442,57b3dadb9e3e83508002cfb84caf121224704722b831e82aeb9705a2,SP reward for iUSD,12 October 2023,54700,10-01-2024 21:45,12-10-2023 23:00
10856,442,079a22b7bbec3302d9294545f49453f016b7ff5d22a728431ba05ded,SP reward for iUSD,12 October 2023,5459924,10-01-2024 21:45,12-10-2023 23:00
10857,442,5704ede877045beaaf499cf2a9a7f73b1aec49880230fdbd61512f0e,SP reward for iUSD,12 October 2023,465,10-01-2024 21:45,12-10-2023 23:00
10858,442,2650b27630522d003c9542d54127d356f73714d289f491e8daff64f4,SP reward for iUSD,12 October 2023,320929,10-01-2024 21:45,12-10-2023 23:00
10859,442,74abc195569ef29da8d1cf2842d2a34b8e0f7a8b23722ba46606e998,SP reward for iUSD,12 October 2023,1513004,10-01-2024 21:45,12-10-2023 23:00
10860,442,8f72847f16ec95a2ea2a9c6a914ac2d2e45524e7f7665e17c664c32c,SP reward for iUSD,12 October 2023,20050082,10-01-2024 21:45,12-10-2023 23:00
10861,442,09cf80f8ab5cd027f911c64df907e63006e22a1f56f20ba093fe317c,SP reward for iUSD,12 October 2023,2317021,10-01-2024 21:45,12-10-2023 23:00
10862,442,88a1b78ff061c18bf631fed05ffd64139ec46bcfabdb8fd79c99f646,SP reward for iUSD,12 October 2023,8657975,10-01-2024 21:45,12-10-2023 23:00
10863,442,e435792ece3754f9a940629ec319e62c108f06fedc90da30504b776f,SP reward for iUSD,12 October 2023,572746,10-01-2024 21:45,12-10-2023 23:00
10864,442,1227be2193b0f03f9ced11395f01fec9baab09491e545787377e5787,SP reward for iUSD,12 October 2023,1733689,10-01-2024 21:45,12-10-2023 23:00
10865,442,d00c92d92560223d54d47e2332b1937f37e48f8faf44d2735e119b40,SP reward for iUSD,12 October 2023,206206,10-01-2024 21:45,12-10-2023 23:00
10866,442,36f8e2d7f56a884613705fdc41d538014cccd5b812e2628a5ddb0dd7,SP reward for iUSD,12 October 2023,570019,10-01-2024 21:45,12-10-2023 23:00
10867,442,d45412bd659b743dc194f012b7d5fb89e23cb3752460ce286879e9c8,SP reward for iUSD,12 October 2023,582879,10-01-2024 21:45,12-10-2023 23:00
10868,442,7423ab90ed86ee42a4e78d597414b265ae53e202ce56a3b1dfabbef1,SP reward for iUSD,12 October 2023,2554702,10-01-2024 21:45,12-10-2023 23:00
10869,442,2a186360f52023fb2e72d8f9db51d37c9cb73f2a0c9baa970d96b9da,SP reward for iUSD,12 October 2023,4611,10-01-2024 21:45,12-10-2023 23:00
10870,442,155786e476bb13cc43fa713f6f0ce67fd9978b8937adbea7fb9b897e,SP reward for iUSD,12 October 2023,0,10-01-2024 21:45,12-10-2023 23:00
10871,442,b56fdbb66dec9c967d89b574589a540521feb3e33cf3153e02d443e8,SP reward for iUSD,12 October 2023,40491,10-01-2024 21:45,12-10-2023 23:00
10872,442,cb54cfadf73e05aff09561a2fb16e0799fbe9f03b0c4d83b61fa9b4f,SP reward for iUSD,12 October 2023,1999913,10-01-2024 21:45,12-10-2023 23:00
10873,442,87f24e4fc4a1328618c93c8f4453858062ef19fad9a0da6a58897c3c,SP reward for iUSD,12 October 2023,257569,10-01-2024 21:45,12-10-2023 23:00
10874,442,c8af7ec346eb1242adaeebd3ad327b140d37d084dc75a3e026ce4b39,SP reward for iUSD,12 October 2023,138029,10-01-2024 21:45,12-10-2023 23:00
10875,442,c2174735c17d772c59d5d19d925f29092b36344e24964b3d115637b7,SP reward for iUSD,12 October 2023,112482,10-01-2024 21:45,12-10-2023 23:00
10876,442,8ae7c1900973787d73c17eb1ee974babede3d21b69489f0413815b9b,SP reward for iUSD,12 October 2023,28502,10-01-2024 21:45,12-10-2023 23:00
10877,442,fac447a7a795f2b08ce132a2daa6b394adbe5a6b5a378b705c20dd86,SP reward for iUSD,12 October 2023,8146,10-01-2024 21:45,12-10-2023 23:00
10878,442,a39922fbb194ad7cbb312e63adc84aec33bd4e385ff14dfda64e9eb5,SP reward for iUSD,12 October 2023,1502188,10-01-2024 21:45,12-10-2023 23:00
10879,442,6584bcf113af500d0a3da31cf71613891b5ec591bf920e03518cd20a,SP reward for iUSD,12 October 2023,1592646,10-01-2024 21:45,12-10-2023 23:00
10880,442,338f6ad73e0886541751486f71ceb084279c1ef0babe1ca9a2d58687,SP reward for iUSD,12 October 2023,3132229,10-01-2024 21:45,12-10-2023 23:00
10881,442,337cc0ebe91c677d32b45378aa718afb46e731d20dedca7e71fab356,SP reward for iUSD,12 October 2023,607295,10-01-2024 21:45,12-10-2023 23:00
10882,442,6e905d1b63238bc14a154abf1caf7d960df681fe54b912080253f388,SP reward for iUSD,12 October 2023,228388,10-01-2024 21:45,12-10-2023 23:00
10883,442,a74340a486e8463d7574049adacae6920b126c6776c41ff1fb0ed2ce,SP reward for iUSD,12 October 2023,41407,10-01-2024 21:45,12-10-2023 23:00
10884,442,da206c89b87c2a2e2d5230fa43b194e02a947da30dbf996d01e28a50,SP reward for iUSD,12 October 2023,60562,10-01-2024 21:45,12-10-2023 23:00
10885,442,991cdf984dad30fa2dcd54085e6d4b8689be3edbad0b8d4186c69e7f,SP reward for iUSD,12 October 2023,410930,10-01-2024 21:45,12-10-2023 23:00
10886,442,c19c3361c08376eaf1baaf5c4663dd51eea289a28b4e864a4bdfdd78,SP reward for iUSD,12 October 2023,59633746,10-01-2024 21:45,12-10-2023 23:00
10887,442,5cdd7f4959486306226ebcf1e43d45d7bfe2c4acd7ebafaf2c647248,SP reward for iUSD,12 October 2023,866334,10-01-2024 21:45,12-10-2023 23:00
10888,442,161478c8f8376606bcc5ae29a3d3c4efe4a06ae5009285f447daa51f,SP reward for iUSD,12 October 2023,561937,10-01-2024 21:45,12-10-2023 23:00
10889,442,fd79020d34bdd47dbdfbc9bd9b330d43a0ab87be0e6f96a7328591d0,SP reward for iUSD,12 October 2023,1027801,10-01-2024 21:45,12-10-2023 23:00
10890,442,ba9cdccfb43c0bb8236d5819a7086f1093d0c0a4d6b631ea5eed67bc,SP reward for iUSD,12 October 2023,2166913,10-01-2024 21:45,12-10-2023 23:00
10891,442,fcc20a843a102f03b5a67e2d9567fc74c70c2c2c294b85fa83086611,SP reward for iUSD,12 October 2023,62807674,10-01-2024 21:45,12-10-2023 23:00
10892,442,a4ae6b7d6fde02966811a441c04d72af1ad8a1bafd8684192c5c99f7,SP reward for iUSD,12 October 2023,97253,10-01-2024 21:45,12-10-2023 23:00
10893,442,d293f90ea2fd8c346edc313e42d1d8e3e739282dca078926377f6e1d,SP reward for iUSD,12 October 2023,1059043,10-01-2024 21:45,12-10-2023 23:00
10894,442,7b265e114f73e3211208c90e4ad81cc9c33949b1b14cf64f7bb83b90,SP reward for iUSD,12 October 2023,4608426,10-01-2024 21:45,12-10-2023 23:00
10895,442,3ad5dd18668f5b377db54b25779327cc864e6dfc639209a302c79c9a,SP reward for iUSD,12 October 2023,203317,10-01-2024 21:45,12-10-2023 23:00
10896,442,0b6d4094acb71999783c5f632377b48f9df9fc9e2d90e0fda2fdbdec,SP reward for iUSD,12 October 2023,748915,10-01-2024 21:45,12-10-2023 23:00
10897,442,e0ea68c3e09114bb8b746e67a3e44b5e4c0cdce33c07391dc1f61be2,SP reward for iUSD,12 October 2023,3138983,10-01-2024 21:45,12-10-2023 23:00
10898,442,f7315c71937b8ee2b38ba0cabbb3d24b34186c415cb1a75e1f383666,SP reward for iUSD,12 October 2023,19002,10-01-2024 21:45,12-10-2023 23:00
10899,442,10b776dcc1840a0606e0cad33d6641d643d7e13ace69c9646edf99dd,SP reward for iUSD,12 October 2023,3576522,10-01-2024 21:45,12-10-2023 23:00
10900,442,98c9ede2d55f7f080a56fae1fdaf13fba514696d0ca759c8994b7967,SP reward for iUSD,12 October 2023,1646341,10-01-2024 21:45,12-10-2023 23:00
10901,442,3d4d56f02ddccf47cbebceccd1d5fdf9e2f8020e8fd929e08318922b,SP reward for iUSD,12 October 2023,10495448,10-01-2024 21:45,12-10-2023 23:00
10902,442,fa9c7e0beaad372083bafd39c7cef554824a1e9eb21556676864ab7e,SP reward for iUSD,12 October 2023,10834217,10-01-2024 21:45,12-10-2023 23:00
10903,442,b895c57b4e6630d050de5e09138efc20f7e640d2bc8ffe1c0d14cfba,SP reward for iUSD,12 October 2023,1738548,10-01-2024 21:45,12-10-2023 23:00
10904,442,064bdec62473f25d5eb0cb4e051a3bfb6fd889f02e86c496539846b0,SP reward for iUSD,12 October 2023,47305,10-01-2024 21:45,12-10-2023 23:00
10905,442,35fc0d9a0b03f48768465620b16a3d5902a30dab99d4a7d2c08add5c,SP reward for iUSD,12 October 2023,3954730,10-01-2024 21:45,12-10-2023 23:00
10906,442,c5854b3494829859718d554f59b8fdef5ccec8fdccc9751344e24b3e,SP reward for iUSD,12 October 2023,6447,10-01-2024 21:45,12-10-2023 23:00
10907,442,6ab1e8f492b0ade359dcc23754a37711b11e09f3c300db387a7df62a,SP reward for iUSD,12 October 2023,905980,10-01-2024 21:45,12-10-2023 23:00
10908,442,d6e3d66efb7fa4952880722480e66467a350a17d78a96cdadf979d53,SP reward for iUSD,12 October 2023,1633317,10-01-2024 21:45,12-10-2023 23:00
10909,442,2b895e4b71b00c1b791f9f19402cd8a08898720bf4e990cc4eef77b9,SP reward for iUSD,12 October 2023,78693,10-01-2024 21:45,12-10-2023 23:00
10910,442,2a2acc24ba402b8086208c7018a49ae417d95461d2979b9d994f9035,SP reward for iUSD,12 October 2023,2730731,10-01-2024 21:45,12-10-2023 23:00
10911,442,0cc3fd8d76cf6637dd2bcf040015bb20a7845bee40ac164df50254b6,SP reward for iUSD,12 October 2023,3938122,10-01-2024 21:45,12-10-2023 23:00
10912,442,e6eea7abac12ee5189c640fc562f48ea59a2f121c8403ca97e34cb69,SP reward for iUSD,12 October 2023,52049,10-01-2024 21:45,12-10-2023 23:00
10913,442,df9ea106bd220f6e95c0d6f5a718f8815bafdb5e0421399feff70205,SP reward for iUSD,12 October 2023,146680,10-01-2024 21:45,12-10-2023 23:00
10914,442,9730f04ab71ff759ededcbc4f7b4c8b2353af6885f2741194c98ed61,SP reward for iUSD,12 October 2023,175228,10-01-2024 21:45,12-10-2023 23:00
10915,442,a181fb98e93e123144d85fee0993bd560ed91d82ccb4b9681bdecc95,SP reward for iUSD,12 October 2023,528680,10-01-2024 21:45,12-10-2023 23:00
10916,442,3faabb3508ee0fb5a909dd6e5b73d101c7e0d69fe91f75593c8033e0,SP reward for iUSD,12 October 2023,310165,10-01-2024 21:45,12-10-2023 23:00
10917,442,946c74a18ccd97a6cdb64318cb3374ab72e83c616d30d604e1cb8d20,SP reward for iUSD,12 October 2023,57903685,10-01-2024 21:45,12-10-2023 23:00
10918,442,149c6cbb53238fec80d8e323309c8d81a1ee81ff15cf45af7a16516b,SP reward for iUSD,12 October 2023,0,10-01-2024 21:45,12-10-2023 23:00
10919,442,6c543f866d7e82c724ab7bf7b8ca2568f3a72061fef7a192e8f34616,SP reward for iUSD,12 October 2023,3945652,10-01-2024 21:45,12-10-2023 23:00
10920,442,979f9f2d799f4b0fdc0c6503d435fd4d79d21411095c222a2226d19c,SP reward for iUSD,12 October 2023,3088656,10-01-2024 21:45,12-10-2023 23:00
10921,442,01da9d4fea55755b1bd3017417aeae4b69e15fda2bbdb49d739351ff,SP reward for iUSD,12 October 2023,8216,10-01-2024 21:45,12-10-2023 23:00
10922,442,8aa76b18d1a22584264b2e660df4cca898199cc0cdbb41af9f12fd0f,SP reward for iUSD,12 October 2023,1241327,10-01-2024 21:45,12-10-2023 23:00
10923,442,f1fd5fd7154759c785737edd86ea83fcedaa305ca780e20d69cf294a,SP reward for iUSD,12 October 2023,1441401,10-01-2024 21:45,12-10-2023 23:00
10924,442,8732d6ae48c07b2694e9918fcdfff84e0995b165d4615c32fc76a978,SP reward for iUSD,12 October 2023,1756422,10-01-2024 21:45,12-10-2023 23:00
10925,442,66245022306cc7bc7c408845ef8eff4b6f3e43b47de7941c95889e62,SP reward for iUSD,12 October 2023,1577352,10-01-2024 21:45,12-10-2023 23:00
10926,442,e09afca138bcdc4bf4da58eb17b98db2572818ba7ac17328f9db9118,SP reward for iUSD,12 October 2023,9811695,10-01-2024 21:45,12-10-2023 23:00
10927,442,e135f30c9c5c572d9dfa6bdc3d20f58403d163e6fb11aeae583a78f0,SP reward for iUSD,12 October 2023,31241,10-01-2024 21:45,12-10-2023 23:00
10928,442,a79e3310327ff57aec9921c729d9a81389fe10aaa398fda3e5ae0fb3,SP reward for iUSD,12 October 2023,900974,10-01-2024 21:45,12-10-2023 23:00
10929,442,2795b7b51bdf9be9e61f92f50bf27bf425f80dcb1044d6bc240c1ed0,SP reward for iUSD,12 October 2023,340290,10-01-2024 21:45,12-10-2023 23:00
10930,442,b85dff549239e4a2cb2ee05686b291f7e251c661364e610fd913475e,SP reward for iUSD,12 October 2023,201073,10-01-2024 21:45,12-10-2023 23:00
10931,442,b7f7ae08769181fd6287c83f74fe18cce31b5bad2e39eeb4ae982f68,SP reward for iUSD,12 October 2023,1888352,10-01-2024 21:45,12-10-2023 23:00
10932,442,072569588caa5cdfcfc07a1bc6e8731d835f6a6f5c077d1d6dee0756,SP reward for iUSD,12 October 2023,421047,10-01-2024 21:45,12-10-2023 23:00
10933,442,04b2d0d78cb7211ad2f3f155d56973076eb41dbe51040db046525ecf,SP reward for iUSD,12 October 2023,18523734,10-01-2024 21:45,12-10-2023 23:00
10934,442,5f75978f9c34609c4720a15d2cb51b1384ef0711a8e4afa7de0d060a,SP reward for iUSD,12 October 2023,483685,10-01-2024 21:45,12-10-2023 23:00
10935,442,8d936446136ef1c56b2be4d5a4f98e6fa1012788406a466f9b713fd0,SP reward for iUSD,12 October 2023,1839719,10-01-2024 21:45,12-10-2023 23:00
10936,442,51ba77a69f4bd280866f41ca99f33f4d0d82db2d7bd7d854b915fc06,SP reward for iUSD,12 October 2023,539349,10-01-2024 21:45,12-10-2023 23:00
10937,442,f5fc2163bd928f1bd4be6463323d1341eb5709ad2fc7780f3a0110bf,SP reward for iUSD,12 October 2023,3677727,10-01-2024 21:45,12-10-2023 23:00
10938,442,930a5a40fb419b4ca1a3d0a2f8cba25c0baeb5949e794034a7fbd1b4,SP reward for iUSD,12 October 2023,106279,10-01-2024 21:45,12-10-2023 23:00
10939,442,ca79ad389e53d6d78f64b08613237df256252d328a6adf8cd3fddaad,SP reward for iUSD,12 October 2023,1264572,10-01-2024 21:45,12-10-2023 23:00
10940,442,426dc9a8ffd26f37ef26cc1e2619df3223ecc9718d8d57801efc5ddc,SP reward for iUSD,12 October 2023,40188,10-01-2024 21:45,12-10-2023 23:00
10941,442,dddc26bc5c16b1fdccc13e72abfc5bbab373d7ceb98132fe51b39e33,SP reward for iUSD,12 October 2023,7666272,10-01-2024 21:45,12-10-2023 23:00
10942,442,9e424dfa5b06d4e6acfe6749af8d6a19bab26f56b09b4c321661e890,SP reward for iUSD,12 October 2023,127547,10-01-2024 21:45,12-10-2023 23:00
10943,442,e30a204b11986043cac4fca3022600e309ad1bd06963affb22fcf3a5,SP reward for iUSD,12 October 2023,4091890,10-01-2024 21:45,12-10-2023 23:00
10944,442,a13cf52d79177a8df19463e96c2d0629cb8affd4c658c60f7c618597,SP reward for iUSD,12 October 2023,9786740,10-01-2024 21:45,12-10-2023 23:00
10945,442,8c861a9b2a144a55f0c8ca8314bc57c3a580324b51fdc6ff2dd4a9d6,SP reward for iUSD,12 October 2023,3283627,10-01-2024 21:45,12-10-2023 23:00
10946,442,0696bd335a574f62f105d7e9eee0f7a2c84c21b9779fa4885654d8e2,SP reward for iUSD,12 October 2023,123179,10-01-2024 21:45,12-10-2023 23:00
10947,442,771cfa350bd4fdc1e17319971cc30b1f224eb81d8afd8ab7866deeb6,SP reward for iUSD,12 October 2023,4084116,10-01-2024 21:45,12-10-2023 23:00
10948,442,d683ff7b8b7ec25d210d61d015c0aa66c0befccaa031851d067af87b,SP reward for iUSD,12 October 2023,224526,10-01-2024 21:45,12-10-2023 23:00
10949,442,a8fe5934b7f4cb3a24db0ae235b002f777c72614d127bb3649809961,SP reward for iUSD,12 October 2023,47257,10-01-2024 21:45,12-10-2023 23:00
10950,442,c1199d9f8fec89635975b43432249e58999e9e1d85e8cff60ad5b329,SP reward for iUSD,12 October 2023,486581,10-01-2024 21:45,12-10-2023 23:00
10951,442,3b51d0cc84f801364b28475d2d494f4f3fb23fe7ab720ebb6bb75437,SP reward for iUSD,12 October 2023,94618,10-01-2024 21:45,12-10-2023 23:00
10952,442,548fece8d2f6e55efda4a70452343bc1f92cac3c1cf8ef250535c048,SP reward for iUSD,12 October 2023,1106963,10-01-2024 21:45,12-10-2023 23:00
10953,442,972bbf37a804f90fae9fee48576beb8611cf3da5cf4834df0cf7160c,SP reward for iUSD,12 October 2023,25683,10-01-2024 21:45,12-10-2023 23:00
10954,442,e2db0579454041b6d16ddc4745cf7f3ad3e0535ee838258f7af685f3,SP reward for iUSD,12 October 2023,122465,10-01-2024 21:45,12-10-2023 23:00
10955,442,0f87c9e4a0a8103f4c6ada1bffe2b608dbcfed9f22ead6d6541ea7f7,SP reward for iUSD,12 October 2023,14486,10-01-2024 21:45,12-10-2023 23:00
10956,442,520656bf9131c244f7925816da91de7e7b8f96b868d358641128120b,SP reward for iUSD,12 October 2023,483756,10-01-2024 21:45,12-10-2023 23:00
10957,442,4161da6570a522b9de574b45ae1ade7338a5dd8e69a40138fa57ac67,SP reward for iUSD,12 October 2023,1753980,10-01-2024 21:45,12-10-2023 23:00
10958,442,3e253558970a2b5956a66d2b5d7ef2a57edb8aaefe9c3ed9f96a4019,SP reward for iUSD,12 October 2023,1375497,10-01-2024 21:45,12-10-2023 23:00
10959,442,c59dfaaf43c38d28e4bf38064a298f6adff6f0ac28a81ca2ba81efd4,SP reward for iUSD,12 October 2023,41857,10-01-2024 21:45,12-10-2023 23:00
10960,442,058f356380a71f1d3d1e14c7f1abba5f716847dfe200f36c3a5aa949,SP reward for iUSD,12 October 2023,815539,10-01-2024 21:45,12-10-2023 23:00
10961,442,d1660b25e17cb23c44f9161fd71df2a4e847f5b1e0b23a4bae71423a,SP reward for iUSD,12 October 2023,130142785,10-01-2024 21:45,12-10-2023 23:00
10962,442,ebb3c77c9d613815a380172a1ccc3f14b656b3a637c068209100501e,SP reward for iUSD,12 October 2023,323372,10-01-2024 21:45,12-10-2023 23:00
10963,442,1be221caa2e043e3f2ac88126788bbab75a92f69f96c4ebd85e5d3da,SP reward for iUSD,12 October 2023,3592645,10-01-2024 21:45,12-10-2023 23:00
10964,442,597619e9233ddb715df243a0d183d89891f3204dcac08dcd692732ef,SP reward for iUSD,12 October 2023,1108170,10-01-2024 21:45,12-10-2023 23:00
10965,442,a0ff3365ef9cd002c84b6d003102a2c1004a3cc675b81d72e1afbf9d,SP reward for iUSD,12 October 2023,815544,10-01-2024 21:45,12-10-2023 23:00
10966,442,d5ffa4e09c6eaa4c882e10d3cc94b6c604e5982bf3715d40d4ec5351,SP reward for iUSD,12 October 2023,104153,10-01-2024 21:45,12-10-2023 23:00
10967,442,9442130f8971114afb57ca22fc0c8bbf9cdd009faba8c714a571d88a,SP reward for iUSD,12 October 2023,61300,10-01-2024 21:45,12-10-2023 23:00
10968,442,e0a01d855bcf78a32e506af2e884320d922b7e884afa2356776dada9,SP reward for iUSD,12 October 2023,1409053,10-01-2024 21:45,12-10-2023 23:00
10969,442,759b2ad795fb741546cb47086bf90dcbfc4e8144e62a824c815c1ffb,SP reward for iUSD,12 October 2023,1319058,10-01-2024 21:45,12-10-2023 23:00
10970,442,c05d3ab97abdcac7e81855b92b59afe40f18b059e9d8cceedc5ef511,SP reward for iUSD,12 October 2023,117447,10-01-2024 21:45,12-10-2023 23:00
10971,442,7ff4364ce33d555ba76e0f7fe601a9a8d5a4c33aadf2caa3c1277225,SP reward for iUSD,12 October 2023,35462,10-01-2024 21:45,12-10-2023 23:00
10972,442,6537c4f74f158a9511a2540c52d32fc302f74acb820acb7e938138dd,SP reward for iUSD,12 October 2023,72176,10-01-2024 21:45,12-10-2023 23:00
10973,442,15606a30af237ef3bfca6b3b7f22d22fe320630f02c84787d533896d,SP reward for iUSD,12 October 2023,1335424,10-01-2024 21:45,12-10-2023 23:00
10974,442,5b06d393e8dfcfc2b19ca8ecc91c242dd437ed72d917391264183f36,SP reward for iUSD,12 October 2023,226356,10-01-2024 21:45,12-10-2023 23:00
10975,442,0aaca0ecc770cb15636d6835e7d1800a38b28741c2eb0e51cddac52f,SP reward for iUSD,12 October 2023,508855,10-01-2024 21:45,12-10-2023 23:00
10976,442,867d0bbc161fa9b4c7fb242b55ac34e39a4c5cb3945ecee645ad2061,SP reward for iUSD,12 October 2023,815272,10-01-2024 21:45,12-10-2023 23:00
10977,442,38912a457ed1811244cdbc1c358671491a7b2844953774a86fa765dc,SP reward for iUSD,12 October 2023,578360,10-01-2024 21:45,12-10-2023 23:00
10978,442,ce654cc45f56f912cea1031b56bf9fdbbd49f77c0717e017805850a5,SP reward for iUSD,12 October 2023,377582,10-01-2024 21:45,12-10-2023 23:00
10979,442,ea29ab4f2420255302bd2c56e8fe74a36f0fcc96a30cf5fad9994b4a,SP reward for iUSD,12 October 2023,6359448,10-01-2024 21:45,12-10-2023 23:00
10980,442,adf9274c6b2a09d1f352088cee4c939f9c8b95f75f761e6927bded63,SP reward for iUSD,12 October 2023,66485,10-01-2024 21:45,12-10-2023 23:00
10981,442,616ae6f4803b2d581ebd1d5cf6b74c35cd5ab3a1b9bd992a9cbee44b,SP reward for iUSD,12 October 2023,145172,10-01-2024 21:45,12-10-2023 23:00
10982,442,fc1c84e08e8e47cda82dfe5d2778002da43570516efe2517c7878226,SP reward for iUSD,12 October 2023,1250,10-01-2024 21:45,12-10-2023 23:00
10983,442,9adca998ba0dd97e2f2720c2ae640088796272ec3f41a6cdf8819fe4,SP reward for iUSD,12 October 2023,51451,10-01-2024 21:45,12-10-2023 23:00
10984,442,9d2414ab252cdd877f2b5aafa6eb7dd60cbf1bb4871ed9e184ed1078,SP reward for iUSD,12 October 2023,1413033,10-01-2024 21:45,12-10-2023 23:00
10985,442,ec189db91bbc7706bf3725f0d2ef8cef34d22b069510395f09fe78c6,SP reward for iUSD,12 October 2023,337063,10-01-2024 21:45,12-10-2023 23:00
10986,442,67b7442696af08df16dc9ca0202f8103f63c679a45df9719c7640e70,SP reward for iUSD,12 October 2023,1629011,10-01-2024 21:45,12-10-2023 23:00
10987,442,c05a3bb916f898f5a4bb6886e7eca889c8f0e337ca7d0ac8a23aadf3,SP reward for iUSD,12 October 2023,1338181,10-01-2024 21:45,12-10-2023 23:00
10988,442,31161a3f479812bb1b676672d89d870a9eb53209c5ac33bec960388e,SP reward for iUSD,12 October 2023,1585267,10-01-2024 21:45,12-10-2023 23:00
10989,442,48d0e3a17973c514a8e6d4f8bb3642a6873ce9b2240ccce4ef953e09,SP reward for iUSD,12 October 2023,13822974,10-01-2024 21:45,12-10-2023 23:00
10990,442,3caee35d0a5e9a6cf25a30b78787b18bef083a4b6342b9717af1bd73,SP reward for iUSD,12 October 2023,1036,10-01-2024 21:45,12-10-2023 23:00
10991,442,5f431f57ad76f9c3feaf03809fb3ba95da61f53fda601021a73f8040,SP reward for iUSD,12 October 2023,2660601,10-01-2024 21:45,12-10-2023 23:00
10992,442,3fd2e25d97a94982155facf50aa12a8b8d12b594d4056660e4a3b86e,SP reward for iUSD,12 October 2023,549848,10-01-2024 21:45,12-10-2023 23:00
10993,442,8c52a614e258853f5194998ddc2ea49943152e67b55e2dddb08f031d,SP reward for iUSD,12 October 2023,3992484,10-01-2024 21:45,12-10-2023 23:00
10994,442,019f3d35ef1c1067784c46f9b165150919cdefda177dd301af373051,SP reward for iUSD,12 October 2023,65777,10-01-2024 21:45,12-10-2023 23:00
10995,442,df027e77e46f186b37c7dd5ef8df0aa6e03402fc383f90bcb28eec6c,SP reward for iUSD,12 October 2023,476661,10-01-2024 21:45,12-10-2023 23:00
10996,442,a37fab79f14d68ea324942d0acb658d887671d6c09f3a5c9284f2348,SP reward for iUSD,12 October 2023,441745,10-01-2024 21:45,12-10-2023 23:00
10997,442,d94f9bc0ffe11ad1005b22a6e5c2b471b29c53510aa81514fc24d95a,SP reward for iUSD,12 October 2023,27768,10-01-2024 21:45,12-10-2023 23:00
10998,442,58c7f9acba6b471706387121c33623fa2d810fe5df6b4b11b72710d6,SP reward for iUSD,12 October 2023,1120323,10-01-2024 21:45,12-10-2023 23:00
10999,442,9bd3f69b4c63d599fdad5b151e8ea20bb61a05995cba211562730ec5,SP reward for iUSD,12 October 2023,415384,10-01-2024 21:45,12-10-2023 23:00
11000,442,f772160fc113955ca1abcd75d7ad581be0665505aabdd70106d59cde,SP reward for iUSD,12 October 2023,99352,10-01-2024 21:45,12-10-2023 23:00
11001,442,9c2b04c3d361d4d72878e7c0c067ce6cdf9f29561bfab5c59728c4e2,SP reward for iUSD,12 October 2023,1541086,10-01-2024 21:45,12-10-2023 23:00
11002,442,85c66ed26b27050fbc7bebe3c85f283ea848da45f15dd05469477684,SP reward for iUSD,12 October 2023,41629,10-01-2024 21:45,12-10-2023 23:00
11003,442,07be0c021a1d4a26ad6e2761767b186961d184259a365cda60002925,SP reward for iUSD,12 October 2023,2719498,10-01-2024 21:45,12-10-2023 23:00
11004,442,c7844a7008ebbd1b2d88d0897769094aca05b7146c3e54cb92182efd,SP reward for iUSD,12 October 2023,3926149,10-01-2024 21:45,12-10-2023 23:00
11005,442,69cc71ae506283df9ddbc57cdbf9a22e090ac05fcb9ba3d1c88445b6,SP reward for iUSD,12 October 2023,151466,10-01-2024 21:45,12-10-2023 23:00
11006,442,32ccbda6329e7a4eeb9c07b53d1b65e9b2c0816c637638070e4b8e22,SP reward for iUSD,12 October 2023,20958,10-01-2024 21:45,12-10-2023 23:00
11007,442,97bf01e140f1cd68d8f3e3fa882f1f10784d33847cbdd3562934fca0,SP reward for iUSD,12 October 2023,6922021,10-01-2024 21:45,12-10-2023 23:00
11008,442,2fa90762885118cf0d7de7ae738a15b63e6faef020101de74c581ffb,SP reward for iUSD,12 October 2023,1099421,10-01-2024 21:45,12-10-2023 23:00
11009,442,ed67c1814130e1843ff71ecceb55817834bc41071a996d3c3683ff07,SP reward for iUSD,12 October 2023,126440,10-01-2024 21:45,12-10-2023 23:00
11010,442,134772ad86746619dd39c1bcfd82c5cbec2872f3fbbae1c289e2c7c4,SP reward for iUSD,12 October 2023,18405,10-01-2024 21:45,12-10-2023 23:00
11011,442,28e6f2f013c597fb1c39699e5bb4c81671f48d77facd478638908785,SP reward for iUSD,12 October 2023,525033,10-01-2024 21:45,12-10-2023 23:00
11012,442,1afac53a4d1a00fdc5c19991c9ab585d92ed50cb9c71ba9c61a36106,SP reward for iUSD,12 October 2023,33149,10-01-2024 21:45,12-10-2023 23:00
11013,442,3da346f70a54cbb8b92754bca59a712f0fbdee9ec98a719610fc516d,SP reward for iUSD,12 October 2023,92991,10-01-2024 21:45,12-10-2023 23:00
11014,442,15f8cfb4da9cb42c4d6e84279d1b38591c14757ffdc34c84d1bcf18d,SP reward for iUSD,12 October 2023,466498,10-01-2024 21:45,12-10-2023 23:00
11015,442,a7793000be35ab0dd64570208d714684e292588d3067948d9cab4b62,SP reward for iUSD,12 October 2023,2274590,10-01-2024 21:45,12-10-2023 23:00
11016,442,f523a5f3501a8277b92972279f52a33a739695801150b40b93894095,SP reward for iUSD,12 October 2023,233189,10-01-2024 21:45,12-10-2023 23:00
11017,442,e464f30caf386f8e7e5c26271a2ec64ac5fe6225d60ba008143b26f8,SP reward for iUSD,12 October 2023,212270,10-01-2024 21:45,12-10-2023 23:00
11018,442,49c2c4f76f238563c5990a35705da21a365ec249e73a1f9bac2893a7,SP reward for iUSD,12 October 2023,2039432,10-01-2024 21:45,12-10-2023 23:00
11019,442,20e6fbd5dc1f0edd267fd7d81a4ee11caa622a2d9f0bf88f98bdec4f,SP reward for iUSD,12 October 2023,5197264,10-01-2024 21:45,12-10-2023 23:00
11020,442,566ee768618e6939c13d38bd4a6b23e2693713d7b7c32ee6f5ec327e,SP reward for iUSD,12 October 2023,261629,10-01-2024 21:45,12-10-2023 23:00
11021,442,463a5cf576b278f5b6ab89f7c531d77640d68b6984c5243b76eeafc7,SP reward for iUSD,12 October 2023,43584496,10-01-2024 21:45,12-10-2023 23:00
11022,442,1d78675c4c641307a6ee67c1632f84df8df0a86997fd07f1c2722d5b,SP reward for iUSD,12 October 2023,24467678,10-01-2024 21:45,12-10-2023 23:00
11023,442,31eec5d71937555a28119e20dadcbe20b67b367b2f31f21957466444,SP reward for iUSD,12 October 2023,2007422,10-01-2024 21:45,12-10-2023 23:00
11024,442,3068b11c69d8a302fc06eeafbf4925a5f538082cb460ee4fe572affb,SP reward for iUSD,12 October 2023,1162146,10-01-2024 21:45,12-10-2023 23:00
11025,442,9c27d064a05530a230fd70489e45395ffe983454d84321fe4e75f3f9,SP reward for iUSD,12 October 2023,202438,10-01-2024 21:45,12-10-2023 23:00
11026,442,790f75f1646bc1e3b0011ba02ba4aafdc814e628089b279c26496bfa,SP reward for iUSD,12 October 2023,78624,10-01-2024 21:45,12-10-2023 23:00
11027,442,e33786fcf09ced1747bbd86e3e123a529483cc477932d9f25c4b0d56,SP reward for iUSD,12 October 2023,20389,10-01-2024 21:45,12-10-2023 23:00
11028,442,ee5592e3bff712a914258c52f57873c0cfc73a7b2c25008fedbcdf9d,SP reward for iUSD,12 October 2023,662965,10-01-2024 21:45,12-10-2023 23:00
11029,442,58acdc666be0607f37ef7af4e459bff0d7e376987c21ef77e8e31f6d,SP reward for iUSD,12 October 2023,399852,10-01-2024 21:45,12-10-2023 23:00
11030,442,3106f6e4a4134df3c3b01a609be2569822f8d662843ad0c6b129ef57,SP reward for iUSD,12 October 2023,170381,10-01-2024 21:45,12-10-2023 23:00
11031,442,bd1facdfaebaaa1e6ad72fe8875efa4365dec911f322dd62e5cc1108,SP reward for iUSD,12 October 2023,1730113,10-01-2024 21:45,12-10-2023 23:00
11032,442,c480783df5b96cc1a051c2bbe8c96d842a2743c747f303c656613e19,SP reward for iUSD,12 October 2023,289259,10-01-2024 21:45,12-10-2023 23:00
11033,442,c89afc2da9175089b41172171fccd8eab4fab0a4c4576d3240e0e2a0,SP reward for iUSD,12 October 2023,385130,10-01-2024 21:45,12-10-2023 23:00
11034,442,b6756686f4eb2913773cd154afd06f721a1eeeb6dd84d37b099acb14,SP reward for iUSD,12 October 2023,255206,10-01-2024 21:45,12-10-2023 23:00
11035,442,7726c3a8c946ad37f87999b66a310d03022322dc54f1a1483b65caf7,SP reward for iUSD,12 October 2023,622626,10-01-2024 21:45,12-10-2023 23:00
11036,442,356ab0d504a33050409178365d8033dfafdcb47f3c68c96db35ed1dc,SP reward for iUSD,12 October 2023,1463521,10-01-2024 21:45,12-10-2023 23:00
11037,442,34b9eb31c69076b836788f32cc4f00a21725cbccace3077105c00801,SP reward for iUSD,12 October 2023,154339,10-01-2024 21:45,12-10-2023 23:00
11038,442,38a6b071d8b300a0a8219cb49ae293024f466985a89f62d6188d0388,SP reward for iUSD,12 October 2023,346,10-01-2024 21:45,12-10-2023 23:00
11039,442,c3945d89b9f99ee385a09971bc4d7bdeedf5e6f809f8f72816ddd692,SP reward for iUSD,12 October 2023,304014,10-01-2024 21:45,12-10-2023 23:00
11040,442,bbd31c139830bdb621bc7f6eb3a95a2f1a9e338466cc28e67e0e9176,SP reward for iUSD,12 October 2023,204307,10-01-2024 21:45,12-10-2023 23:00
11041,442,f8eb5d7378d4d251f3bceece697da34c1d0948481df35d21627dc12e,SP reward for iUSD,12 October 2023,7719871,10-01-2024 21:45,12-10-2023 23:00
11042,442,2e36826d65aabaeb8de141a240ba66e04b5b95764abb00acbe9462f6,SP reward for iUSD,12 October 2023,1454020,10-01-2024 21:45,12-10-2023 23:00
11043,442,602b1ace1b71e19ed66c18aea5034eba1835fcd1f1af03ccdafccd8a,SP reward for iUSD,12 October 2023,2364622,10-01-2024 21:45,12-10-2023 23:00
11044,442,03957962e6d6b35f0c6198ab2869a543a2b940ced3c2ef5c1b067297,SP reward for iUSD,12 October 2023,2718672,10-01-2024 21:45,12-10-2023 23:00
11045,442,d8dc639f4acfae62f5542765643c3dbed62ff861834dbe3ffe374e2f,SP reward for iUSD,12 October 2023,193085,10-01-2024 21:45,12-10-2023 23:00
11046,442,477246487885da2080ac3ba82751d27a45e14f90175f8f358547939e,SP reward for iUSD,12 October 2023,5382946,10-01-2024 21:45,12-10-2023 23:00
11047,442,6362594e81cc4bf5946e14a30cf676df0db656ba14dadf367ab90167,SP reward for iUSD,12 October 2023,2309828,10-01-2024 21:45,12-10-2023 23:00
11048,442,b0d6004a93f5ebcbca3d9df0d90dd40d56118c2d092bf4073450c7cf,SP reward for iUSD,12 October 2023,56354,10-01-2024 21:45,12-10-2023 23:00
11049,442,675b807ea9db6ba3e0c36d27e7372ed6fbe458369582f43cc40d204b,SP reward for iUSD,12 October 2023,2330986,10-01-2024 21:45,12-10-2023 23:00
11050,442,c97315e414c9b15a013f216d0345e1669cfbdd86681ed6891e1eb33f,SP reward for iUSD,12 October 2023,1628992,10-01-2024 21:45,12-10-2023 23:00
11051,442,db54bcae18acd1d59a371bd68630025ea86c34496cd7a50f66941c8c,SP reward for iUSD,12 October 2023,360600,10-01-2024 21:45,12-10-2023 23:00
11052,442,57e92d3e09431522de9fc2d1a499f59e997484bb93eb418d77ca727d,SP reward for iUSD,12 October 2023,2650324,10-01-2024 21:45,12-10-2023 23:00
11053,442,8a116fd370e6f96a9c008b885423555af7b57a39644593768bd24ec9,SP reward for iUSD,12 October 2023,203645,10-01-2024 21:45,12-10-2023 23:00
11054,442,e3c282ec2d0472122cdab3e4c64988c7ea90154a2c3b0b3842b13812,SP reward for iUSD,12 October 2023,1300368,10-01-2024 21:45,12-10-2023 23:00
11055,442,b9a88f9937812d62270598b7d72d15364271ece5276dac5636f3612a,SP reward for iUSD,12 October 2023,415873,10-01-2024 21:45,12-10-2023 23:00
11056,442,e60036e669f3f5eeb7b9eaa7634b5f6559b63f452c1c07b561dabdd6,SP reward for iUSD,12 October 2023,1223312,10-01-2024 21:45,12-10-2023 23:00
11057,442,06126a123250e0920b44678709da9d6d06d9edca5ecc7c532ac49aad,SP reward for iUSD,12 October 2023,6359407,10-01-2024 21:45,12-10-2023 23:00
11058,442,b1cf6e2d6f48b04ca81b5240c6863c43be3dde6202a121800a79efad,SP reward for iUSD,12 October 2023,112992,10-01-2024 21:45,12-10-2023 23:00
11059,442,84c9a45c5123c84cb6186adf1f103d3cb4793808002903cca2cbf9d3,SP reward for iUSD,12 October 2023,184036,10-01-2024 21:45,12-10-2023 23:00
11060,442,24f988ff2d6c698e40546682235b29ce08d28d58610087a8b51d4f7b,SP reward for iUSD,12 October 2023,106022,10-01-2024 21:45,12-10-2023 23:00
11061,442,37659fd936489ba08c0f7122f30d034594d20804392ba14cd2a6d362,SP reward for iUSD,12 October 2023,6068,10-01-2024 21:45,12-10-2023 23:00
11062,442,d815c1f4f8e6ea1b4dc012b9d6d48d8ca315c7cddc030c3c7bf780bf,SP reward for iUSD,12 October 2023,3047306,10-01-2024 21:45,12-10-2023 23:00
11063,442,3763f45c7d35bfe90ca08bf7715f3bb84347e80cb3ed92ee67367b1e,SP reward for iUSD,12 October 2023,714037,10-01-2024 21:45,12-10-2023 23:00
11064,442,1df63cc335e2a445f6966f645c3bf1150e8bea0bf025a17431df1b19,SP reward for iUSD,12 October 2023,1937136,10-01-2024 21:45,12-10-2023 23:00
11065,442,568b65fadfb32178198768d1bff91956f5dba957701ce300719237b4,SP reward for iUSD,12 October 2023,2737879,10-01-2024 21:45,12-10-2023 23:00
11066,442,9b5ca3c44c5b45ec37beb7dba0a3376e091d5d78dd13e3f5d6900701,SP reward for iUSD,12 October 2023,156248,10-01-2024 21:45,12-10-2023 23:00
11067,442,83f774ceadbc91b2bf50c6f36088196389100ad4145260fa555011b2,SP reward for iUSD,12 October 2023,32754081,10-01-2024 21:45,12-10-2023 23:00
11068,442,f9923c442169c78c8497d522bc88de59231aa0f68a45a7d70432fcf7,SP reward for iUSD,12 October 2023,205935,10-01-2024 21:45,12-10-2023 23:00
11069,442,fbef6731c54624c0a119298ccf1f1d4a764c8c8ca250c1a855e4cb98,SP reward for iUSD,12 October 2023,102305,10-01-2024 21:45,12-10-2023 23:00
11070,442,b6c8fe09bf3e01359bb5e52c84ff99fc767338874c39af9ae0a6ff61,SP reward for iUSD,12 October 2023,527244,10-01-2024 21:45,12-10-2023 23:00
11071,442,ff459cbd1daf01031d056e85b0495b66ae7167dca9cbfa0f6a77b73c,SP reward for iUSD,12 October 2023,7517,10-01-2024 21:45,12-10-2023 23:00
11072,442,d1e84ced90cffff9442cc47648e7e407a8fc75dbd8eda0c7940d0ba7,SP reward for iUSD,12 October 2023,8556230,10-01-2024 21:45,12-10-2023 23:00
11073,442,f90286cdbcbcace1a08c240643031a82a7e443d38affc318b3203340,SP reward for iUSD,12 October 2023,75376,10-01-2024 21:45,12-10-2023 23:00
11074,442,bac21d6e640bca31e1e2192d788000937e1aeebc73ffebf36f8e3f61,SP reward for iUSD,12 October 2023,2750476,10-01-2024 21:45,12-10-2023 23:00
11075,442,19b46b0b16bbbc3a6f7b67ddd2a5e21dbe1b3b232a9e02109c20350f,SP reward for iUSD,12 October 2023,5026506,10-01-2024 21:45,12-10-2023 23:00
11076,442,39877111400f9a79d24abcc719b82f76dfe94cdb01f2cc8108f6bc87,SP reward for iUSD,12 October 2023,167215,10-01-2024 21:45,12-10-2023 23:00
11077,442,793e0684fd2dfa7d12295503072537909790139c8f47c8d84a54a58a,SP reward for iUSD,12 October 2023,930665,10-01-2024 21:45,12-10-2023 23:00
11078,442,62669c7b2fa3a398a172523e076ee963f74cf17345505391d2cbbe81,SP reward for iUSD,12 October 2023,5097290,10-01-2024 21:45,12-10-2023 23:00
11079,442,b11f12e256590d6f349702a08a9def66cbc7b490cba621d3a6b51f81,SP reward for iUSD,12 October 2023,35416861,10-01-2024 21:45,12-10-2023 23:00
11080,442,e1a8082c47e07a5033dac58e317d904b814c3a3d26d9abe1647274b7,SP reward for iUSD,12 October 2023,713810,10-01-2024 21:45,12-10-2023 23:00
11081,442,c3830b9a5c243a77b2326f19f0edcbdaf25b24d271c10effc510dd1e,SP reward for iUSD,12 October 2023,349419,10-01-2024 21:45,12-10-2023 23:00
11082,442,f0759375e806e0212efd939c5734c9894fd1f309d3da6471e068bdde,SP reward for iUSD,12 October 2023,3446560,10-01-2024 21:45,12-10-2023 23:00
11083,442,fc20e842413e9a330b9af6cfc94c587341c3d17171a0745bd7760c7b,SP reward for iUSD,12 October 2023,275876,10-01-2024 21:45,12-10-2023 23:00
11084,442,7d5b6a4c6a729bcc64f2d0fda08165edee4cbe08d27c3469d6310ab5,SP reward for iUSD,12 October 2023,2440240,10-01-2024 21:45,12-10-2023 23:00
11085,442,0f602b5d99125a213ff9978c6dfca3147a2daf71d7baa9807b6d395b,SP reward for iUSD,12 October 2023,60142,10-01-2024 21:45,12-10-2023 23:00
11086,442,2cecd0fd37e5687e134176c75bd4ce60bbe35b5d44f9f35831a6fc6b,SP reward for iUSD,12 October 2023,614406,10-01-2024 21:45,12-10-2023 23:00
11087,442,dc02a9a676d69f4e922c09f33317f719240fbb8b2e53993055b5bfa8,SP reward for iUSD,12 October 2023,46549,10-01-2024 21:45,12-10-2023 23:00
11088,442,50b984ca982d833e08f2bd2124164aef4193d86503cb484ecbeb1abc,SP reward for iUSD,12 October 2023,405162,10-01-2024 21:45,12-10-2023 23:00
11089,442,3440301225c582d0a5a6a0a5beec84e9589d670ed742b1cf94d7200c,SP reward for iUSD,12 October 2023,248240,10-01-2024 21:45,12-10-2023 23:00
11090,442,6529526c142d3ad732905661d94ccde0cb84f9c32b804a94c6f0d496,SP reward for iUSD,12 October 2023,21868,10-01-2024 21:45,12-10-2023 23:00
11091,442,16af0db2d287df23f43f80b06b04415537fd9b6408c1cb5894da1329,SP reward for iUSD,12 October 2023,3033327,10-01-2024 21:45,12-10-2023 23:00
11092,442,7502c5c924fda27047c2cdff8e5a3ebf823c8427387b674b12b0203d,SP reward for iUSD,12 October 2023,64729,10-01-2024 21:45,12-10-2023 23:00
11093,442,ebb991fd7a308e0c5801dea21c6f29c56a0a7f0718eaab26f17cfd71,SP reward for iUSD,12 October 2023,17486,10-01-2024 21:45,12-10-2023 23:00
11094,442,4fef1de46ca4dffc70cafbce94918dc9e28000d395411532f418a73d,SP reward for iUSD,12 October 2023,1249696,10-01-2024 21:45,12-10-2023 23:00
11095,442,18e4a3d3fcc5dee4b932b901795dd9f7e6ac57c448fca07e2f564029,SP reward for iUSD,12 October 2023,277046,10-01-2024 21:45,12-10-2023 23:00
11096,442,f28c3220c1ae8fc4846b5a19a3f967b01d23baf00eceb0a1d20798a4,SP reward for iUSD,12 October 2023,1419758,10-01-2024 21:45,12-10-2023 23:00
11097,442,f3130be9403c8d8e8ceb4803c8ebd09bca4bc858cc1a2f3d5df7df44,SP reward for iUSD,12 October 2023,1041830,10-01-2024 21:45,12-10-2023 23:00
11098,442,acbe358480fadcc61b45f05bb1a0ce24fac05c7ceb808b6426f19a32,SP reward for iUSD,12 October 2023,891272,10-01-2024 21:45,12-10-2023 23:00
11099,442,a753860cbfd3884ffd93ee7ae4762a618855a982c2bcff3da2623281,SP reward for iUSD,12 October 2023,40777,10-01-2024 21:45,12-10-2023 23:00
11100,442,eff15a8eee7dbe991d1c3779f3bd9c07e99324872ae6cc7dadd673c4,SP reward for iUSD,12 October 2023,620602,10-01-2024 21:45,12-10-2023 23:00
11101,442,ac2046ccb667a00d612e1d217598538ff8534c61a606aa5cea610b0e,SP reward for iUSD,12 October 2023,536369,10-01-2024 21:45,12-10-2023 23:00
11102,442,fd604bfce2089228bb84742efa2a90ad7f678753149f4949b376143f,SP reward for iUSD,12 October 2023,6902563,10-01-2024 21:45,12-10-2023 23:00
11103,442,5d6cf27ed5bb7540f7d6c438ca36abddf5d14e80c1296c53e8528428,SP reward for iUSD,12 October 2023,817284,10-01-2024 21:45,12-10-2023 23:00
11104,442,b13f6eedf1c86039db072fa86c1dcfdc43e2521cdd829816c4eeebfa,SP reward for iUSD,12 October 2023,656511,10-01-2024 21:45,12-10-2023 23:00
11105,442,4666d47f11e1b5bb0466790bd92e1ffc477a94229862fe75e2bac853,SP reward for iUSD,12 October 2023,1639652,10-01-2024 21:45,12-10-2023 23:00
11106,442,3e608b808ac2b73e56d957e5fd8cf54a8e3aba6cd767ea493d43c857,SP reward for iUSD,12 October 2023,333570,10-01-2024 21:45,12-10-2023 23:00
11107,442,0de7c3f3373ee0b1fa6291fddb92a9f4c95e4d641aa2a3d95ed3427f,SP reward for iUSD,12 October 2023,360411,10-01-2024 21:45,12-10-2023 23:00
11108,442,55ef464ca22cf92698284b40810e51777b3bbaece5007d513dd80d3d,SP reward for iUSD,12 October 2023,185597,10-01-2024 21:45,12-10-2023 23:00
11109,442,3c214daef68d919ae91cc5eb7447fc6d795b6019a6df4e3191028999,SP reward for iUSD,12 October 2023,1360724,10-01-2024 21:45,12-10-2023 23:00
11110,442,ac50c97a84362198cd8fde5a960e06f04f3599bc381042bdef7504c4,SP reward for iUSD,12 October 2023,5316768,10-01-2024 21:45,12-10-2023 23:00
11111,442,e045f130feb7516719cd65015be7c19c14472d8eb4ad366646b710b4,SP reward for iUSD,12 October 2023,122506,10-01-2024 21:45,12-10-2023 23:00
11112,442,c0a18966da2223d1debc23c3d6e0c6da5a98f8dd524afebad47606a8,SP reward for iUSD,12 October 2023,4757069,10-01-2024 21:45,12-10-2023 23:00
11113,442,d23af189dfd9dca942127a0859d3f9067f14a39da809165eea25ceea,SP reward for iUSD,12 October 2023,2190300,10-01-2024 21:45,12-10-2023 23:00
11114,442,004bf5f83e7a21b3955d26b5d1c5b0384fdb1b04c4f86ab83bd380e0,SP reward for iUSD,12 October 2023,665205,10-01-2024 21:45,12-10-2023 23:00
11115,442,b5fa924a6516810a8829c4a262f2a000b3d0e6650da99da8283ff7f2,SP reward for iUSD,12 October 2023,2177533,10-01-2024 21:45,12-10-2023 23:00
11116,442,a39926586271cd40910a9efa7a9bb2d6a53d7852b444ec240a99f0f9,SP reward for iUSD,12 October 2023,561479,10-01-2024 21:45,12-10-2023 23:00
11117,442,00f552d264a6ea476b3110914a7d22ae1b9dc63642bf28b8ab868370,SP reward for iUSD,12 October 2023,816613,10-01-2024 21:45,12-10-2023 23:00
11118,442,289a3c0892e0aeed1136e982f9c81ce4e7f4cddb43c271b8ed06022e,SP reward for iUSD,12 October 2023,3963845,10-01-2024 21:45,12-10-2023 23:00
11119,442,c791b0468b1d96791a8bfa48e1bf1b8896bed00f4b019fd2c74e3d45,SP reward for iUSD,12 October 2023,352540,10-01-2024 21:45,12-10-2023 23:00
11120,442,320e55778975e8adfa8f6c4f7122ce55e42352035ab0ce806652566c,SP reward for iUSD,12 October 2023,83089,10-01-2024 21:45,12-10-2023 23:00
11121,442,5446c91da475b225e7ce82798f89ec461f909b2d79d1abda178b5578,SP reward for iUSD,12 October 2023,2046266,10-01-2024 21:45,12-10-2023 23:00
11122,442,b8c95d9c879fe985c2a59cd6de2baeda050c5010e8eee6bb84c65be5,SP reward for iUSD,12 October 2023,24265,10-01-2024 21:45,12-10-2023 23:00
11123,442,093d90f3179c6ef978ad029694d305ec504508859a0370f81ff4b8e6,SP reward for iUSD,12 October 2023,4812203,10-01-2024 21:45,12-10-2023 23:00
11124,442,725fca12f5495b2d9c9be40376355bb56f673261a0c0fefcc0e83128,SP reward for iUSD,12 October 2023,1964707,10-01-2024 21:45,12-10-2023 23:00
11125,442,b08acb2a5e023f462f8bb88f048af578c5309cf48fcc4060fba31d67,SP reward for iUSD,12 October 2023,388318,10-01-2024 21:45,12-10-2023 23:00
11126,442,bed90820701ec88d79cb4536bc0f0d5d9eadea4038f704ea26aebd7b,SP reward for iUSD,12 October 2023,263728,10-01-2024 21:45,12-10-2023 23:00
11127,442,cb078d63d583cfe46b0b9a49c3987707adacd6e8b850fc1b5c299330,SP reward for iUSD,12 October 2023,184726,10-01-2024 21:45,12-10-2023 23:00
11128,442,3e73960a6b141b9fae4ce09bfd1edcb6c94e4f397cec014d5ba78d5a,SP reward for iUSD,12 October 2023,99967,10-01-2024 21:45,12-10-2023 23:00
11129,442,bf97ad99b5269c15e3726290f95f0fc0ec8dbada31183778548d9da0,SP reward for iUSD,12 October 2023,120,10-01-2024 21:45,12-10-2023 23:00
11130,442,a599571d436d6d4796f955247b1e358fa4275e063273d81dc5845a47,SP reward for iUSD,12 October 2023,324521,10-01-2024 21:45,12-10-2023 23:00
11131,442,e57655e6fd41f82f6fd30e24ff080f774abe81f53acd6c9e7b2ed26f,SP reward for iUSD,12 October 2023,4351,10-01-2024 21:45,12-10-2023 23:00
11132,442,344b062d324fb1d5c2604c5381acd0e0dc8eac7fe94613a1dd1c9ee5,SP reward for iUSD,12 October 2023,5384602,10-01-2024 21:45,12-10-2023 23:00
11133,442,c26c7ab05aad4fc7c613886e5d59553b1289b6b349991bf7ae3a2771,SP reward for iUSD,12 October 2023,1045718,10-01-2024 21:45,12-10-2023 23:00
11134,442,5f72d303494a69c373f7274fdda564ac7701ce6a2aead2bbcf5922c7,SP reward for iUSD,12 October 2023,284844,10-01-2024 21:45,12-10-2023 23:00
11135,442,b853f02fc861b655e981baba6d5966f508073101756edc0a8acf015f,SP reward for iUSD,12 October 2023,4216325,10-01-2024 21:45,12-10-2023 23:00
11136,442,20f8b4934963ae0ba07830e3d41e2ed682f8b2a40d6a1d3934e00358,SP reward for iUSD,12 October 2023,535651,10-01-2024 21:45,12-10-2023 23:00
11137,442,06c41cc6030933d2dc73d3a4c7c929b7e1c75c7d5b1429ff7e16c950,SP reward for iUSD,12 October 2023,155311,10-01-2024 21:45,12-10-2023 23:00
11138,442,e73f8221818a9210e967ecb08660f46173cbf8e00e4abc582d751bcd,SP reward for iUSD,12 October 2023,133036,10-01-2024 21:45,12-10-2023 23:00
11139,442,0c879d816213df21eea5927738fb62a99c6c3d83b0ddf741a6cbffd5,SP reward for iUSD,12 October 2023,61676,10-01-2024 21:45,12-10-2023 23:00
11140,442,9cd08cc76ae69ff518811af8d0a51a88d43a4c657a0c04e9224cc8cb,SP reward for iUSD,12 October 2023,230937,10-01-2024 21:45,12-10-2023 23:00
11141,442,e2bb2644330629dff10fd78d7117ced090e0dd84edcab0dba9428825,SP reward for iUSD,12 October 2023,344062,10-01-2024 21:45,12-10-2023 23:00
11142,442,16715d026650c3515527dd5417e77b80705d6fe5bd257aab4281ee88,SP reward for iUSD,12 October 2023,245552,10-01-2024 21:45,12-10-2023 23:00
11143,442,e30fca4c9c548c925fe71b35bd611143d6c305a5ce0ab3d4dc89e483,SP reward for iUSD,12 October 2023,146841,10-01-2024 21:45,12-10-2023 23:00
11144,442,1c17a2b47f85fbfb39d92c74636c3febf1c4171c923fcb69f1d9cc15,SP reward for iUSD,12 October 2023,13628814,10-01-2024 21:45,12-10-2023 23:00
11145,442,be552efef0ae24a7f47968faea2c71fe28a7b64a31469cfde8731017,SP reward for iUSD,12 October 2023,373870,10-01-2024 21:45,12-10-2023 23:00
11146,442,a75b85adb72818fe321fa0338f5a48f5e52b2d8dfe28ac947e692fca,SP reward for iUSD,12 October 2023,2067301,10-01-2024 21:45,12-10-2023 23:00
11147,442,ff935aa9517ed6dbb666d91a00c0172972ac4f6de32420c025a23e37,SP reward for iUSD,12 October 2023,320847633,10-01-2024 21:45,12-10-2023 23:00
11148,442,cb1f173c0e4e3624f51a0b1c2706174478d1cda344a04a9fb9224b1c,SP reward for iUSD,12 October 2023,6760602,10-01-2024 21:45,12-10-2023 23:00
11149,442,e59513fe36ef7f5a94ef7c7dde91d74f3d7a1e30d34fbdf00fb1ff51,SP reward for iUSD,12 October 2023,9603279,10-01-2024 21:45,12-10-2023 23:00
11150,442,8d727e5efe8b4f92eec8dc33c48f000e3c6a310b8c7931468eef5695,SP reward for iUSD,12 October 2023,8204,10-01-2024 21:45,12-10-2023 23:00
11151,442,5834339402f6bd810d57a87203feb467b602289e6cdce6d204216ce2,SP reward for iUSD,12 October 2023,323456,10-01-2024 21:45,12-10-2023 23:00
11152,442,ac7c9aa9dcf6170c1c1bbd03ca3d73d28aae0faa179aed78b2f57e0c,SP reward for iUSD,12 October 2023,4809864,10-01-2024 21:45,12-10-2023 23:00
11153,442,c03296235e1dc8ce38f8081530a426f6c14e0a1d50beef76c99c5b7e,SP reward for iUSD,12 October 2023,6116736,10-01-2024 21:45,12-10-2023 23:00
11154,442,54f8269df233658b118fa1e8733a1a87d080a4fa52f9fcdfb6f792c5,SP reward for iUSD,12 October 2023,4998310,10-01-2024 21:45,12-10-2023 23:00
11155,442,15b1c955c67f473e448f7a4cd7bc5ffeff8d8bf29a3ab67677b28166,SP reward for iUSD,12 October 2023,4722381,10-01-2024 21:45,12-10-2023 23:00
11156,442,c83c13c91af421b95b9187ac7dd6aef77250ba8717f172cc1225835d,SP reward for iUSD,12 October 2023,11926099,10-01-2024 21:45,12-10-2023 23:00
11157,442,78774ad9d2f51203d1174cd8aba30079bfdf9167a1cef196cb3f1591,SP reward for iUSD,12 October 2023,11526273,10-01-2024 21:45,12-10-2023 23:00
11158,442,bd0e265030bc20473b5439118a11afdfcd1f68b726312d2f0878a695,SP reward for iUSD,12 October 2023,1704252,10-01-2024 21:45,12-10-2023 23:00
11159,442,4cdab7ea3cade7fb97f1439fe55d27d1a460b4e62b8a092cf72fd94f,SP reward for iUSD,12 October 2023,2572378,10-01-2024 21:45,12-10-2023 23:00
11160,442,1481f185759f8a258cfa7eff8c2dbf98e999cd0f989b6277d3128f7e,SP reward for iUSD,12 October 2023,282192,10-01-2024 21:45,12-10-2023 23:00
11161,442,8792ebecb003fca8841e4209dea309bb7e13dbec3ea086585bfe7a8f,SP reward for iUSD,12 October 2023,1520129,10-01-2024 21:45,12-10-2023 23:00
11162,442,7bdd0506ab1adc6beaadc78e64b18d9c9773d0a67a79e788f83c7d7c,SP reward for iUSD,12 October 2023,187593,10-01-2024 21:45,12-10-2023 23:00
11163,442,eb399c4149c7004a187d460e10d8e524215b9b39e600560ce8f42806,SP reward for iUSD,12 October 2023,413047,10-01-2024 21:45,12-10-2023 23:00
11164,442,72a5906a5f5265ec69132dccdf9ca9575c707ae00afa2c04edff9420,SP reward for iUSD,12 October 2023,353435,10-01-2024 21:45,12-10-2023 23:00
11165,442,c590affd526db47b19bcb411793bba5d639c1f5885fafc47838cd22e,SP reward for iUSD,12 October 2023,61643,10-01-2024 21:45,12-10-2023 23:00
11166,442,3491b29d4e106d7ab7f964cdc2dcb1702ad1167958c7627d08e538b7,SP reward for iUSD,12 October 2023,11451,10-01-2024 21:45,12-10-2023 23:00
11167,442,0937ceb93300c18f55c5fa769aca62b3351eff447ce774ce48917074,SP reward for iUSD,12 October 2023,87685,10-01-2024 21:45,12-10-2023 23:00
11168,442,ba09c8e4dbf16e2a30135173b2d4cff506adcc55110cb5279f7f606f,SP reward for iUSD,12 October 2023,112234,10-01-2024 21:45,12-10-2023 23:00
11169,442,18bb77afff9a31c784156be903ecc9e454ca741847a5970b1fbb848a,SP reward for iUSD,12 October 2023,611656,10-01-2024 21:45,12-10-2023 23:00
11170,442,38f0144422fa44ab4880fe15fbf9056968ea7abe89c7e5a07b347f61,SP reward for iUSD,12 October 2023,260892,10-01-2024 21:45,12-10-2023 23:00
11171,442,07c59e348504d75a47aa875c80c5f7c537f4153637fb942f8f21f7e4,SP reward for iUSD,12 October 2023,106571,10-01-2024 21:45,12-10-2023 23:00
11172,442,b5e29b13b00ba8a4b4e60c434ac0b462f3dabfbc3be5ab7bfb81450d,SP reward for iUSD,12 October 2023,205898,10-01-2024 21:45,12-10-2023 23:00
11173,442,7d5258011fecab08aae5aebab8b28abbe2d0667777ba836007a62f80,SP reward for iUSD,12 October 2023,10005319,10-01-2024 21:45,12-10-2023 23:00
11174,442,804812f6f6bfe1c64c605f45d33cf18ddd77baca1a269796b4e318fa,SP reward for iUSD,12 October 2023,0,10-01-2024 21:45,12-10-2023 23:00
11175,442,97abddf0ccc26df60a24679fe7080de9ead18fa0d973a115ce072ca8,SP reward for iUSD,12 October 2023,1273560,10-01-2024 21:45,12-10-2023 23:00
11176,442,ca0f77040a2b74ee79cb3a2c8046083e364c853648d64885a75ae35e,SP reward for iUSD,12 October 2023,11820,10-01-2024 21:45,12-10-2023 23:00
11177,442,4ffd983ef901bb1e55290fc75d3fc487fa5b5dce965ec6ecc9380d8e,SP reward for iUSD,12 October 2023,524298,10-01-2024 21:45,12-10-2023 23:00
11178,442,b7cb900c5e8740430eb0b9aca279498d523fb6da96c2bf3ac424ea2f,SP reward for iUSD,12 October 2023,226469,10-01-2024 21:45,12-10-2023 23:00
11179,442,731f87d5ee7275023a1a2e34e209e32844edf304e4f34ad54ace3ec9,SP reward for iUSD,12 October 2023,8634496,10-01-2024 21:45,12-10-2023 23:00
11180,442,8d9f07138fbec27a505c2800f79653639a09487e702622bc52bc7ac4,SP reward for iUSD,12 October 2023,83849,10-01-2024 21:45,12-10-2023 23:00
11181,442,3fa947e323dbb04a99340158948804eab323afdc3bd5cf37e28f90f2,SP reward for iUSD,12 October 2023,269230440,10-01-2024 21:45,12-10-2023 23:00
11182,442,3afa612c1bef384caa2dfa6c02a2b90515ea5daaaaafbf63421a4288,SP reward for iUSD,12 October 2023,1116557,10-01-2024 21:45,12-10-2023 23:00
11183,442,ddef66ce8b077adb0fba93f624cc313017ce71831268f1b77c56d4bb,SP reward for iUSD,12 October 2023,4889976,10-01-2024 21:45,12-10-2023 23:00
11184,442,7d2f89e8109a3d667ec7c3434e33d59cab1f194e93cec686e132154a,SP reward for iUSD,12 October 2023,51095323,10-01-2024 21:45,12-10-2023 23:00
11185,442,0211d6442d3174f57a65754564de7e85bba87230a5be71f4918dd0de,SP reward for iUSD,12 October 2023,325932,10-01-2024 21:45,12-10-2023 23:00
11186,442,72c9e78affd169b3c516b8c8c4c453135ce82c3d931655e39466e5f4,SP reward for iUSD,12 October 2023,117592,10-01-2024 21:45,12-10-2023 23:00
11187,442,eec262031b5b78bd61e1f5aaeb37110ab6599407ab82682ad1798d21,SP reward for iUSD,12 October 2023,617636,10-01-2024 21:45,12-10-2023 23:00
11188,442,cf59324e35572473a1c164ace3b16a04c1893f82aae9557abe429d89,SP reward for iUSD,12 October 2023,438677,10-01-2024 21:45,12-10-2023 23:00
11189,442,a199d2ec461153020ee18bbdfe5e4e3a2c9778bc4d265ef7dc64a6b8,SP reward for iUSD,12 October 2023,505183,10-01-2024 21:45,12-10-2023 23:00
11190,442,9b314b76487603dec62a43cfeea584dae73cd42e7f83871495974fdb,SP reward for iUSD,12 October 2023,167937,10-01-2024 21:45,12-10-2023 23:00
11191,442,6f51c66d3a29c2d5f030cfb8e21376e24c1cf22150ac86f5bc9c9ba2,SP reward for iUSD,12 October 2023,1696341,10-01-2024 21:45,12-10-2023 23:00
11192,442,b17f5c642012ab04e7a5be4be1874ac440a47a833a9f7b51068725a8,SP reward for iUSD,12 October 2023,67192,10-01-2024 21:45,12-10-2023 23:00
11193,442,7346e0ad8dce5c04702ca60dd0d4526e2df5d483f1761718ee53aad5,SP reward for iUSD,12 October 2023,167317,10-01-2024 21:45,12-10-2023 23:00
11194,442,fc55c89d46d1d91ae22800425a8b9a02b75ab9ec6a1b5eec94da8643,SP reward for iUSD,12 October 2023,27800,10-01-2024 21:45,12-10-2023 23:00
11195,442,cadfdb0549c45784f9a15dc15dc655dd67e6e256a544835945d36116,SP reward for iUSD,12 October 2023,100401,10-01-2024 21:45,12-10-2023 23:00
11196,442,6c2969be3ba190cae7a10d817dbdc74a6c2a1a897607151d4f1d41b6,SP reward for iUSD,12 October 2023,26670,10-01-2024 21:45,12-10-2023 23:00
11197,442,213a6315a3adfd1ec92b7975944a66e033cafbc8af03c734093cdaec,SP reward for iUSD,12 October 2023,13614882,10-01-2024 21:45,12-10-2023 23:00
11198,442,d0ec8085d919d5923b24bc9f6ec992581a58fcca9e552c5a65ba6699,SP reward for iUSD,12 October 2023,2781807,10-01-2024 21:45,12-10-2023 23:00
11199,442,4cb2eb343a9f29be1c2550732c532cf3d2a846cce4b12691379bdc70,SP reward for iUSD,12 October 2023,19597,10-01-2024 21:45,12-10-2023 23:00
11200,442,c327beebd731f0bb58b05726c2730c899b4153536cf1d329abf24400,SP reward for iUSD,12 October 2023,1232973,10-01-2024 21:45,12-10-2023 23:00
11201,442,f7ed694b5400755f16abd854b61b1229087d37ebc1560ca5237290e9,SP reward for iUSD,12 October 2023,137171,10-01-2024 21:45,12-10-2023 23:00
11202,442,dbd9c61554e7f039b6d4eeaa12977fd06872e65ee8b7069c967c8ead,SP reward for iUSD,12 October 2023,77564,10-01-2024 21:45,12-10-2023 23:00
11203,442,ac0aef286f1f60dd4f08fe7ca834192eb1eeeb7995b77c8d37f16cc0,SP reward for iUSD,12 October 2023,90597,10-01-2024 21:45,12-10-2023 23:00
11204,442,d60e724de921571ec9a732fad7ec0673fb9665e2b41040cfc8193289,SP reward for iUSD,12 October 2023,721402,10-01-2024 21:45,12-10-2023 23:00
11205,442,d28984c713366768ef92d78cdf6375539bc637d329226151e915c315,SP reward for iUSD,12 October 2023,5412,10-01-2024 21:45,12-10-2023 23:00
11206,442,39c9cbc0d355ef4b7d5338c0279c3c8cb299f08ba70a62222116b638,SP reward for iUSD,12 October 2023,990,10-01-2024 21:45,12-10-2023 23:00
11207,442,35f31e0e99aa11179513402c64432bf50299e9a87276e8acd9fe765a,SP reward for iUSD,12 October 2023,2039941,10-01-2024 21:45,12-10-2023 23:00
11208,442,63aade055d90301cd816870ee5a3c9fc67d769274b8633e7a7893f05,SP reward for iUSD,12 October 2023,3971616,10-01-2024 21:45,12-10-2023 23:00
11209,442,9cffd98682b61f22ad13b19130b79edf9efba37b87b1bb216786bb22,SP reward for iUSD,12 October 2023,344764,10-01-2024 21:45,12-10-2023 23:00
11210,442,939599008b9c90675392a3352031aa45ab10e13d3d3ee551560cb222,SP reward for iUSD,12 October 2023,104984,10-01-2024 21:45,12-10-2023 23:00
11211,442,a21b4bac0ec5723e223e741f675761f2c57c67be59ad3ce0e04ea732,SP reward for iUSD,12 October 2023,14272348,10-01-2024 21:45,12-10-2023 23:00
11212,442,0b1db916e7560c61e187d688e00f936a0730a88d1049e89f4ece9e9a,SP reward for iUSD,12 October 2023,1827040,10-01-2024 21:45,12-10-2023 23:00
11213,442,45abdcb44b0185fd8070fddfb5bcfdde6dacb8c0a51a77aa9a00bff1,SP reward for iUSD,12 October 2023,290176,10-01-2024 21:45,12-10-2023 23:00
11214,442,9fc0aa81aa9df42604e00ff8d2d2f9de39a47b2a3f82a4bde0e9a18f,SP reward for iUSD,12 October 2023,1530497,10-01-2024 21:45,12-10-2023 23:00
11215,442,4c80764f5b682045f12a83303d017d4dbe90f09f76b2108a5c44ae54,SP reward for iUSD,12 October 2023,229180,10-01-2024 21:45,12-10-2023 23:00
11216,442,7328ab6d917830c7db07347e34d628bd76421d260b9064231a34955e,SP reward for iUSD,12 October 2023,40907,10-01-2024 21:45,12-10-2023 23:00
11217,442,15463608644619930e85359a450203791e94e59274cdd04115529ca1,SP reward for iUSD,12 October 2023,418473,10-01-2024 21:45,12-10-2023 23:00
11218,442,741934bd37c4397abd4a082de2246e631b9e217eda5e0fc2d49f962e,SP reward for iUSD,12 October 2023,5768024,10-01-2024 21:45,12-10-2023 23:00
11219,442,718607c6f9f1e8594a276ef720e9700b9a3c8ef74994c63ea81a8a48,SP reward for iUSD,12 October 2023,12315256,10-01-2024 21:45,12-10-2023 23:00
11220,442,78286944b6758ecbd9179c981466d8a007296b1e09fc3cf53add1fd8,SP reward for iUSD,12 October 2023,58,10-01-2024 21:45,12-10-2023 23:00
11221,442,add22687547b52ee682e6d576776af097ef9374ecce09681b9b43715,SP reward for iUSD,12 October 2023,1683637,10-01-2024 21:45,12-10-2023 23:00
11222,442,f900131a6e5bcf3de88bfa2d0399806c5f3b11d7f5318bb0c8caa560,SP reward for iUSD,12 October 2023,6116558,10-01-2024 21:45,12-10-2023 23:00
11223,442,d50c73e053e8b346e743d4fed861c4d41ef1fbef7be51b945c07626d,SP reward for iUSD,12 October 2023,13049,10-01-2024 21:45,12-10-2023 23:00
11224,442,1c5c66accafe1e7b1d68e2a98c71a638f0b11c1b453cfae08bcc9d44,SP reward for iUSD,12 October 2023,1987014,10-01-2024 21:45,12-10-2023 23:00
11225,442,b373312847450184a46f876faa486f624c049338c180197e1f582109,SP reward for iUSD,12 October 2023,805145,10-01-2024 21:45,12-10-2023 23:00
11226,442,da5777317d38da5dd141983fcca79dabf42358f94571a700f362b2e3,SP reward for iUSD,12 October 2023,52541,10-01-2024 21:45,12-10-2023 23:00
11227,442,1fb1c72ebf96a6768fae696c153566f58d9e115accc56b2fb34d1e8a,SP reward for iUSD,12 October 2023,197763,10-01-2024 21:45,12-10-2023 23:00
11228,442,311581cc43e3438d6a4ab9010493ac484e2c6fbc602bc9a974b28905,SP reward for iUSD,12 October 2023,25535555,10-01-2024 21:45,12-10-2023 23:00
11229,442,ecdd6a81ee434c3d773a0b6b27d426b3d86ee4f8edbb4016e5a6883d,SP reward for iUSD,12 October 2023,45301,10-01-2024 21:45,12-10-2023 23:00
11230,442,112a2e39403b4c465eba58266531b82db8c7950ebae17b0aed8a6d88,SP reward for iUSD,12 October 2023,1323710,10-01-2024 21:45,12-10-2023 23:00
11231,442,36f4acc790ade8685561ee452d290cddfaae730872d02a25fd4d65cc,SP reward for iUSD,12 October 2023,27663,10-01-2024 21:45,12-10-2023 23:00
11232,442,4a327222227863b7a44a7d9ef1e8148060bf75334ea1015e18617e17,SP reward for iUSD,12 October 2023,164461,10-01-2024 21:45,12-10-2023 23:00
11233,442,ad397033e75060b31ecb2d07be8b315c9c27ec739aa7779703d70a6f,SP reward for iUSD,12 October 2023,235474,10-01-2024 21:45,12-10-2023 23:00
11234,442,b1f361d9b52c1685ae487c85a5e85581681b7955a1690aaf8f8f859e,SP reward for iUSD,12 October 2023,8847850,10-01-2024 21:45,12-10-2023 23:00
11235,442,6c8ecb2a0a26b86449201ea03fe11aeefc109c8e5e1d650779c01b7c,SP reward for iUSD,12 October 2023,201056,10-01-2024 21:45,12-10-2023 23:00
11236,442,6a533d3d8b24b11eb758e2ffc8fc95fed6a5bde46e2f504d72526c21,SP reward for iUSD,12 October 2023,168838177,10-01-2024 21:45,12-10-2023 23:00
11237,442,9cdf11e9f7832510865cf609be23fce37c331324a087d334801d435d,SP reward for iUSD,12 October 2023,121128,10-01-2024 21:45,12-10-2023 23:00
11238,442,3d1a58cebecdb0438ecfca3282dae61aa698c1e04023c0901802aa07,SP reward for iUSD,12 October 2023,9646358,10-01-2024 21:45,12-10-2023 23:00
11239,442,25f72ed81edb52dae35faab76d1b7c204e8c6d6883595945ba813405,SP reward for iUSD,12 October 2023,1003406,10-01-2024 21:45,12-10-2023 23:00
11240,442,56f9881cc7b8f0499c7484239db1487686d0a50a99966e0cc207b4b9,SP reward for iUSD,12 October 2023,248898,10-01-2024 21:45,12-10-2023 23:00
11241,442,d399a98b14f6eee4454a0b840974ac6a305258a268bef3241822b2a1,SP reward for iUSD,12 October 2023,104559,10-01-2024 21:45,12-10-2023 23:00
11242,442,0e6cdb5fa7bf493d9ed69f78d665fce1444b9ab01581708f065883a8,SP reward for iUSD,12 October 2023,4895062,10-01-2024 21:45,12-10-2023 23:00
11243,442,13b074156634e2289f02e34616d97b9aad91069a43173660645f4f04,SP reward for iUSD,12 October 2023,7917,10-01-2024 21:45,12-10-2023 23:00
11244,442,5bdd4037f2764926f4dd31d36b409f8e8bcaa81bf28557e1ff770a77,SP reward for iUSD,12 October 2023,327539,10-01-2024 21:45,12-10-2023 23:00
11245,442,b52cb42a74956b4f7e0ab073697063b5747dee86d66492ab392aa4bf,SP reward for iUSD,12 October 2023,120159,10-01-2024 21:45,12-10-2023 23:00
11246,442,d38b26fb9b460883ad49b8be8efae6a39413a4cf65ca3a84b6a14f65,SP reward for iUSD,12 October 2023,2659750,10-01-2024 21:45,12-10-2023 23:00
11247,442,0fcd5515a7c42ff375fbe24915bf94140f3ae6559957291e2fc8cb98,SP reward for iUSD,12 October 2023,648356,10-01-2024 21:45,12-10-2023 23:00
11248,442,e105290df587390be33d256392f378bfd7709dca5c16de6ff1958de1,SP reward for iUSD,12 October 2023,275,10-01-2024 21:45,12-10-2023 23:00
11249,442,418be7cbf9d37e1ed38d316e3f1f21a33cd6733ebd7457145447a830,SP reward for iUSD,12 October 2023,3602887,10-01-2024 21:45,12-10-2023 23:00
11250,442,d171c764b68e3006a17366dbbd2b5b1d1641e584991c8524ac72458f,SP reward for iUSD,12 October 2023,837210,10-01-2024 21:45,12-10-2023 23:00
11251,442,8351381f3d57006ab1ad26a61f27eb351978dfb81900f26c6c09ae9c,SP reward for iUSD,12 October 2023,21632053,10-01-2024 21:45,12-10-2023 23:00
11252,442,a843952052121af4fbe1030d1f04efc1e600e34c01c56f48ac6c7dda,SP reward for iUSD,12 October 2023,118503,10-01-2024 21:45,12-10-2023 23:00
11253,442,e292dc90457553865ecf16f586d72185fe4ef1afb2dc708f7099e4dd,SP reward for iUSD,12 October 2023,554985,10-01-2024 21:45,12-10-2023 23:00
11254,442,72b2ee7e7da3d21829fc9e4ef5cb12279c153c3698c60c1d756e3802,SP reward for iUSD,12 October 2023,109430,10-01-2024 21:45,12-10-2023 23:00
11255,442,384e4f4c87a5bd3dd8d09c1a1c6338326c83a6a2269c1c184402d6f2,SP reward for iUSD,12 October 2023,14737710,10-01-2024 21:45,12-10-2023 23:00
11256,442,9a2468984f0481f9e23b7537207c3f5ebee0803e8cd93be6e89b18da,SP reward for iUSD,12 October 2023,2079866,10-01-2024 21:45,12-10-2023 23:00
11257,442,df4963de19f6c6e078c717c629a8f6c2f76288212972bd31a8506cf1,SP reward for iUSD,12 October 2023,122424637,10-01-2024 21:45,12-10-2023 23:00
11258,442,8e253a76b29eb45b7574793772261b6bcfb20df13aa0a71708db9025,SP reward for iUSD,12 October 2023,3262500,10-01-2024 21:45,12-10-2023 23:00
11259,442,b5da9e118db3222b3e37d8a6efff50f8ea09c66841a73d89a4e800d8,SP reward for iUSD,12 October 2023,27425384,10-01-2024 21:45,12-10-2023 23:00
11260,442,4d5da618c7b48388366354c11d5e897d2449b087b523fd083fa0970f,SP reward for iUSD,12 October 2023,1864371,10-01-2024 21:45,12-10-2023 23:00
11261,442,d2ea9a7da4080401add22f56da15e04c0782243c196215658ee9da65,SP reward for iUSD,12 October 2023,1546705,10-01-2024 21:45,12-10-2023 23:00
11262,442,a21ad32e6fdf1ed6d0ffdec01e71a481dc2b0c8ec0290f2ed9f227c1,SP reward for iUSD,12 October 2023,495807,10-01-2024 21:45,12-10-2023 23:00
11263,442,339b73b1b15979d187c162f22707d3d86918dedd5716e748d9a8478b,SP reward for iUSD,12 October 2023,2718159,10-01-2024 21:45,12-10-2023 23:00
11264,442,f4035fabf6ceffc8d7ba6defb2a76bf77e2fd6f447f37c9037340990,SP reward for iUSD,12 October 2023,2038,10-01-2024 21:45,12-10-2023 23:00
11265,442,342b901edef65bf1a7dc2e6cf40a410d0e2b94104e6995e0de3ced6c,SP reward for iUSD,12 October 2023,4897828,10-01-2024 21:45,12-10-2023 23:00
11266,442,9a4ba27a659af4a3e6fda495dc7720eb94ff861f40139bf935f37053,SP reward for iUSD,12 October 2023,58868,10-01-2024 21:45,12-10-2023 23:00
11267,442,a7be8a752e7a0674fd8a0ca46842080d422d7e2beb34eeb64ab71d50,SP reward for iUSD,12 October 2023,158785,10-01-2024 21:45,12-10-2023 23:00
11268,442,138e6f1324b88fc7e3c520e1ce26fb28d0fd99871c45b0e83c80f900,SP reward for iUSD,12 October 2023,857397,10-01-2024 21:45,12-10-2023 23:00
11269,442,a40e609ccc120bb815930cd6ce47826e6c41aa94ec92c9f5e93ec9dd,SP reward for iUSD,12 October 2023,0,10-01-2024 21:45,12-10-2023 23:00
11270,442,78b355ef81f783f5efe26565142565159adb6d0fe2ff17631c37540c,SP reward for iUSD,12 October 2023,181695,10-01-2024 21:45,12-10-2023 23:00
11271,442,71995412f0cdf4fb3b1d74d635c4aa6b9ccc26aa02f37b966ff7917d,SP reward for iUSD,12 October 2023,2123072,10-01-2024 21:45,12-10-2023 23:00
11272,442,eeb30b031f8ddd6c5766289a4faebc9fb55ea39eaff3dbaf28d106dd,SP reward for iUSD,12 October 2023,201312,10-01-2024 21:45,12-10-2023 23:00
11273,442,450549a64ff2191f5f8ec657f941a3e5c18e855f05ca3d60aec82ef6,SP reward for iUSD,12 October 2023,87680,10-01-2024 21:45,12-10-2023 23:00
11274,442,fd84357990c85741e74703ffc003798059eecfc6cd9ee37c98e93fd8,SP reward for iUSD,12 October 2023,250529,10-01-2024 21:45,12-10-2023 23:00
11275,442,5375703a1815206253bce83d4c52cc18b6571def1bedf6c257575293,SP reward for iUSD,12 October 2023,19919065,10-01-2024 21:45,12-10-2023 23:00
11276,442,ae21d695a4bbcd6814a06c40ed6418c314e69cc4c4ab0825696d09b8,SP reward for iUSD,12 October 2023,9689170,10-01-2024 21:45,12-10-2023 23:00
11277,442,7efb273865feb908d7ddba513de17352e1554b62e62f9f417113749b,SP reward for iUSD,12 October 2023,3598,10-01-2024 21:45,12-10-2023 23:00
11278,442,687653ac9ebf1ad73d6b6fe9dff1cfea8a863ea63ceea35d614da592,SP reward for iUSD,12 October 2023,3420926,10-01-2024 21:45,12-10-2023 23:00
11279,442,fb3ff81c860fdb7fe4ac1c77e05c94d7a2a68b070e6ed6c32139287d,SP reward for iUSD,12 October 2023,202318,10-01-2024 21:45,12-10-2023 23:00
11280,442,f5cbf0a3e518fc57aec9d6ff992e084610aedbbc53695c4d200c0c3e,SP reward for iUSD,12 October 2023,283280,10-01-2024 21:45,12-10-2023 23:00
11281,442,bd30ea6190963a733df8cbcd7c4685011e47309ea6ac059adc61897b,SP reward for iUSD,12 October 2023,8267346,10-01-2024 21:45,12-10-2023 23:00
11282,442,1d51ddeeed19f4b9ea5580dadec3f4d2b3faffaf9733c0ea48e7e51b,SP reward for iUSD,12 October 2023,40901408,10-01-2024 21:45,12-10-2023 23:00
11283,442,b9979b3a9ceee50179595a54a5e1224aee35f9d541d2bb807636c085,SP reward for iUSD,12 October 2023,115839,10-01-2024 21:45,12-10-2023 23:00
11284,442,fba8d8b4540834cf4a429dd21d96df1b9aa9232c87cb7c22e5a91ec4,SP reward for iUSD,12 October 2023,1567524,10-01-2024 21:45,12-10-2023 23:00
11285,442,fdc9272f3ac1db456c05ea777081d86566f69baf4bc13fb50ff98f6e,SP reward for iUSD,12 October 2023,5492941,10-01-2024 21:45,12-10-2023 23:00
11286,442,ac3c50ea2d28002aa9ec67009a7e17deb2aa49e77864a4c3f9b70682,SP reward for iUSD,12 October 2023,1109875,10-01-2024 21:45,12-10-2023 23:00
11287,442,6a265f49673f07dfe98986652005699b530568459255901f1d4dcfce,SP reward for iUSD,12 October 2023,1623368,10-01-2024 21:45,12-10-2023 23:00
11288,442,6a454ac65fe62709fb8b2f46b6ed76a6497997c2eb9cfd9b4de35940,SP reward for iUSD,12 October 2023,5853535,10-01-2024 21:45,12-10-2023 23:00
11289,442,b8068204d500dc3f05682f175a6ef0d68e8b9d9744f928156c1bd9ed,SP reward for iUSD,12 October 2023,1005161,10-01-2024 21:45,12-10-2023 23:00
11290,442,5a1495f98852fd394dfe23119301d750e8c6e2cdece6a0085c87b9de,SP reward for iUSD,12 October 2023,2966123,10-01-2024 21:45,12-10-2023 23:00
11291,442,742e13aeb9130597e75cb1e4201368884b223a027760b1614ddcd514,SP reward for iUSD,12 October 2023,338450,10-01-2024 21:45,12-10-2023 23:00
11292,442,0a7bc8293ae50dd74ae399b261446abff238ea7c564ad52a52168e0b,SP reward for iUSD,12 October 2023,30031550,10-01-2024 21:45,12-10-2023 23:00
11293,442,86eb782a5d8954de2d05e54a3c34ae714eaba6e44ef8886cfdddea48,SP reward for iUSD,12 October 2023,476081,10-01-2024 21:45,12-10-2023 23:00
11294,442,14746b63e5284f875a9fca071d78a2950106356ea2f8837e3d362fa9,SP reward for iUSD,12 October 2023,1079585,10-01-2024 21:45,12-10-2023 23:00
11295,442,29512c5afb810967ddccd68d0b66bdcd884b0a6d84cfb0c0fb5a1c89,SP reward for iUSD,12 October 2023,442592,10-01-2024 21:45,12-10-2023 23:00
11296,442,a485b6436c9f49a331655fa1574405c3e9bb1ead65e84b91f28fe826,SP reward for iUSD,12 October 2023,24188303,10-01-2024 21:45,12-10-2023 23:00
11297,442,d13077d5b036f1895fba9b1ecd9c5fae30d8cd30022c6481c175eed0,SP reward for iUSD,12 October 2023,2825,10-01-2024 21:45,12-10-2023 23:00
11298,442,e67cc70986bb4859cda7576c229bb9ae82e41ff0f203f5bb52741364,SP reward for iUSD,12 October 2023,4022638,10-01-2024 21:45,12-10-2023 23:00
11299,442,2b4aa51896041c905eac490447f886afe8eb67f3b05b1000ce976cb8,SP reward for iUSD,12 October 2023,12296376,10-01-2024 21:45,12-10-2023 23:00
11300,442,b10c7dd14700813748087d6fbfd03a8c3b83f6cb191743f5e35f7d84,SP reward for iUSD,12 October 2023,16616134,10-01-2024 21:45,12-10-2023 23:00
11301,442,b01f0c44e67df1b4b6554d0e86a6b3d2529cdabb099bb8cba9af32f9,SP reward for iUSD,12 October 2023,4989448,10-01-2024 21:45,12-10-2023 23:00
11302,442,dceb6f76062e47c7f0824460a7cead1eeb4f9d450f5af0d6fb9b4b07,SP reward for iUSD,12 October 2023,245064,10-01-2024 21:45,12-10-2023 23:00
11303,442,02b80d9935da7f00d97323735ff2641d938b14f3ecd24b01a990afe5,SP reward for iUSD,12 October 2023,479421,10-01-2024 21:45,12-10-2023 23:00
11304,442,26924e62701e99facb3ceffef5a050c51412503eb7054af52f573e96,SP reward for iUSD,12 October 2023,179506,10-01-2024 21:45,12-10-2023 23:00
11305,442,abd768ffa460e4578bd7a72296552532e2e463ac8727396b752aeef9,SP reward for iUSD,12 October 2023,305859,10-01-2024 21:45,12-10-2023 23:00
11306,442,f345ef8a03058d65c9e5f976341e69412829c42e452322faa7f5fcdc,SP reward for iUSD,12 October 2023,7626715,10-01-2024 21:45,12-10-2023 23:00
11307,442,2b651b38935e59a8d891f5201514253c9763e2da2a246462dc25cc98,SP reward for iUSD,12 October 2023,208214,10-01-2024 21:45,12-10-2023 23:00
11308,442,9449ea44d82d0f7827c5af04370b8bf2b3b913786a650c20b3b5de78,SP reward for iUSD,12 October 2023,541090,10-01-2024 21:45,12-10-2023 23:00
11309,442,0bb67baf3148157625daeb00d942466bc473a3ff85dd49afa7658f89,SP reward for iUSD,12 October 2023,4401082,10-01-2024 21:45,12-10-2023 23:00
11310,442,d0bada51ac1cbd906f6d2310bab8e20f8dbb9f90c9719969a5ae8f66,SP reward for iUSD,12 October 2023,1284969,10-01-2024 21:45,12-10-2023 23:00
11311,442,f9ebcc2a02bd2984112729a5cc52f5fc0bfc126efaa2b38d4bef4637,SP reward for iUSD,12 October 2023,20165,10-01-2024 21:45,12-10-2023 23:00
11312,442,bee0a1dd013242217879e8ef07ef28d22dad8ef7022d14f2353109d2,SP reward for iUSD,12 October 2023,285907,10-01-2024 21:45,12-10-2023 23:00
11313,442,fa9b92b3f0c4a0a756c6d39c8e7015bdb593ca4c4e3f051b10d5eaa5,SP reward for iUSD,12 October 2023,940186,10-01-2024 21:45,12-10-2023 23:00
11314,442,92f06e24bbb228d53258680895e44237dfe20aaea32e957011ee14f7,SP reward for iUSD,12 October 2023,45601,10-01-2024 21:45,12-10-2023 23:00
11315,442,6a2c3a7d1e485d49c7efe91575984b72c9fdaf47da535a79cf8c455e,SP reward for iUSD,12 October 2023,933910,10-01-2024 21:45,12-10-2023 23:00
11316,442,bd7adeef28fe4dac020bd73ea7c095c9f634682f730d7ef6cd8d3a93,SP reward for iUSD,12 October 2023,704,10-01-2024 21:45,12-10-2023 23:00
11317,442,15899010c8fcdb8ed1062e163dd8b6398c62e39192d0f1a3e28dd52e,SP reward for iUSD,12 October 2023,38893,10-01-2024 21:45,12-10-2023 23:00
11318,442,07e6aa1a1a789e06d6f19bd773f27b69bf342dfb3c13af3ac400fb43,SP reward for iUSD,12 October 2023,3112416,10-01-2024 21:45,12-10-2023 23:00
11319,442,94275840268d6b1ef5de783596d50183aeca94277944210de3e2ee30,SP reward for iUSD,12 October 2023,4781131,10-01-2024 21:45,12-10-2023 23:00
11320,442,7ae09fcf2399c7f15fac4c73a6c01b8ed813ad468ee972c893f82502,SP reward for iUSD,12 October 2023,1567873,10-01-2024 21:45,12-10-2023 23:00
11321,442,512f425cedae5c11513155242686e5039b766c7ae798515b68a364e7,SP reward for iUSD,12 October 2023,82,10-01-2024 21:45,12-10-2023 23:00
11322,442,824f1b5399d6885e6330925fcba1472da21731a3d9f33802dd308f7f,SP reward for iUSD,12 October 2023,1305000,10-01-2024 21:45,12-10-2023 23:00
11323,442,1344c6719d8058b88f756f2ee293581dab8214b388113a46e95cb2e8,SP reward for iUSD,12 October 2023,6117,10-01-2024 21:45,12-10-2023 23:00
11324,442,23a833160c3d6a9c09c95cae9035dacdb5be88b00fd1c34ca6399bd7,SP reward for iUSD,12 October 2023,1337663,10-01-2024 21:45,12-10-2023 23:00
11325,442,3350a1cb0110a5855f289a0738fdbe0c00c07cf748fd5f5cdf1aa63b,SP reward for iUSD,12 October 2023,59845,10-01-2024 21:45,12-10-2023 23:00
11326,442,0f26b4a346fa82ee79b28cc898586a3b735d74002f54fa170f4e6e8a,SP reward for iUSD,12 October 2023,410899,10-01-2024 21:45,12-10-2023 23:00
11327,442,788c8c4c496ee4e6f0c1afcf6f69e70ca54eac58e5bec216100c3c2c,SP reward for iUSD,12 October 2023,8555320,10-01-2024 21:45,12-10-2023 23:00
11328,442,ef1b8e5788243f98f97c531b88761b54587163b6478ac6ff99fe359e,SP reward for iUSD,12 October 2023,79323,10-01-2024 21:45,12-10-2023 23:00
11329,442,f94f3a43cb63e533445462c97e7234f2ea625b1927446f5b9ae7687e,SP reward for iUSD,12 October 2023,1482969,10-01-2024 21:45,12-10-2023 23:00
11330,442,024856b442278b7d5e63295585fa42f12113724292d75a5288822367,SP reward for iUSD,12 October 2023,2301298,10-01-2024 21:45,12-10-2023 23:00
11331,442,c3fa4890e46c7b8ea2fe782727a74534b4340aced4e80ced7b0b5089,SP reward for iUSD,12 October 2023,123919,10-01-2024 21:45,12-10-2023 23:00
11332,442,fa242cdaf5a66d7e67a615d25d675079ad95cd93516de46f330dd631,SP reward for iUSD,12 October 2023,1171031,10-01-2024 21:45,12-10-2023 23:00
11333,442,edb0c1b08e873184c25ab99e045c1331c2a8009d5d6abafef20429d7,SP reward for iUSD,12 October 2023,1109602,10-01-2024 21:45,12-10-2023 23:00
11334,442,00023775abacb7c31af161e5d0faebd84067299748396171df0a4143,SP reward for iUSD,12 October 2023,1429728,10-01-2024 21:45,12-10-2023 23:00
11335,442,468bf236bca2f9c4d29465ab0a56335e99ad2e92e5765605f59ac7e0,SP reward for iUSD,12 October 2023,4083,10-01-2024 21:45,12-10-2023 23:00
11336,442,6e4656048dfe8b0c4f754c0d409f5e186e2f4589f7ac9924fb6022b2,SP reward for iUSD,12 October 2023,29093440,10-01-2024 21:45,12-10-2023 23:00
11337,442,f2787e5a6b51190244f3acb36a6b9a248466f12f27ab702d9f197299,SP reward for iUSD,12 October 2023,13940857,10-01-2024 21:45,12-10-2023 23:00
11338,442,6dd90c50b0f1fd4ae1572055e46891b05022b475a29d0d78802ddecb,SP reward for iUSD,12 October 2023,17245966,10-01-2024 21:45,12-10-2023 23:00
11339,442,6cfbc28fa54b2920b6cad9531f7071724ecaf253e52c0c7686613e98,SP reward for iUSD,12 October 2023,169300,10-01-2024 21:45,12-10-2023 23:00
11340,442,a33c563393379855e9b6f66e6830ceac659fac8982b06d4128b21722,SP reward for iUSD,12 October 2023,9701,10-01-2024 21:45,12-10-2023 23:00
11341,442,2663f0e32ebd95e4ec3ed063b659ade8a2a963b9a1aa7baa3307f9f6,SP reward for iUSD,12 October 2023,3722983,10-01-2024 21:45,12-10-2023 23:00
11342,442,cdfe95c99540a11b593c69e1426a76245c3d76ed3b905a09aa8d011a,SP reward for iUSD,12 October 2023,2867671,10-01-2024 21:45,12-10-2023 23:00
11343,442,ba37698916d66971b377b10f0c6a0f267b7d7b0db565d3a27267c2b8,SP reward for iUSD,12 October 2023,739009,10-01-2024 21:45,12-10-2023 23:00
11344,442,adbbc6153ee01f33a02b4e5d803dc50fb0c1085c9641ac1c69967038,SP reward for iUSD,12 October 2023,279858,10-01-2024 21:45,12-10-2023 23:00
11345,442,6c696c0e5a9b92ea0951ea906390087390d29944fa37475729f49681,SP reward for iUSD,12 October 2023,460542,10-01-2024 21:45,12-10-2023 23:00
11346,442,60071788ed480df89d5b3a7520b313129f54358f8f0bb7034c2d320c,SP reward for iUSD,12 October 2023,39720,10-01-2024 21:45,12-10-2023 23:00
11347,442,ec3543779054d04588489cf33d9ec5889566af60493f4cbc45a06b20,SP reward for iUSD,12 October 2023,343167,10-01-2024 21:45,12-10-2023 23:00
11348,442,bf80faca49b6c4b820d11fd8028343afde02b4e9cfeded543c4650b9,SP reward for iUSD,12 October 2023,139254,10-01-2024 21:45,12-10-2023 23:00
11349,442,01f8201d8a816667a60991c48558305e0b2bafa074ff269a195b000b,SP reward for iUSD,12 October 2023,74631,10-01-2024 21:45,12-10-2023 23:00
11350,442,b9127ad6a07fb42d0a5323ce8a79edbf1fbec2c87d010884d650799f,SP reward for iUSD,12 October 2023,15893,10-01-2024 21:45,12-10-2023 23:00
11351,442,8c1879394f01e671306b6e8f2d2f67383a3ce75a387ecf3c18e3d87d,SP reward for iUSD,12 October 2023,4870,10-01-2024 21:45,12-10-2023 23:00
11352,442,c1cd747fe18cf8260a8115694c82c458f6facfafd5a382447a2a3e03,SP reward for iUSD,12 October 2023,345035,10-01-2024 21:45,12-10-2023 23:00
11353,442,bd96fe20f8f49764a9bf949244b85abf65f8e99cd523619b535e4b96,SP reward for iUSD,12 October 2023,1462696,10-01-2024 21:45,12-10-2023 23:00
11354,442,a2b3fc71aa466e489bef35c30ca8b4a9388f701ab0cd73c9c81a5409,SP reward for iUSD,12 October 2023,5077980,10-01-2024 21:45,12-10-2023 23:00
11355,442,690b0a92962d8e5940212f11e4e414db2a6a773f06923adaa063bf7a,SP reward for iUSD,12 October 2023,40945750,10-01-2024 21:45,12-10-2023 23:00
11356,442,22778de05c70977723ea69a0ba94506ab39b2cc9e76b8f47e69c260a,SP reward for iUSD,12 October 2023,4458692,10-01-2024 21:45,12-10-2023 23:00
11357,442,5e9e787d528af67785b3b595843acc232258ada6191b40ffa80cd0d2,SP reward for iUSD,12 October 2023,65250171,10-01-2024 21:45,12-10-2023 23:00
11358,442,08abc365d15eb5a450ff8ed2a6207bfa3cb5a0df4ec1ddd0e6636026,SP reward for iUSD,12 October 2023,42638,10-01-2024 21:45,12-10-2023 23:00
11359,442,5549e47cc751bd3ea39c302038ed15de03593797992f85d62ec3588b,SP reward for iUSD,12 October 2023,46939783,10-01-2024 21:45,12-10-2023 23:00
11360,442,65486825d3effecd2864af2faf9252aca837c7a765deb51ed27ce39c,SP reward for iUSD,12 October 2023,6917,10-01-2024 21:45,12-10-2023 23:00
11361,442,3b8deaefd44267932f302932ae4e7bf60479ab503133a93330c58929,SP reward for iUSD,12 October 2023,12456392,10-01-2024 21:45,12-10-2023 23:00
11362,442,f704a30ed24b42848a7f70f6deac1c07abb2ea48d7945f9a42e0ad57,SP reward for iUSD,12 October 2023,408,10-01-2024 21:45,12-10-2023 23:00
11363,442,c1ca0e406c026b2c5bea93a87adcdb47d35ff84fa11aad36bf508bdb,SP reward for iUSD,12 October 2023,408,10-01-2024 21:45,12-10-2023 23:00
11364,442,d9c22f53b65de245d53960e0ebc869bcce325869e0474dbac405ce2a,SP reward for iUSD,12 October 2023,408,10-01-2024 21:45,12-10-2023 23:00
11365,442,2c1ef015c1c1f7ebd56316e4f1e06504b9c2fe0542b70c2651235b5f,SP reward for iUSD,12 October 2023,408,10-01-2024 21:45,12-10-2023 23:00
11366,442,96623e8c15842d11060747474564901af30f1cc64ecceafcd118ae8f,SP reward for iUSD,12 October 2023,2202380,10-01-2024 21:45,12-10-2023 23:00
11367,442,619db89e32d3347ca98cb4718f91695154e3a3f7d383af693a4dabc8,SP reward for iUSD,12 October 2023,0,10-01-2024 21:45,12-10-2023 23:00
11368,442,284839fc9946e6331dada95c3f7c14e995b738b0e580d8079c50bac1,SP reward for iUSD,12 October 2023,847408,10-01-2024 21:45,12-10-2023 23:00
11369,442,356aa4fa03e001aafa876b3eff7ed8f2abd9bc2cb3533de1432ebd07,SP reward for iUSD,12 October 2023,2242593,10-01-2024 21:45,12-10-2023 23:00
11370,442,3c3d75ff35d353865c8f20c885325cf161c155252484fa9e87c330aa,SP reward for iUSD,12 October 2023,12327,10-01-2024 21:45,12-10-2023 23:00
11371,442,4bc42a51d5b86d192f74c6f89fff93b8b4bd983b5afa88f1f30fc307,SP reward for iUSD,12 October 2023,1843949,10-01-2024 21:45,12-10-2023 23:00
11372,442,3fbdca8a85a77bb7448f2aed7fc255737afce334c27beb34abea0f98,SP reward for iUSD,12 October 2023,8615309,10-01-2024 21:45,12-10-2023 23:00
11373,442,fdcb2ad56f90c49a73ace602f2f459055f75c9b42f6b186731da60e0,SP reward for iUSD,12 October 2023,120314,10-01-2024 21:45,12-10-2023 23:00
11374,442,80cd4da4e55a97f5c7f7e66de2162101e9725b2aa44aff4e6a4e1e33,SP reward for iUSD,12 October 2023,11837874,10-01-2024 21:45,12-10-2023 23:00
11375,442,152a6505f54a619ab12dd37022a00aae01bd5c8348c84cf0f16463b5,SP reward for iUSD,12 October 2023,27492375,10-01-2024 21:45,12-10-2023 23:00
11376,442,299eca15c1fa5d35980dc122ac3799ee69dfb47b6e92dbb4106487b6,SP reward for iUSD,12 October 2023,6057593,10-01-2024 21:45,12-10-2023 23:00
11377,442,8aae701fce6c665a60987e720af72af63c4dc2c4ed1e5c11d3f15f2e,SP reward for iUSD,12 October 2023,69448928,10-01-2024 21:45,12-10-2023 23:00
11378,442,00d5a046be21b4c6c5c6c90c6f831f2b6413cf7c22bd0e0affddf169,SP reward for iUSD,12 October 2023,377627,10-01-2024 21:45,12-10-2023 23:00
11379,442,6aa8471da93aeb4bea5c68f4fc59a449537af1485b0ec34e1e3e3239,SP reward for iUSD,12 October 2023,11092297,10-01-2024 21:45,12-10-2023 23:00
11380,442,94e8a4d1c409af5498095aafa61edb23fdbd9714f45d104cbe148425,SP reward for iBTC,12 October 2023,33087,10-01-2024 21:45,12-10-2023 23:00
11381,442,4652c04766dfb925145dd332a511ae47fc2404afe0bebeee3627a71a,SP reward for iBTC,12 October 2023,1243,10-01-2024 21:45,12-10-2023 23:00
11382,442,b116a13787a0e3908128fb3d218193ebbe31f14bb1564e3b17e56474,SP reward for iBTC,12 October 2023,929,10-01-2024 21:45,12-10-2023 23:00
11383,442,f8dc2687e7efb9814a0258337bbead8dbcf6dac7a0237e3b600f404d,SP reward for iBTC,12 October 2023,7621,10-01-2024 21:45,12-10-2023 23:00
11384,442,2774b527cc66118eeb772ca5553089dc2f9d0a675d5d4bb0615afa56,SP reward for iBTC,12 October 2023,23,10-01-2024 21:45,12-10-2023 23:00
11385,442,2ce68896a2812bcceaeea3837e33e4d24b1c88151c1a0b6cd02b182d,SP reward for iBTC,12 October 2023,15509,10-01-2024 21:45,12-10-2023 23:00
11386,442,559d23a5db8f1b809ba9b48e7504582c96af34f68495f3ed51b2cce5,SP reward for iBTC,12 October 2023,33505,10-01-2024 21:45,12-10-2023 23:00
11387,442,625a80682693f31e617ecbd92d269d226fd5ebd2f8584ef00577a658,SP reward for iBTC,12 October 2023,6006,10-01-2024 21:45,12-10-2023 23:00
11388,442,baeeed00be50eeef2fc6f4089780abd4fc3cc461052fe8f271fd93b4,SP reward for iBTC,12 October 2023,9375,10-01-2024 21:45,12-10-2023 23:00
11389,442,f1edb36c4546c43d547ef1568ab271ca79841977d8816f6f85cffd09,SP reward for iBTC,12 October 2023,12,10-01-2024 21:45,12-10-2023 23:00
11390,442,2797b6e8e72817175772048734122bdfb686c41776318690f1cc5f79,SP reward for iBTC,12 October 2023,12,10-01-2024 21:45,12-10-2023 23:00
11391,442,d522cfaab057a5a8aed4e83723ae0fa5150f007e009aab2e77659701,SP reward for iBTC,12 October 2023,174,10-01-2024 21:45,12-10-2023 23:00
11392,442,903d332a30ff8a7beb13268a99e2fdd35e8a7f20368edda4416158e3,SP reward for iBTC,12 October 2023,135611,10-01-2024 21:45,12-10-2023 23:00
11393,442,ed3122194af84dbc350676f420b1927209b40cf0d239ec26a5cc8623,SP reward for iBTC,12 October 2023,150110,10-01-2024 21:45,12-10-2023 23:00
11394,442,2e1573f020d7dc42fb1befd459287f0e620fb799cee111e43c50d676,SP reward for iBTC,12 October 2023,16032,10-01-2024 21:45,12-10-2023 23:00
11395,442,bffe2a2f3dde97b96f94f5cdde3957828c61db930faba0e4b2afbb46,SP reward for iBTC,12 October 2023,18693,10-01-2024 21:45,12-10-2023 23:00
11396,442,12f5110ed7d627702788e4e38eaee59c8a22b5df19ed9ec664a82738,SP reward for iBTC,12 October 2023,7679,10-01-2024 21:45,12-10-2023 23:00
11397,442,fd604bfce2089228bb84742efa2a90ad7f678753149f4949b376143f,SP reward for iBTC,12 October 2023,116,10-01-2024 21:45,12-10-2023 23:00
11398,442,435ac6984516a80bf6a9e7d16ba8431add7b4f44083131ab8dce0097,SP reward for iBTC,12 October 2023,57123,10-01-2024 21:45,12-10-2023 23:00
11399,442,df3ed3c34530edc62131484128ad73c4a256a8974d6a52ec845b64ed,SP reward for iBTC,12 October 2023,10258,10-01-2024 21:45,12-10-2023 23:00
11400,442,847fe7a38c4292370b7254e6da0d9684769b31a10040e8f8ecf9686b,SP reward for iBTC,12 October 2023,14859,10-01-2024 21:45,12-10-2023 23:00
11401,442,ce6885bef0ae899503bec94142f5c2d8f8d25973ddb50e1c5dca5c1e,SP reward for iBTC,12 October 2023,6901,10-01-2024 21:45,12-10-2023 23:00
11402,442,41c36d3ddc84ef66b56f1a8ad1bd87779262caeab0b0ec2ba129dbbc,SP reward for iBTC,12 October 2023,263323,10-01-2024 21:45,12-10-2023 23:00
11403,442,89d095d531c5d92be599e65bfe27c44652b2cf99b72a332427e9d8a2,SP reward for iBTC,12 October 2023,17124,10-01-2024 21:45,12-10-2023 23:00
11404,442,f18f251f8eddc1825371c53d9fdd05d62aad37584a7b0f9e72cb0d5a,SP reward for iBTC,12 October 2023,23572,10-01-2024 21:45,12-10-2023 23:00
11405,442,270a564190936d5e6199cd157798a1d802e05b5c4d69a756d02a4024,SP reward for iBTC,12 October 2023,2881,10-01-2024 21:45,12-10-2023 23:00
11406,442,1bf3be13ff8e559f0aa594266d0cd164be15cd0fd1252943d97e1edb,SP reward for iBTC,12 October 2023,314,10-01-2024 21:45,12-10-2023 23:00
11407,442,c7a34f1bdd69aee0196ba58d21999dd00a349820247b24041201649c,SP reward for iBTC,12 October 2023,16044,10-01-2024 21:45,12-10-2023 23:00
11408,442,4e5426811df99e191ae0bc3eca64836e561a07d1623b16f94828240b,SP reward for iBTC,12 October 2023,116,10-01-2024 21:45,12-10-2023 23:00
11409,442,d8432e121bd1d5bc137bcaecbece07f1793c31be59f83b18324c5606,SP reward for iBTC,12 October 2023,12,10-01-2024 21:45,12-10-2023 23:00
11410,442,bd8dc08c011f804f96be2b9d6a085b68cbfb7235b362f821e4bd996f,SP reward for iBTC,12 October 2023,12582,10-01-2024 21:45,12-10-2023 23:00
11411,442,38182d9874dbabb161ffff5e21c81a58b8134ff7f34f2407903dba6c,SP reward for iBTC,12 October 2023,4717,10-01-2024 21:45,12-10-2023 23:00
11412,442,77dbc24ca98002157cc36a53b2f84c3080d85cf1946c83fb47d6d86e,SP reward for iBTC,12 October 2023,511,10-01-2024 21:45,12-10-2023 23:00
11413,442,e292dc90457553865ecf16f586d72185fe4ef1afb2dc708f7099e4dd,SP reward for iBTC,12 October 2023,35,10-01-2024 21:45,12-10-2023 23:00
11414,442,222c33a3ddf56799694bb262eec3e8eea2b543200dc8c19cb05e91af,SP reward for iBTC,12 October 2023,1301,10-01-2024 21:45,12-10-2023 23:00
11415,442,4bc68e944b110d752d552bd07df288e2a21102e7fcb8f66bf0fa6b03,SP reward for iBTC,12 October 2023,18495,10-01-2024 21:45,12-10-2023 23:00
11416,442,3bc2ce369c678c1a5115f7949487434175f01002469df0b3183c1a65,SP reward for iBTC,12 October 2023,34760,10-01-2024 21:45,12-10-2023 23:00
11417,442,d454f318a8c6566f00c68a23802c71ef7a6b675fe95d0db765a1bea9,SP reward for iBTC,12 October 2023,1104,10-01-2024 21:45,12-10-2023 23:00
11418,442,24be347acbb7713ebcd0f5b2b131f5d6ec0b9d48f4f142a0da648760,SP reward for iBTC,12 October 2023,1278,10-01-2024 21:45,12-10-2023 23:00
11419,442,1e55b5dd30127909ce59b07ec00664030565822c232536f659139900,SP reward for iBTC,12 October 2023,26174,10-01-2024 21:45,12-10-2023 23:00
11420,442,85efbfc96dbff3982879b8689ec1c4755ea8e4b64281d1ac19a855f2,SP reward for iBTC,12 October 2023,2440,10-01-2024 21:45,12-10-2023 23:00
11421,442,5c3d04a6fd9ff6f0ec72ef6f5213b307db3910cdec68ed15fab76aa7,SP reward for iBTC,12 October 2023,17380,10-01-2024 21:45,12-10-2023 23:00
11422,442,6b5976099e509e58d6d3d04d10a63bdc511b3de937dd839cfb876076,SP reward for iBTC,12 October 2023,406439,10-01-2024 21:45,12-10-2023 23:00
11423,442,5174ab849efa5337d220c79f849aa39ee378cd42b3ea9a2cc55ff905,SP reward for iBTC,12 October 2023,9422,10-01-2024 21:45,12-10-2023 23:00
11424,442,5e7faea68262c87aec85b67c123673325a4193ab39de773499af83ba,SP reward for iBTC,12 October 2023,589101,10-01-2024 21:45,12-10-2023 23:00
11425,442,16af0db2d287df23f43f80b06b04415537fd9b6408c1cb5894da1329,SP reward for iBTC,12 October 2023,1297770,10-01-2024 21:45,12-10-2023 23:00
11426,442,929695c172f6c2841df1482161ec1a2716ee2f166c27c86b20736e71,SP reward for iBTC,12 October 2023,2986,10-01-2024 21:45,12-10-2023 23:00
11427,442,9db8dbdfc35cd01248d7ef8b323d76a072cc6ccec45aca38ddd3f99c,SP reward for iBTC,12 October 2023,353997,10-01-2024 21:45,12-10-2023 23:00
11428,442,db9b636e1b467ad9fa1c99c5820477f235d024c6079471192b750ce4,SP reward for iBTC,12 October 2023,58,10-01-2024 21:45,12-10-2023 23:00
11429,442,3cdcafabe8d5a88419c7cb447f0467d81cd4086c97b489b49ddd0dca,SP reward for iBTC,12 October 2023,218316,10-01-2024 21:45,12-10-2023 23:00
11430,442,01bb74d6a09834970c7e1cb6883cfaecbd3982e7fcc8d24116deaa84,SP reward for iBTC,12 October 2023,2904,10-01-2024 21:45,12-10-2023 23:00
11431,442,30f71e8f66d9f908f0a47173cccb4127341e557e9f3d9d60e0d60178,SP reward for iBTC,12 October 2023,1737783,10-01-2024 21:45,12-10-2023 23:00
11432,442,c55b4e912c5d71dfaa4f0b7487eecf8ed26a9ae779a9ad422639fd45,SP reward for iBTC,12 October 2023,9259,10-01-2024 21:45,12-10-2023 23:00
11433,442,cef48e82717f374be93b1e5bccad65b68e9403e57dcec8f251b35455,SP reward for iBTC,12 October 2023,33423367,10-01-2024 21:45,12-10-2023 23:00
11434,442,289cee24fb86dd5d5b6f02c8ca80397e03fa83c086d6e698e3ec330b,SP reward for iBTC,12 October 2023,383,10-01-2024 21:45,12-10-2023 23:00
11435,442,61cc93b6feaaf71fb0a4133fc103134b9e0057b17a96b5b8ab064345,SP reward for iBTC,12 October 2023,68625,10-01-2024 21:45,12-10-2023 23:00
11436,442,31352abda9a60e8a89222a049834cdd603dcc4fa2f9f3dbfc0a0b25f,SP reward for iBTC,12 October 2023,4810,10-01-2024 21:45,12-10-2023 23:00
11437,442,73064ed9d446fe559dea6a5c0484f4c4876d91e1d7442109f6815770,SP reward for iBTC,12 October 2023,349,10-01-2024 21:45,12-10-2023 23:00
11438,442,63b3889ebf65aba913b3ca44031d7b2c59b04b0727c3f2e67d52d034,SP reward for iBTC,12 October 2023,58,10-01-2024 21:45,12-10-2023 23:00
11439,442,8b542601309e158b422074b4a53ec9aa0f09a0b50f58bce55a68b4a0,SP reward for iBTC,12 October 2023,2045,10-01-2024 21:45,12-10-2023 23:00
11440,442,7bfcb0b4a3974232c21fe4440a2befb5aff58093e9582c9d447c1e0d,SP reward for iBTC,12 October 2023,23,10-01-2024 21:45,12-10-2023 23:00
11441,442,86072393fd16edefa5aa60ad88220dda3560bfdefa40eb96e3070075,SP reward for iBTC,12 October 2023,5681,10-01-2024 21:45,12-10-2023 23:00
11442,442,998a487e8caad608417916a0378d4886f64d23d4eaa192af56ff886e,SP reward for iBTC,12 October 2023,68114,10-01-2024 21:45,12-10-2023 23:00
11443,442,4385f6e1941b54b06ddfad16a7d19ee7f713d9f4fd7d3d9334b9b566,SP reward for iBTC,12 October 2023,151,10-01-2024 21:45,12-10-2023 23:00
11444,442,11b4ac68cf0d110247dc7d2bc139c92fd7a21af0a798a913e06fecd1,SP reward for iBTC,12 October 2023,61259,10-01-2024 21:45,12-10-2023 23:00
11445,442,ae17e9f63022e30bddc7f2c9189140dfdc434af23e26f37f75394229,SP reward for iBTC,12 October 2023,10316,10-01-2024 21:45,12-10-2023 23:00
11446,442,08abc365d15eb5a450ff8ed2a6207bfa3cb5a0df4ec1ddd0e6636026,SP reward for iBTC,12 October 2023,12,10-01-2024 21:45,12-10-2023 23:00
11447,442,53313be7f4738a1ad1554126858d052f318ccbf66d88b5016e9155d5,SP reward for iBTC,12 October 2023,546,10-01-2024 21:45,12-10-2023 23:00
11448,442,8d995bf956bbf2a69b6549ca3a6830e9292b0d2641e9fa520d0f294d,SP reward for iBTC,12 October 2023,277008,10-01-2024 21:45,12-10-2023 23:00
11449,442,5f9483631a382320cd149d20a120f71c1f8c7030b72408f44fccd795,SP reward for iBTC,12 October 2023,23,10-01-2024 21:45,12-10-2023 23:00
11450,442,243143a1edf725605b078e3660ccf3ef4811e54ce8d70b04ae15a4b0,SP reward for iBTC,12 October 2023,8051,10-01-2024 21:45,12-10-2023 23:00
11451,442,8ced098872686355fd3accc2329d595bf2ac9c6e7e981a8bc89d4540,SP reward for iBTC,12 October 2023,58424,10-01-2024 21:45,12-10-2023 23:00
11452,442,6f860cd15e7d9a0fe71735b338fa4ad81e418ddaae95928bd2994fc1,SP reward for iBTC,12 October 2023,3064806,10-01-2024 21:45,12-10-2023 23:00
11453,442,4647b9163e069f291328c22c76051780a8e8616e00354aa8cbc5cf6e,SP reward for iBTC,12 October 2023,12,10-01-2024 21:45,12-10-2023 23:00
11454,442,b178ffc093995ed4f92326da8cbbae25832bd1c723b4897435ae3ee3,SP reward for iBTC,12 October 2023,29683,10-01-2024 21:45,12-10-2023 23:00
11455,442,222afda7939e082f26e12d2ce9cf584b44538b31a60e2e1f3f333821,SP reward for iBTC,12 October 2023,1046,10-01-2024 21:45,12-10-2023 23:00
11456,442,71b03bb1f2db64f230e74c08d8bee62313660b1bf9649fbc28f690bc,SP reward for iBTC,12 October 2023,81555,10-01-2024 21:45,12-10-2023 23:00
11457,442,0dbb67ed102393b0bf27cb9d1c2f8f83ad7a9f1689904879a5191c92,SP reward for iBTC,12 October 2023,668426,10-01-2024 21:45,12-10-2023 23:00
11458,442,96ea86b6481fa765de3718fae818186c426d848761d5e574b5d9078d,SP reward for iBTC,12 October 2023,257781,10-01-2024 21:45,12-10-2023 23:00
11459,442,c05d3ab97abdcac7e81855b92b59afe40f18b059e9d8cceedc5ef511,SP reward for iBTC,12 October 2023,15765,10-01-2024 21:45,12-10-2023 23:00
11460,442,9342a76f7de030e7df3e37249b14ef9ea67bbdde1e95e654aab21fb5,SP reward for iBTC,12 October 2023,35259,10-01-2024 21:45,12-10-2023 23:00
11461,442,bc12846dfe29fb17207d6e11b98fdda7201679227d46d744de5574e8,SP reward for iBTC,12 October 2023,32134,10-01-2024 21:45,12-10-2023 23:00
11462,442,ad4c1b0b50a32c00b7798cc93a249f5702d7e23c91601657d52c56ad,SP reward for iBTC,12 October 2023,120973,10-01-2024 21:45,12-10-2023 23:00
11463,442,b485a4652f1572808586882af82ef45d6219992c2b3dc68412fa6502,SP reward for iBTC,12 October 2023,121020,10-01-2024 21:45,12-10-2023 23:00
11464,442,1989462784de66a8e08b553e196bb609d62853586a741ce3abb34e13,SP reward for iBTC,12 October 2023,118290,10-01-2024 21:45,12-10-2023 23:00
11465,442,f393547fdc57f678fdd9827cb603e9a60d57282bd37416a327094f56,SP reward for iBTC,12 October 2023,80010,10-01-2024 21:45,12-10-2023 23:00
11466,442,945cd17ae5a96a439a8191283c8459e67ab18c7e2d93fa1dfce4671c,SP reward for iBTC,12 October 2023,11676,10-01-2024 21:45,12-10-2023 23:00
11467,442,4484d456440c1956679e21e1d66e924d649c00666227046c3f1c96f7,SP reward for iBTC,12 October 2023,12,10-01-2024 21:45,12-10-2023 23:00
11468,442,53494b753f7670d751b575f6d4559aeb0d1a55e8e1b60a85e73e2df0,SP reward for iBTC,12 October 2023,49735,10-01-2024 21:45,12-10-2023 23:00
11469,442,54305958538cfe7e957863cc9f844dd6eedb9a0e654df4405636a554,SP reward for iBTC,12 October 2023,7807,10-01-2024 21:45,12-10-2023 23:00
11470,442,5f7d1aba60a090039edbb0294ccb27d3617a8827396b292ee49dec9f,SP reward for iBTC,12 October 2023,24281,10-01-2024 21:45,12-10-2023 23:00
11471,442,9ec26f63bfe50214282ef7ab89765bb7d647271ab7952de6815fbc19,SP reward for iBTC,12 October 2023,7203,10-01-2024 21:45,12-10-2023 23:00
11472,442,9430bd1b6d9bf6308dec0be93790ab927ac721606a76b52a7cf26ae6,SP reward for iBTC,12 October 2023,24966,10-01-2024 21:45,12-10-2023 23:00
11473,442,92cc4d0251f53a24f5366fb898c1681fee4d41123eab48bca6293ba1,SP reward for iBTC,12 October 2023,76827,10-01-2024 21:45,12-10-2023 23:00
11474,442,9797a1b44f05c0ef79368313bf12221d6b388d8b7a02cab480df05be,SP reward for iBTC,12 October 2023,11002,10-01-2024 21:45,12-10-2023 23:00
11475,442,529828b5fb8e3347ffc11e615fead9d06250f5457c828595bba6d3ba,SP reward for iBTC,12 October 2023,404278,10-01-2024 21:45,12-10-2023 23:00
11476,442,2381ee57a1f2e2074431f7af73f56c256f683727438021c4a9eb1883,SP reward for iBTC,12 October 2023,146265,10-01-2024 21:45,12-10-2023 23:00
11477,442,afe4f9c05f0b2fe3e561b4367044d774119a0029c6e8e25e92488a40,SP reward for iBTC,12 October 2023,144499,10-01-2024 21:45,12-10-2023 23:00
11478,442,111f4fa65714de665800cdaa883559bc60d994f34ef9f49b372d5c12,SP reward for iBTC,12 October 2023,429349,10-01-2024 21:45,12-10-2023 23:00
11479,442,2c3249ad7a3ec1b7781db91899c6c15a068abafe2117c09aca08d097,SP reward for iBTC,12 October 2023,443383,10-01-2024 21:45,12-10-2023 23:00
11480,442,30f730fb260aed1721ae7ec3d6ba003509bc8d125ddbf93ddf51cfac,SP reward for iBTC,12 October 2023,6912,10-01-2024 21:45,12-10-2023 23:00
11481,442,a2b3fc71aa466e489bef35c30ca8b4a9388f701ab0cd73c9c81a5409,SP reward for iBTC,12 October 2023,23433,10-01-2024 21:45,12-10-2023 23:00
11482,442,8bb9c1842b5df8a44359e65982adb4d2a7d0cb745a2b8488592e3d9f,SP reward for iBTC,12 October 2023,33249,10-01-2024 21:45,12-10-2023 23:00
11483,442,c90dfeb23d605971a7c59e29113aecd883e6390ae59b21748a3ef672,SP reward for iBTC,12 October 2023,26441,10-01-2024 21:45,12-10-2023 23:00
11484,442,06126a123250e0920b44678709da9d6d06d9edca5ecc7c532ac49aad,SP reward for iBTC,12 October 2023,12,10-01-2024 21:45,12-10-2023 23:00
11485,442,12f84d27cceeee594ed1f7928398c1653346becbbc159e80556cc6fd,SP reward for iBTC,12 October 2023,47190,10-01-2024 21:45,12-10-2023 23:00
11486,442,1434b0f9b0d42bdfe065dfbde6089def626c28128e2b25234b8409db,SP reward for iBTC,12 October 2023,7377,10-01-2024 21:45,12-10-2023 23:00
11487,442,a61e01183e93a2bd0cb1ee515fe8c652c33404cb1643c0bb5867cd63,SP reward for iBTC,12 October 2023,5054,10-01-2024 21:45,12-10-2023 23:00
11488,442,3001ab2e1afb570d756ead9ed5c82ae8241ae8cce18a17113c5706af,SP reward for iBTC,12 October 2023,60562,10-01-2024 21:45,12-10-2023 23:00
11489,442,e1a70a14406e84b401683a3b044d3fc7dbec76833c7e7e934585b678,SP reward for iBTC,12 October 2023,426084,10-01-2024 21:45,12-10-2023 23:00
11490,442,2ef4c3d711d1a7adab1a24a04856a191a3a162dc844c039eba9adbe6,SP reward for iBTC,12 October 2023,71773,10-01-2024 21:45,12-10-2023 23:00
11491,442,9bf780683ee09b92d00a465c519ef7febf74a26e6ff45fd9af96e496,SP reward for iBTC,12 October 2023,131104,10-01-2024 21:45,12-10-2023 23:00
11492,442,f3820b9d2e1ff6bc15652ffbc01346225e9d3f5c06adeb77b316f12a,SP reward for iBTC,12 October 2023,52651,10-01-2024 21:45,12-10-2023 23:00
11493,442,f4d2cd5b06c42740805070280540bda96165b3b3c3129319b0cb61d8,SP reward for iBTC,12 October 2023,128281,10-01-2024 21:45,12-10-2023 23:00
11494,442,514ec5e427280c6bca6a0d79dea12bc793673a7241ba8f6f982a542e,SP reward for iBTC,12 October 2023,42567,10-01-2024 21:45,12-10-2023 23:00
11495,442,0459b42e46e5d7a16fc6970f4c863641d5dde5560bd5881a1a8afc8b,SP reward for iBTC,12 October 2023,546337,10-01-2024 21:45,12-10-2023 23:00
11496,442,d5783eeb99454513796d07833a55b33d041157aa2557f641d50b7f13,SP reward for iBTC,12 October 2023,81,10-01-2024 21:45,12-10-2023 23:00
11497,442,97e4d04ae43b647e81b6329013697a1417c167be759ae49780568c76,SP reward for iBTC,12 October 2023,223231,10-01-2024 21:45,12-10-2023 23:00
11498,442,ad122b9fa3ab86495712afd2a6f655430427c2cf21a54fd0c8fe8e63,SP reward for iBTC,12 October 2023,86562,10-01-2024 21:45,12-10-2023 23:00
11499,442,5b57fb20f89e6a300ba3160a8339a32e0ea1751c776d874df2154527,SP reward for iBTC,12 October 2023,2184,10-01-2024 21:45,12-10-2023 23:00
11500,442,637d1f755c749370501adf2605aed6c5ecf198e037a12ed3bfc02f89,SP reward for iBTC,12 October 2023,12245,10-01-2024 21:45,12-10-2023 23:00
11501,442,10a2ea055b227f1d48a0a462ca6048f82693653fdb534eb7cd3ca654,SP reward for iBTC,12 October 2023,76827,10-01-2024 21:45,12-10-2023 23:00
11502,442,8425e1110917c188382ff1e28f3e11c6310ca3c1ee09b4b4bcc41bc1,SP reward for iBTC,12 October 2023,17508,10-01-2024 21:45,12-10-2023 23:00
11503,442,10bc27afabbda7fc02b15506968725e6af86ff6932f30a128d1d2f9e,SP reward for iBTC,12 October 2023,26244,10-01-2024 21:45,12-10-2023 23:00
11504,442,5d4a3c04c9a3115bf18cc6a37a4388050eadb756253bedf452d8efa2,SP reward for iBTC,12 October 2023,165991,10-01-2024 21:45,12-10-2023 23:00
11505,442,89867b8f45893cb14c1de33e0d5d3306dcf249101e203796017243ac,SP reward for iBTC,12 October 2023,5054,10-01-2024 21:45,12-10-2023 23:00
11506,442,e65fafb51e3a0af5b2fc7dbdb246b633fdcccd9459e3e2f2c09f2ccb,SP reward for iBTC,12 October 2023,95089,10-01-2024 21:45,12-10-2023 23:00
11507,442,6c8ecb2a0a26b86449201ea03fe11aeefc109c8e5e1d650779c01b7c,SP reward for iBTC,12 October 2023,47829,10-01-2024 21:45,12-10-2023 23:00
11508,442,856d18a37ff1be2074f1904f3db9d2d45ea8badc88a3ff443836b97e,SP reward for iBTC,12 October 2023,57995,10-01-2024 21:45,12-10-2023 23:00
11509,442,a33c563393379855e9b6f66e6830ceac659fac8982b06d4128b21722,SP reward for iBTC,12 October 2023,4298,10-01-2024 21:45,12-10-2023 23:00
11510,442,c66e4c7f7e62a9e589fbd7261b2510001a269b08530916b8af59f392,SP reward for iBTC,12 October 2023,207408,10-01-2024 21:45,12-10-2023 23:00
11511,442,e4a3572c85228edfa7ee4d015fa55fd6c93d181597f86859aaabca91,SP reward for iBTC,12 October 2023,362501,10-01-2024 21:45,12-10-2023 23:00
11512,442,6a454ac65fe62709fb8b2f46b6ed76a6497997c2eb9cfd9b4de35940,SP reward for iBTC,12 October 2023,901810,10-01-2024 21:45,12-10-2023 23:00
11513,442,5d464f67736cef9286be8854cdd17fdceeca017d2b0bb56c76db64f2,SP reward for iBTC,12 October 2023,185218,10-01-2024 21:45,12-10-2023 23:00
11514,442,e1dabf1e8691c018fda047487415acf4ed06b874cc7e2bb639dd1845,SP reward for iBTC,12 October 2023,11548,10-01-2024 21:45,12-10-2023 23:00
11515,442,63d62b85ce675ee25e9e0da4c846d9843afc136a494b52ccdc2e48e2,SP reward for iBTC,12 October 2023,46,10-01-2024 21:45,12-10-2023 23:00
11516,442,e599429457c61531f5ec659442d7e430dc2e1c6152944d6815f4b064,SP reward for iBTC,12 October 2023,737561,10-01-2024 21:45,12-10-2023 23:00
11517,442,d901310b443168e1fc2d91faeb7f64e19312a8f9ffa2280ad775c1fe,SP reward for iBTC,12 October 2023,557804,10-01-2024 21:45,12-10-2023 23:00
11518,442,a7b9ee64702f425ec79d48bec8dc50489e4996c684b3624233bf6e3b,SP reward for iBTC,12 October 2023,76594,10-01-2024 21:45,12-10-2023 23:00
11519,442,f6babe82e81a1d51f5e4368647e69d71363450dec2d259c239658201,SP reward for iBTC,12 October 2023,57193,10-01-2024 21:45,12-10-2023 23:00
11520,442,cc42402b917443957763a94854647b10ceb0ae702a224166ab86b8a9,SP reward for iBTC,12 October 2023,76443,10-01-2024 21:45,12-10-2023 23:00
11521,442,d20a972f5bddebc47975b4d78f5a5ea7113b8311a84623fe58891b45,SP reward for iBTC,12 October 2023,26895,10-01-2024 21:45,12-10-2023 23:00
11522,442,5310a7c00c573d9400459ad061211250ce8c164a1b657d952003f32e,SP reward for iBTC,12 October 2023,162564,10-01-2024 21:45,12-10-2023 23:00
11523,442,04c8f0976496bf3b67a4e70b9cc2a9c3c78de5a04e5713c8b00c7a97,SP reward for iBTC,12 October 2023,39558,10-01-2024 21:45,12-10-2023 23:00
11524,442,bc74633bac550bbadaf788c0d83c68087a119dbdd4f75bbde49f154a,SP reward for iBTC,12 October 2023,49607,10-01-2024 21:45,12-10-2023 23:00
11525,442,3e2a4fefddafa38436d4c55f1c52cbca11c3c2aef0e94f37ff5be620,SP reward for iBTC,12 October 2023,58169,10-01-2024 21:45,12-10-2023 23:00
11526,442,b8a892490fa5784bf2c73603b7cc0f05a3219fc7901db3e698ad7f11,SP reward for iBTC,12 October 2023,6738,10-01-2024 21:45,12-10-2023 23:00
11527,442,72b1e604e866f798b31d76fb363aa3e570b6514117485b2f5c897753,SP reward for iBTC,12 October 2023,34562,10-01-2024 21:45,12-10-2023 23:00
11528,442,ea374c2d569d63853df7d92c816502210495360908aa4df12568e567,SP reward for iBTC,12 October 2023,36688,10-01-2024 21:45,12-10-2023 23:00
11529,442,ba9cdccfb43c0bb8236d5819a7086f1093d0c0a4d6b631ea5eed67bc,SP reward for iBTC,12 October 2023,461680,10-01-2024 21:45,12-10-2023 23:00
11530,442,e2a3bc9f398b6f1efe80bf7a1293dfd4c04ea81867ff0a897cb5eacd,SP reward for iBTC,12 October 2023,100410,10-01-2024 21:45,12-10-2023 23:00
11531,442,144a91af110e1f266e04a5fc28a41d897523570b8c8ca12724be3b64,SP reward for iBTC,12 October 2023,30682,10-01-2024 21:45,12-10-2023 23:00
11532,442,73160153c6fceb9fc89216a5940585b4cb9c1876b5a7d7889089ce12,SP reward for iBTC,12 October 2023,18844,10-01-2024 21:45,12-10-2023 23:00
11533,442,ccf0463efcfc0be16312d889a485c827392edb4bf32af4b43af4aad5,SP reward for iBTC,12 October 2023,29636,10-01-2024 21:45,12-10-2023 23:00
11534,442,782f7991e512e52aa83c538ae74d90283916f770165a85f30e222070,SP reward for iBTC,12 October 2023,7015436,10-01-2024 21:45,12-10-2023 23:00
11535,442,35b5123df5bdeca9a3899f0b9d6581d29ef0b8f1f177a9809a4f5203,SP reward for iBTC,12 October 2023,1592076,10-01-2024 21:45,12-10-2023 23:00
11536,442,8a42473e6bdb66189f724c4da29b6940eae317179fe69bf92e0242cc,SP reward for iBTC,12 October 2023,1604797,10-01-2024 21:45,12-10-2023 23:00
11537,442,a9df654a096a290a5d3e0eb25b16e658df3833f5669bcbb2f809e3c2,SP reward for iBTC,12 October 2023,512054,10-01-2024 21:45,12-10-2023 23:00
11538,442,5d1ae8825555ff8847263b4cad9c1fd8b9b7d6f788dddd71a34f23fe,SP reward for iBTC,12 October 2023,12,10-01-2024 21:45,12-10-2023 23:00
11539,442,ecf6df3e564fb3214117ff1ba3fb4532e6d1f2fb80c0015027b291b8,SP reward for iBTC,12 October 2023,755,10-01-2024 21:45,12-10-2023 23:00
11540,442,6fe35e3afb8041bb4b3e2df8a1ff4fcb433b5061ca04d71a44c925d1,SP reward for iBTC,12 October 2023,104174,10-01-2024 21:45,12-10-2023 23:00
11541,442,374b46ff0fc4f269f31c99a12c82159a58207c3e686c437d57dad408,SP reward for iBTC,12 October 2023,123796,10-01-2024 21:45,12-10-2023 23:00
11542,442,a5113918bdedb5881ff37ed3c4d45141f8cca161573b5e2be5071f75,SP reward for iBTC,12 October 2023,35573,10-01-2024 21:45,12-10-2023 23:00
11543,442,bdf1507fde82b8d0513273600289002f05e0caab85d28a804ec36a73,SP reward for iBTC,12 October 2023,4264,10-01-2024 21:45,12-10-2023 23:00
11544,442,5277d320e4e981971f75599c3c15bc0abebbdb6aea9cbadccb16bff1,SP reward for iBTC,12 October 2023,123483,10-01-2024 21:45,12-10-2023 23:00
11545,442,fc4456a76943fc8ddf1fec0d5b5ea44213e92bb498cf57768c82b872,SP reward for iBTC,12 October 2023,48735,10-01-2024 21:45,12-10-2023 23:00
11546,442,aee02fa77ebc7ddf3c93a8d3afe0d44d94a9d81d4d26684c49f25cf2,SP reward for iBTC,12 October 2023,166003,10-01-2024 21:45,12-10-2023 23:00
11547,442,78286944b6758ecbd9179c981466d8a007296b1e09fc3cf53add1fd8,SP reward for iBTC,12 October 2023,93,10-01-2024 21:45,12-10-2023 23:00
11548,442,ef375afc54458f274bd07dec902e981a581fb46d4ab6d996e40b5bb0,SP reward for iBTC,12 October 2023,172834,10-01-2024 21:45,12-10-2023 23:00
11549,442,308ee07a2d9f4a8cb93dffdbfd031413b4e8f5e55218c099e6f131ea,SP reward for iBTC,12 October 2023,219176,10-01-2024 21:45,12-10-2023 23:00
11550,442,cbd45719e9d7a6332688ac3ad8bcec87def6bb55174662ee16b5fa61,SP reward for iBTC,12 October 2023,148762,10-01-2024 21:45,12-10-2023 23:00
11551,442,451fe314c4e9a41bb5804455fb4057afc1cbf2b74cde2d3d737b3354,SP reward for iBTC,12 October 2023,12,10-01-2024 21:45,12-10-2023 23:00
11552,442,ee5592e3bff712a914258c52f57873c0cfc73a7b2c25008fedbcdf9d,SP reward for iBTC,12 October 2023,10258,10-01-2024 21:45,12-10-2023 23:00
11553,442,5dbde133f26c4c4d49266229d6414d8496450a0322832c6e4219cb4b,SP reward for iBTC,12 October 2023,63559,10-01-2024 21:45,12-10-2023 23:00
11554,442,117a220650f577db973565412c705745e0cac69c796d137e977267a0,SP reward for iBTC,12 October 2023,105,10-01-2024 21:45,12-10-2023 23:00
11555,442,a6c6b85a1faea3c830ff6410fa94503a0deff927429be8fea8ecfe1c,SP reward for iBTC,12 October 2023,16729,10-01-2024 21:45,12-10-2023 23:00
11556,442,53eb9c7601e433f0659a74479e98400d203af061f135354f43e0dad4,SP reward for iBTC,12 October 2023,34539,10-01-2024 21:45,12-10-2023 23:00
11557,442,a076e24a67c4906b17ede60183d0478e4d95431c5a227f3d35c4e8dc,SP reward for iBTC,12 October 2023,5088,10-01-2024 21:45,12-10-2023 23:00
11558,442,dc2f8d28b7b68eea544d5f052410ca6a34a5e6e811ef13496e156dda,SP reward for iBTC,12 October 2023,40731,10-01-2024 21:45,12-10-2023 23:00
11559,442,7b0d6609ff14368ecd1a39d4d737292d2e348cb35801e0fea067f5ce,SP reward for iBTC,12 October 2023,548602,10-01-2024 21:45,12-10-2023 23:00
11560,442,e9558a5fc36f0f9794e7810b3773d63556795a00e9aba9584532a2fa,SP reward for iBTC,12 October 2023,921734,10-01-2024 21:45,12-10-2023 23:00
11561,442,ea79af332a33e08d0180ace4940a4bba5e9040ea76bf0f8a884279cd,SP reward for iBTC,12 October 2023,16009,10-01-2024 21:45,12-10-2023 23:00
11562,442,42cad31cebab15afa9009d990b34374946246b0ffa50405d811ea6fb,SP reward for iBTC,12 October 2023,55741,10-01-2024 21:45,12-10-2023 23:00
11563,442,07870a95cc8ef51c6813a07f93b76c9e920640902bf176855333a03e,SP reward for iBTC,12 October 2023,106242,10-01-2024 21:45,12-10-2023 23:00
11564,442,37659fd936489ba08c0f7122f30d034594d20804392ba14cd2a6d362,SP reward for iBTC,12 October 2023,3497,10-01-2024 21:45,12-10-2023 23:00
11565,442,026c8ee36589862c813abaf4142583d8631869cc694bfc393ad229ed,SP reward for iBTC,12 October 2023,109809,10-01-2024 21:45,12-10-2023 23:00
11566,442,1d873b8c37d35e5e322736d5194df4efbcec93bd3e87090998185a10,SP reward for iBTC,12 October 2023,447182,10-01-2024 21:45,12-10-2023 23:00
11567,442,95adb311d06d54e4251c9dc4f413de7ae81eb4d19c503d968ae1aad5,SP reward for iBTC,12 October 2023,185718,10-01-2024 21:45,12-10-2023 23:00
11568,442,35c495d0df5f9332169c25a654f44ce8ba0e494f7fccf9037718b5d1,SP reward for iBTC,12 October 2023,321887,10-01-2024 21:45,12-10-2023 23:00
11569,442,9c9cfb0162ad71b2ea61e82aa7676826d3bb5a58eb5f005b68a4c8da,SP reward for iBTC,12 October 2023,1091245,10-01-2024 21:45,12-10-2023 23:00
11570,442,698ceb483c24a183e0a9efbb33b25789c41494082421f4df6c75803e,SP reward for iBTC,12 October 2023,193641,10-01-2024 21:45,12-10-2023 23:00
11571,442,b475be0fdcfcfe84c5c20a5e697f805c4a27f911a8eb47b7177304aa,SP reward for iBTC,12 October 2023,683586,10-01-2024 21:45,12-10-2023 23:00
11572,442,38a6b071d8b300a0a8219cb49ae293024f466985a89f62d6188d0388,SP reward for iBTC,12 October 2023,10851,10-01-2024 21:45,12-10-2023 23:00
11573,442,69af353f2cb9ab695b429cff0e80203bc8e9e47548f28176e9bf99a0,SP reward for iBTC,12 October 2023,85714,10-01-2024 21:45,12-10-2023 23:00
11574,442,694abb439fba197ce0ee7420e98cb6a8f1535069b1bd6e65cf3c3db1,SP reward for iBTC,12 October 2023,72598,10-01-2024 21:45,12-10-2023 23:00
11575,442,e67bcf67de8a7932f1b1e396657a7f3f27463e98327fbb5e8d27b1b3,SP reward for iBTC,12 October 2023,210730,10-01-2024 21:45,12-10-2023 23:00
11576,442,a21ad32e6fdf1ed6d0ffdec01e71a481dc2b0c8ec0290f2ed9f227c1,SP reward for iBTC,12 October 2023,953,10-01-2024 21:45,12-10-2023 23:00
11577,442,476b3ff004d654d9792905df08b6122ce7f0934776fd4cfe14619e1f,SP reward for iBTC,12 October 2023,4171,10-01-2024 21:45,12-10-2023 23:00
11578,442,43b8e3375ecf90169230d91ce92863d0b041ed4c8668cc87d17ea980,SP reward for iBTC,12 October 2023,13790,10-01-2024 21:45,12-10-2023 23:00
11579,442,cf80384d5c45b66114334e9aa2ceb2c5fc762a94301c4c6787c69edc,SP reward for iBTC,12 October 2023,279506,10-01-2024 21:45,12-10-2023 23:00
11580,442,7dc85fe5487b335c2da93f88ece77f627227d835da86e4eb193312d4,SP reward for iBTC,12 October 2023,12,10-01-2024 21:45,12-10-2023 23:00
11581,442,258b0f580832ed26df4c5d92a9b5270c0e3dd4dd5a806bf7b8817ee4,SP reward for iBTC,12 October 2023,39929,10-01-2024 21:45,12-10-2023 23:00
11582,442,01eb20dded4e71bc19c2fe3b5751eae6d10a765dfb16db2e82f6a4ba,SP reward for iBTC,12 October 2023,64837,10-01-2024 21:45,12-10-2023 23:00
11583,442,6c2c506ec04e624743404ae1688a4fc6f668de7ac6990612e26246d0,SP reward for iBTC,12 October 2023,11710,10-01-2024 21:45,12-10-2023 23:00
11584,442,802cb092106fceffa2337814d10a42c330bfd573c0b29819d6a43b4a,SP reward for iBTC,12 October 2023,296316,10-01-2024 21:45,12-10-2023 23:00
11585,442,02dea5a4227b3f3ea4c25cb9efec1c9d21d6c84c094723fc4d0ea263,SP reward for iBTC,12 October 2023,7958,10-01-2024 21:45,12-10-2023 23:00
11586,442,bd2a3bc90f29b243b3034ce2db38942aac3e16c7ebe0016add056d53,SP reward for iBTC,12 October 2023,5100,10-01-2024 21:45,12-10-2023 23:00
11587,442,fa447f916a5a021053692ded933c27349eec25674d8d0cd7470f0125,SP reward for iBTC,12 October 2023,1231,10-01-2024 21:45,12-10-2023 23:00
11588,442,a6dbba290877e35a99d112108edf8c59364f9d06d0de28484b88d592,SP reward for iBTC,12 October 2023,1743,10-01-2024 21:45,12-10-2023 23:00
11589,442,e367111803d9720ed53b7127da78ed0a9317a8b7188c71fa947fb5cb,SP reward for iBTC,12 October 2023,17635,10-01-2024 21:45,12-10-2023 23:00
11590,442,39b625fa46ceaed9d756e6e663b0ce12da66b96f571a70f81d307000,SP reward for iBTC,12 October 2023,2498812,10-01-2024 21:45,12-10-2023 23:00
11591,442,91b90be38c88534f0e56ac18a8d1f0c6b1502fff72d59930ca2a37de,SP reward for iBTC,12 October 2023,11304,10-01-2024 21:45,12-10-2023 23:00
11592,442,79e3d59ab4a72ee17c3f6ee81f262aada5ba9f9c9293eb3b07363224,SP reward for iBTC,12 October 2023,134879,10-01-2024 21:45,12-10-2023 23:00
11593,442,56460232600f7f83c802cd4d754d1df5909498ba129dd9b921490ba5,SP reward for iBTC,12 October 2023,54428,10-01-2024 21:45,12-10-2023 23:00
11594,442,31ac5363f5d3b6bc5ee0a10aac24f82fb0417a1e53f318833cb34c9b,SP reward for iBTC,12 October 2023,10549,10-01-2024 21:45,12-10-2023 23:00
11595,442,c50059f86353b3a494aa471c2ed2bb644db9a28cb3242e5651f297c3,SP reward for iBTC,12 October 2023,24594,10-01-2024 21:45,12-10-2023 23:00
11596,442,d218cf8074ea70f71c6cb07461ea99c98ea021dce93f8ef31e17a07c,SP reward for iBTC,12 October 2023,4845,10-01-2024 21:45,12-10-2023 23:00
11597,442,9b314b76487603dec62a43cfeea584dae73cd42e7f83871495974fdb,SP reward for iBTC,12 October 2023,28254,10-01-2024 21:45,12-10-2023 23:00
11598,442,89b6e6736d0a6643d4f3a5205c5ebb853a1d8fbbc51b8d73723af1e4,SP reward for iBTC,12 October 2023,11885,10-01-2024 21:45,12-10-2023 23:00
11599,442,dbe4f7a84a446f0945219f3e126c627216733c00f33ac99e0184f0d7,SP reward for iBTC,12 October 2023,95415,10-01-2024 21:45,12-10-2023 23:00
11600,442,7a069e44ff96e9f9c7dd2097650124d542e88638fbcc67de7e168139,SP reward for iBTC,12 October 2023,41707,10-01-2024 21:45,12-10-2023 23:00
11601,442,dbf5237efea8d4014dd9dd124d0c1f8798e92e1e2016cf670eaf1424,SP reward for iBTC,12 October 2023,47341,10-01-2024 21:45,12-10-2023 23:00
11602,442,1b1ba287e7816fd86a470d6e56a89db3741b4781b0946730482f0c8e,SP reward for iBTC,12 October 2023,82078,10-01-2024 21:45,12-10-2023 23:00
11603,442,fd84357990c85741e74703ffc003798059eecfc6cd9ee37c98e93fd8,SP reward for iBTC,12 October 2023,7505,10-01-2024 21:45,12-10-2023 23:00
11604,442,5f03b2d007767d056973fc9afe4b7cad8695a82db73f12b998c64250,SP reward for iBTC,12 October 2023,151969,10-01-2024 21:45,12-10-2023 23:00
11605,442,3addd926e4d74499b821cb53b4e084086d1323a22608c47c43b21f50,SP reward for iBTC,12 October 2023,518467,10-01-2024 21:45,12-10-2023 23:00
11606,442,e544d0152f17bacc61736bea720477a416dbd60ead88c42cf6dda564,SP reward for iBTC,12 October 2023,33702,10-01-2024 21:45,12-10-2023 23:00
11607,442,3349450c00e6bcd2b48a1adba10b32343f045abd172ec4b9b297faad,SP reward for iBTC,12 October 2023,639730,10-01-2024 21:45,12-10-2023 23:00
11608,442,ecf5b1ffca39a9821dc42163dea13dc58d4d9b28767edf02124a271a,SP reward for iBTC,12 October 2023,15695,10-01-2024 21:45,12-10-2023 23:00
11609,442,57e353299dc689c7b021c9252c7d0650f362b3877a2e659340efc70a,SP reward for iBTC,12 October 2023,53371,10-01-2024 21:45,12-10-2023 23:00
11610,442,e1fe8c18060b61725fc639e6ed11f31323da2cc773f048910a4634da,SP reward for iBTC,12 October 2023,205688,10-01-2024 21:45,12-10-2023 23:00
11611,442,226efff56376642abcea869757e787dbe8916c694dc8ea69be81d4d3,SP reward for iBTC,12 October 2023,11315,10-01-2024 21:45,12-10-2023 23:00
11612,442,627af63a775267b8a3f8fbed2a0f823e5e99d679522adec252f2c8ff,SP reward for iBTC,12 October 2023,154188,10-01-2024 21:45,12-10-2023 23:00
11613,442,78278bcb9c677979118fb293f6b2ea731711d27c4c00a6c6477081c8,SP reward for iBTC,12 October 2023,97262,10-01-2024 21:45,12-10-2023 23:00
11614,442,611dd956af4745b49b478a9fec15b7ba57c9ddaa111c15a08fc3b407,SP reward for iBTC,12 October 2023,19715,10-01-2024 21:45,12-10-2023 23:00
11615,442,4d67cf44cabdb0209f5388ca682dca8d148480adcefe63448f413ba3,SP reward for iBTC,12 October 2023,211729,10-01-2024 21:45,12-10-2023 23:00
11616,442,e31737eff954647c3cfb076fc5ec72a889d3d7b27a875fdf2fd1b379,SP reward for iBTC,12 October 2023,12,10-01-2024 21:45,12-10-2023 23:00
11617,442,fc5543c66855df3872fc1c6bedbd95bb592feb158a7656d0964358b1,SP reward for iBTC,12 October 2023,106753,10-01-2024 21:45,12-10-2023 23:00
11618,442,476b50ba222061304df4ef1e7da2a370fc1a452f4100e862d5555269,SP reward for iBTC,12 October 2023,130407,10-01-2024 21:45,12-10-2023 23:00
11619,442,becf6035f52fa35d5d7a8731b2c5dbc11c044c40fe202181aa28cfc1,SP reward for iBTC,12 October 2023,240413,10-01-2024 21:45,12-10-2023 23:00
11620,442,96ffd21941e1c71772b97f5682c7bd2bc30640c68fc1d32c0c70b8d9,SP reward for iBTC,12 October 2023,352766,10-01-2024 21:45,12-10-2023 23:00
11621,442,1045e75d3b45f6170e3cb414db37069282799761865f831fd98eb6a9,SP reward for iBTC,12 October 2023,26755,10-01-2024 21:45,12-10-2023 23:00
11622,442,ff7146ab3d288749871f4cf95b6d586203facd0bbf2cedebd34470e3,SP reward for iBTC,12 October 2023,1444383,10-01-2024 21:45,12-10-2023 23:00
11623,442,7502c5c924fda27047c2cdff8e5a3ebf823c8427387b674b12b0203d,SP reward for iBTC,12 October 2023,12,10-01-2024 21:45,12-10-2023 23:00
11624,442,7c287d80b89068e3f0e5ad9cdcfccd67e264e10c7bac1f1c50b4b4ce,SP reward for iBTC,12 October 2023,105626,10-01-2024 21:45,12-10-2023 23:00
11625,442,4e1b5e33ca40177148b9a59b602070a93d08c6d28769fa954879cc34,SP reward for iBTC,12 October 2023,6947,10-01-2024 21:45,12-10-2023 23:00
11626,442,e0f3e44d96ee509d6ab6e2da8f461254ca01f70093af4449dc4872f7,SP reward for iBTC,12 October 2023,569,10-01-2024 21:45,12-10-2023 23:00
11627,442,17847aaa1e8f5041d5591347a6337e9992eb0f565f725cf43191558a,SP reward for iBTC,12 October 2023,962105,10-01-2024 21:45,12-10-2023 23:00
11628,442,bd0f8a958763197ef563ab8d4d85fc21fee6f7b894d6c7c8d82db00c,SP reward for iBTC,12 October 2023,918,10-01-2024 21:45,12-10-2023 23:00
11629,442,eca93e97120204b13cf0fa6a0f87e37c39503bfaa2872a01944f02b8,SP reward for iBTC,12 October 2023,97250,10-01-2024 21:45,12-10-2023 23:00
11630,442,9d4d413b3f4497d3ccdb07be86f076da7010d81e145b55adcdc2f833,SP reward for iBTC,12 October 2023,10061,10-01-2024 21:45,12-10-2023 23:00
11631,442,efd2562cf81215badd5f6232a30689f8b150bbed13bbca6fea876ddf,SP reward for iBTC,12 October 2023,131905,10-01-2024 21:45,12-10-2023 23:00
11632,442,eec262031b5b78bd61e1f5aaeb37110ab6599407ab82682ad1798d21,SP reward for iBTC,12 October 2023,95996,10-01-2024 21:45,12-10-2023 23:00
11633,442,5841691340afe9da06fa9b6183312767278be1ba7ca99c752ef50fd6,SP reward for iBTC,12 October 2023,190225,10-01-2024 21:45,12-10-2023 23:00
11634,442,a0ffd156054ecb13d0f10dc4df8234d966e8ddac81e4708f2ed0eafc,SP reward for iBTC,12 October 2023,4009531,10-01-2024 21:45,12-10-2023 23:00
11635,442,f7fbc9291c83560868ab7e3ba41ae900800b74940e117d044bf7dae4,SP reward for iBTC,12 October 2023,78825,10-01-2024 21:45,12-10-2023 23:00
11636,442,b4b1870ad7b75cc0e6ec8241474a9f83a053e0135aeca9718bbad2d6,SP reward for iBTC,12 October 2023,547173,10-01-2024 21:45,12-10-2023 23:00
11637,442,dbf62020c6e458cd78ab8e4726fbc766b60c9a473918a5afb8784f4f,SP reward for iBTC,12 October 2023,10223,10-01-2024 21:45,12-10-2023 23:00
11638,442,8ede185c7701ad49c0e4a8e8551d273ff717922d2487f54fac34fa6d,SP reward for iBTC,12 October 2023,335537,10-01-2024 21:45,12-10-2023 23:00
11639,442,623f00f49ed872b8fde76a4d5520f4ff63e50dec00b938701fe2aedd,SP reward for iBTC,12 October 2023,33586,10-01-2024 21:45,12-10-2023 23:00
11640,442,ae410e87b18ac10b7b28dcc401248dfe43d8bddcad2c349f315e9d55,SP reward for iBTC,12 October 2023,14231,10-01-2024 21:45,12-10-2023 23:00
11641,442,742e13aeb9130597e75cb1e4201368884b223a027760b1614ddcd514,SP reward for iBTC,12 October 2023,220454,10-01-2024 21:45,12-10-2023 23:00
11642,442,659c684b55fbaeac93ace9f4568e4815d01e094b823be7a04d3552f5,SP reward for iBTC,12 October 2023,558930,10-01-2024 21:45,12-10-2023 23:00
11643,442,e435792ece3754f9a940629ec319e62c108f06fedc90da30504b776f,SP reward for iBTC,12 October 2023,104256,10-01-2024 21:45,12-10-2023 23:00
11644,442,862f5ad26068a3da287a54bc2fab1c19a99a48c81939d34870be1b85,SP reward for iBTC,12 October 2023,52221,10-01-2024 21:45,12-10-2023 23:00
11645,442,f7b1e851725cfa1f1f24f6b0efb5c29ca06119a33c64f8b6324f27db,SP reward for iBTC,12 October 2023,33946,10-01-2024 21:45,12-10-2023 23:00
11646,442,cf160c79e4395e9b17de9ff8fa6d78e9ade6fee1e7080e0c00152e3e,SP reward for iBTC,12 October 2023,269585,10-01-2024 21:45,12-10-2023 23:00
11647,442,ea8d6023f782f4802d83c0c803c213be848f2a5aec6bceb40a3a71c2,SP reward for iBTC,12 October 2023,569,10-01-2024 21:45,12-10-2023 23:00
11648,442,70f311783e3166f6d6bc39a700b92a2a2610b7cf7f20b5775244b657,SP reward for iBTC,12 October 2023,1035702,10-01-2024 21:45,12-10-2023 23:00
11649,442,878c6006173f9d113f53ba6169317039743808f62e25f539418ba4af,SP reward for iBTC,12 October 2023,1181804,10-01-2024 21:45,12-10-2023 23:00
11650,442,4e3f32529b38dc2fec4f2e582ead19b227edac321f79b7f4fb26a362,SP reward for iBTC,12 October 2023,17240,10-01-2024 21:45,12-10-2023 23:00
11651,442,7346e0ad8dce5c04702ca60dd0d4526e2df5d483f1761718ee53aad5,SP reward for iBTC,12 October 2023,102769,10-01-2024 21:45,12-10-2023 23:00
11652,442,4b950752c2113c742fcb45f06e31f1773151ec070e34b5361a2e559f,SP reward for iBTC,12 October 2023,1995529,10-01-2024 21:45,12-10-2023 23:00
11653,442,2dabdcb42f94e94c8c01515743dd95856cec96a8367fa180dcb71b99,SP reward for iBTC,12 October 2023,75340,10-01-2024 21:45,12-10-2023 23:00
11654,442,8fd1c10f23d010cb70527dfa179041722d39ecbb73a759bc2b88639c,SP reward for iBTC,12 October 2023,522242,10-01-2024 21:45,12-10-2023 23:00
11655,442,33927ace3bccbac0df3ec2a62bbfc5b7637b1d1c48a253c34397f43c,SP reward for iBTC,12 October 2023,5704,10-01-2024 21:45,12-10-2023 23:00
11656,442,d507ae81327a236ebeb68e2eb12a2e91f1dec6864389e429cca299dd,SP reward for iBTC,12 October 2023,864518,10-01-2024 21:45,12-10-2023 23:00
11657,442,d74a6efc13c28b96e80fa23036353ec62897443d0ee58a7cae63cb0b,SP reward for iBTC,12 October 2023,112899,10-01-2024 21:45,12-10-2023 23:00
11658,442,47ee31ae699bd89a025e9501b9f940c22de22a3dfc2a718e2a10eb05,SP reward for iBTC,12 October 2023,8678,10-01-2024 21:45,12-10-2023 23:00
11659,442,5f4cdf9c20fb77b9f42b5e38191e4f5f75b2204e5c86d8a0f7a0dc36,SP reward for iBTC,12 October 2023,113805,10-01-2024 21:45,12-10-2023 23:00
11660,442,172e62f4878895a3168c61eccd4f7effd9e33383a4b89031c2d05053,SP reward for iBTC,12 October 2023,371377,10-01-2024 21:45,12-10-2023 23:00
11661,442,1b0f82f268b7fe033d88c2ac02f6a179e2ea545a13cb01a3a54a599a,SP reward for iBTC,12 October 2023,65651,10-01-2024 21:45,12-10-2023 23:00
11662,442,0dcbeed337d833d3642b28c19cdc84b4a6bd454170bc39dd5b8fd27f,SP reward for iBTC,12 October 2023,74468,10-01-2024 21:45,12-10-2023 23:00
11663,442,5dd980e75c38dc7af3dbb6d1d1f023b6b2c47e0fc11d7614b8c6144a,SP reward for iBTC,12 October 2023,51431,10-01-2024 21:45,12-10-2023 23:00
11664,442,b0d6004a93f5ebcbca3d9df0d90dd40d56118c2d092bf4073450c7cf,SP reward for iBTC,12 October 2023,28300,10-01-2024 21:45,12-10-2023 23:00
11665,442,c59dfaaf43c38d28e4bf38064a298f6adff6f0ac28a81ca2ba81efd4,SP reward for iBTC,12 October 2023,6239,10-01-2024 21:45,12-10-2023 23:00
11666,442,1c17a2b47f85fbfb39d92c74636c3febf1c4171c923fcb69f1d9cc15,SP reward for iBTC,12 October 2023,292181,10-01-2024 21:45,12-10-2023 23:00
11667,442,00d5a046be21b4c6c5c6c90c6f831f2b6413cf7c22bd0e0affddf169,SP reward for iBTC,12 October 2023,62200,10-01-2024 21:45,12-10-2023 23:00
11668,442,803aa8053a78aaea3d2fe1c3591703fa63e0617e2153551fd6742ddb,SP reward for iBTC,12 October 2023,27998,10-01-2024 21:45,12-10-2023 23:00
11669,442,d4354d91bc4d7bc7e8a8fc5794f99754740cb0d23b0b96c32b334fed,SP reward for iBTC,12 October 2023,43484,10-01-2024 21:45,12-10-2023 23:00
11670,442,127d26a73f634ffb7d4e6520feddd1f5abc62b4bfb9c5b513a0faf23,SP reward for iBTC,12 October 2023,15219,10-01-2024 21:45,12-10-2023 23:00
11671,442,efe6a1bd03d8dd1a5a22927c2d862e27d6d0dd04bb4ed396d8887056,SP reward for iBTC,12 October 2023,15219,10-01-2024 21:45,12-10-2023 23:00
11672,442,5f8f6ba508ff9881b3c738c4a7c20e0847d02b71d18de8ac1cb80514,SP reward for iBTC,12 October 2023,15242,10-01-2024 21:45,12-10-2023 23:00
11673,442,9e643254f8245ece4648fcdc4a354ea13e344c11271af8c658253032,SP reward for iBTC,12 October 2023,15254,10-01-2024 21:45,12-10-2023 23:00
11674,442,d0a287080a5f1e8c7895310d78734a8b9937f46073b058b098bd4ea4,SP reward for iBTC,12 October 2023,15219,10-01-2024 21:45,12-10-2023 23:00
11675,442,44695b930c7d23346cf113e38f5e5cf7050ada748945ab88aedf6a41,SP reward for iBTC,12 October 2023,15254,10-01-2024 21:45,12-10-2023 23:00
11676,442,5ebf7013444e2e68de82850cdfb3666ca4736e73ddd9086d6466effc,SP reward for iBTC,12 October 2023,15242,10-01-2024 21:45,12-10-2023 23:00
11677,442,9e1c246216b925a3525c8a22acca10e4f20a8bb72eadd794842941d0,SP reward for iBTC,12 October 2023,15242,10-01-2024 21:45,12-10-2023 23:00
11678,442,2abf3c6529aed8e823daf0009e245991f07312b2c3abfa896ae0d621,SP reward for iBTC,12 October 2023,15231,10-01-2024 21:45,12-10-2023 23:00
11679,442,28c0ed86703825c350733056b1b81ddcd366438987fe0c61c8035072,SP reward for iBTC,12 October 2023,15231,10-01-2024 21:45,12-10-2023 23:00
11680,442,6967ac99067fa8918be3effe80acb02d0112916b196c3472bf1ae8d3,SP reward for iBTC,12 October 2023,15289,10-01-2024 21:45,12-10-2023 23:00
11681,442,8e2e68198ad244bf93f8aa743640ef5a97a3e7ec9c2d8bc6faa61123,SP reward for iBTC,12 October 2023,15289,10-01-2024 21:45,12-10-2023 23:00
11682,442,4317b2ad43c9462bd359d9d7cd7ff9c09d753755c061ad5ee15e0165,SP reward for iBTC,12 October 2023,15265,10-01-2024 21:45,12-10-2023 23:00
11683,442,dcd377746b5124b7dc67168f12221da018ddf15b9fbee68ee0735c8a,SP reward for iBTC,12 October 2023,15265,10-01-2024 21:45,12-10-2023 23:00
11684,442,ca80c29f0fab9e47157113fdbf0e5adad90f606ac3c2c0472da31fcc,SP reward for iBTC,12 October 2023,15265,10-01-2024 21:45,12-10-2023 23:00
11685,442,c77f571656d51f09f302b1916071bed21d55dfacbbe2fdbb818b0d4a,SP reward for iBTC,12 October 2023,13697,10-01-2024 21:45,12-10-2023 23:00
11686,442,7a2009799e43e9044fd476ff1f88fbea64babef7a7bc20c6b21c7939,SP reward for iBTC,12 October 2023,15277,10-01-2024 21:45,12-10-2023 23:00
11687,442,84004c5f32b4d374910d336498d403676dc192f86584ae1d9eb1db4a,SP reward for iBTC,12 October 2023,15277,10-01-2024 21:45,12-10-2023 23:00
11688,442,5d836fc0b9042bafc309fe81cad9902a3e5256acea324b4128b4bbe6,SP reward for iBTC,12 October 2023,15277,10-01-2024 21:45,12-10-2023 23:00
11689,442,5465bf73f1a67d5b67ecd4d29515ef9c7e2a31130b3bb036e50b0984,SP reward for iBTC,12 October 2023,15277,10-01-2024 21:45,12-10-2023 23:00
11690,442,b1f7b45205350ea85fcf6b736477f5fadd617ef9ad9c98a48ad61ec9,SP reward for iBTC,12 October 2023,1350327,10-01-2024 21:45,12-10-2023 23:00
11691,442,cd86c7001be335cb5ba746ee9c7b23758eff240e67ae44b4af9f3f85,SP reward for iBTC,12 October 2023,152457,10-01-2024 21:45,12-10-2023 23:00
11692,442,5434b2713c0d0884e45afb46b9f560e0e8be50d63ae949be9fe51423,SP reward for iBTC,12 October 2023,19819,10-01-2024 21:45,12-10-2023 23:00
11693,442,338f6ad73e0886541751486f71ceb084279c1ef0babe1ca9a2d58687,SP reward for iBTC,12 October 2023,1200124,10-01-2024 21:45,12-10-2023 23:00
11694,442,a1e4678a007b4cbfc9aa6e7f9a37a15c2edb29f18ee1727b2a161bb8,SP reward for iBTC,12 October 2023,80626,10-01-2024 21:45,12-10-2023 23:00
11695,442,85c66ed26b27050fbc7bebe3c85f283ea848da45f15dd05469477684,SP reward for iBTC,12 October 2023,39395,10-01-2024 21:45,12-10-2023 23:00
11696,442,2177c9b358e79ac479a2e137ce1326609b8341c32770c2166915cc8a,SP reward for iBTC,12 October 2023,16195,10-01-2024 21:45,12-10-2023 23:00
11697,442,4cb2eb343a9f29be1c2550732c532cf3d2a846cce4b12691379bdc70,SP reward for iBTC,12 October 2023,60388,10-01-2024 21:45,12-10-2023 23:00
11698,442,b1f1b061e51ad6f7a28f63f6f6e8928ae397a229eb37eb968bce611d,SP reward for iBTC,12 October 2023,262393,10-01-2024 21:45,12-10-2023 23:00
11699,442,252028dd01e3acc1c30861a6624f8b90e85f9b9056fde443a3df8533,SP reward for iBTC,12 October 2023,48979,10-01-2024 21:45,12-10-2023 23:00
11700,442,08bee9b93df80b52ef1582cafdc2d00b8ebb1db6f53d42746ba2ee8a,SP reward for iBTC,12 October 2023,303159,10-01-2024 21:45,12-10-2023 23:00
11701,442,0fd054639a3e8f5d478a3a54301863571c602fa127d5240ed03b9396,SP reward for iBTC,12 October 2023,84634,10-01-2024 21:45,12-10-2023 23:00
11702,442,d0bada51ac1cbd906f6d2310bab8e20f8dbb9f90c9719969a5ae8f66,SP reward for iBTC,12 October 2023,117476,10-01-2024 21:45,12-10-2023 23:00
11703,442,927e55798611f7bc06bb509fc2a6ec54a42d0284b52478f38053c635,SP reward for iBTC,12 October 2023,125562,10-01-2024 21:45,12-10-2023 23:00
11704,442,9874f0db003e781647db8f953002a3db4844641352332ff7c6fe6c1d,SP reward for iBTC,12 October 2023,411690,10-01-2024 21:45,12-10-2023 23:00
11705,442,c92acee29814228a44be41f4a07ca4beaac0585a93f5a5f36e0a625a,SP reward for iBTC,12 October 2023,426502,10-01-2024 21:45,12-10-2023 23:00
11706,442,f08a2242c6a6353ea38c9316dc478cad0d5e53eef6c1833e763eb33d,SP reward for iBTC,12 October 2023,12059,10-01-2024 21:45,12-10-2023 23:00
11707,442,34c3340d91bf6565f8b26b14e5dc37c6f89d62bc748b78de164115da,SP reward for iBTC,12 October 2023,26953,10-01-2024 21:45,12-10-2023 23:00
11708,442,9f95cb7929fd219396797e5ed4c48b69cd18f58370858927236619cf,SP reward for iBTC,12 October 2023,558,10-01-2024 21:45,12-10-2023 23:00
11709,442,8aaa28ab9441608df81e08d2b228a7349d76bf3019504a8615bfcf08,SP reward for iBTC,12 October 2023,60121,10-01-2024 21:45,12-10-2023 23:00
11710,442,9c8cc3ac2810e440ae1d0d41c4d7cbf79b860b5f315f8d4ed8350d81,SP reward for iBTC,12 October 2023,59877,10-01-2024 21:45,12-10-2023 23:00
11711,442,851e58aaf8a0c9f3c9abbaf773b05533b5aac52afc6f9dab8d656c91,SP reward for iBTC,12 October 2023,69705,10-01-2024 21:45,12-10-2023 23:00
11712,442,6f55a9d74db68134d952107df81bfffdec92fed808885f29e3ab39b1,SP reward for iBTC,12 October 2023,28591,10-01-2024 21:45,12-10-2023 23:00
11713,442,611d8b0630ae6010daa86863dbebda9d75d83c77a3f9799153c03091,SP reward for iBTC,12 October 2023,833139,10-01-2024 21:45,12-10-2023 23:00
11714,442,5a4fad55fdeabf0d0dfb5d4b75464bf5ee33a8f1edd2015dc0b39c24,SP reward for iBTC,12 October 2023,76327,10-01-2024 21:45,12-10-2023 23:00
11715,442,421eb2f69996e14e0249d6008d6db12997e9feb75ffe5ae8a18450dc,SP reward for iBTC,12 October 2023,1106069,10-01-2024 21:45,12-10-2023 23:00
11716,442,07b67ac56d6c56a757ac53b2c37f47ac6904d27a64aa6b1bc7d7c906,SP reward for iBTC,12 October 2023,799355,10-01-2024 21:45,12-10-2023 23:00
11717,442,e78c4eb4ec3e852b78f8540a7ff65767451cbf7601c4e6a9c4c97d52,SP reward for iBTC,12 October 2023,682692,10-01-2024 21:45,12-10-2023 23:00
11718,442,244ef5c19b4209da7df61d1f9a41ca599cf12610aed0f9457dbc7353,SP reward for iBTC,12 October 2023,218131,10-01-2024 21:45,12-10-2023 23:00
11719,442,68fb726d104e615aa74b865aa28f0e8460ef489721ee26413f190a2b,SP reward for iBTC,12 October 2023,55927,10-01-2024 21:45,12-10-2023 23:00
11720,442,e892875d741eeddc536eb15bb8df712f375ee8b043312119ae1b3742,SP reward for iBTC,12 October 2023,458706,10-01-2024 21:45,12-10-2023 23:00
11721,442,0f602b5d99125a213ff9978c6dfca3147a2daf71d7baa9807b6d395b,SP reward for iBTC,12 October 2023,12396,10-01-2024 21:45,12-10-2023 23:00
11722,442,4482822ba84d47736ecfc0a9647e3d1f6114b32f6bc944ceb6c67b13,SP reward for iBTC,12 October 2023,99376,10-01-2024 21:45,12-10-2023 23:00
11723,442,759d6df20a7f19005a274354accf23be17d066149740f11b76115565,SP reward for iBTC,12 October 2023,213263,10-01-2024 21:45,12-10-2023 23:00
11724,442,3ff27f47760d508cbc7e9db201e9fa0a985717f9cbfd307d429ba670,SP reward for iBTC,12 October 2023,1030729,10-01-2024 21:45,12-10-2023 23:00
11725,442,a7c4ad49f24faecad3a91f5e5a4109cfa822faade50e6840a3db3d67,SP reward for iBTC,12 October 2023,1482430,10-01-2024 21:45,12-10-2023 23:00
11726,442,759eb4f2ca5d96083badd166880b65128fa3d8da340bce3b4198a2f3,SP reward for iBTC,12 October 2023,879040,10-01-2024 21:45,12-10-2023 23:00
11727,442,36335a09015ff3e7941cc3bc4095f41ec80aedf5086c1ffedf7bc7a9,SP reward for iBTC,12 October 2023,1142339,10-01-2024 21:45,12-10-2023 23:00
11728,442,c2caa3f52fdfe4424d8aab68f691aa1617988acdb86a37b2850795ac,SP reward for iBTC,12 October 2023,285779,10-01-2024 21:45,12-10-2023 23:00
11729,442,0a36d2059eac53b46045092125f8419d455cf63ba48a7f2285a1a691,SP reward for iBTC,12 October 2023,677522,10-01-2024 21:45,12-10-2023 23:00
11730,442,343a6e2b66f769abf99ad58bc6425690fd647ea7221a738a55d94bd6,SP reward for iBTC,12 October 2023,163981,10-01-2024 21:45,12-10-2023 23:00
11731,442,69378090fe30db71103e3e1733833fdfd7caca0ce295aaecc4c87b73,SP reward for iBTC,12 October 2023,144336,10-01-2024 21:45,12-10-2023 23:00
11732,442,dbd9c61554e7f039b6d4eeaa12977fd06872e65ee8b7069c967c8ead,SP reward for iBTC,12 October 2023,67591,10-01-2024 21:45,12-10-2023 23:00
11733,442,01f6dc5b1fa257c30119d02f9ec10db6cec471c96fde0ea8a06f1f52,SP reward for iBTC,12 October 2023,1090699,10-01-2024 21:45,12-10-2023 23:00
11734,442,481c685b45d23206458864c3cee0ec7258f8b28d15000fae7c9ee246,SP reward for iBTC,12 October 2023,11095,10-01-2024 21:45,12-10-2023 23:00
11735,442,31eec5d71937555a28119e20dadcbe20b67b367b2f31f21957466444,SP reward for iBTC,12 October 2023,512972,10-01-2024 21:45,12-10-2023 23:00
11736,442,9527209d33e31613f6543e4c5447305c05f8afc334d0f8aa90f6e256,SP reward for iBTC,12 October 2023,10409,10-01-2024 21:45,12-10-2023 23:00
11737,442,8d9f07138fbec27a505c2800f79653639a09487e702622bc52bc7ac4,SP reward for iBTC,12 October 2023,188483,10-01-2024 21:45,12-10-2023 23:00
11738,442,1c874dcb1cc790d45772509bed0e7d7bd8396ca0f72ed76025296496,SP reward for iBTC,12 October 2023,22282,10-01-2024 21:45,12-10-2023 23:00
11739,442,c5ad47122828f917f08da9b1919bf801fb63a1b00950888c4e1d553f,SP reward for iBTC,12 October 2023,102513,10-01-2024 21:45,12-10-2023 23:00
11740,442,23a833160c3d6a9c09c95cae9035dacdb5be88b00fd1c34ca6399bd7,SP reward for iBTC,12 October 2023,139143,10-01-2024 21:45,12-10-2023 23:00
11741,442,c4c6e2c645f453f6f7ca990b7ade2b2b2de868c0aeb5c7511e481fe9,SP reward for iBTC,12 October 2023,1602799,10-01-2024 21:45,12-10-2023 23:00
11742,442,5ba4f7eb27d46622d4728a365e4e78b349d96c40cb8e6b17b32814ad,SP reward for iBTC,12 October 2023,24606,10-01-2024 21:45,12-10-2023 23:00
11743,442,85dccd823a8eda33c9f680bb5dd7c09479fae10c95732a968f39ddad,SP reward for iBTC,12 October 2023,159520,10-01-2024 21:45,12-10-2023 23:00
11744,442,86a99dbae5591a3ea7274bb23bc1b80d3c1ab2f2741434ff30984d90,SP reward for iBTC,12 October 2023,42288,10-01-2024 21:45,12-10-2023 23:00
11745,442,8d589e8e00fdadd913c2f769b43d341a03fc6ce5823456e7a3deaa01,SP reward for iBTC,12 October 2023,111993,10-01-2024 21:45,12-10-2023 23:00
11746,442,6c84ff02fbb588bbfc2cf7edd4c93ccb0582bc5563a4034ae39a1db6,SP reward for iBTC,12 October 2023,250148,10-01-2024 21:45,12-10-2023 23:00
11747,442,9119d1928ddf92d6dc740edccad925e6ec9a7bacafb0a4d1963064a2,SP reward for iBTC,12 October 2023,187879,10-01-2024 21:45,12-10-2023 23:00
11748,442,c36eec545b3d4967a6761fcdb2595a7e87863e334942e60ecfdc5ca8,SP reward for iBTC,12 October 2023,458660,10-01-2024 21:45,12-10-2023 23:00
11749,442,69db3ddacd4bd728026a19f9e8be6d41771d6cfb8cc1706798b3ad1b,SP reward for iBTC,12 October 2023,151458,10-01-2024 21:45,12-10-2023 23:00
11750,442,405966152e910c43c45f1d21d8420d7ce66c604b9750824741970780,SP reward for iBTC,12 October 2023,28742,10-01-2024 21:45,12-10-2023 23:00
11751,442,2a9e1ec8640d0b29f2942fb8e7edf6b10a46df1002b64f3c7fa91723,SP reward for iBTC,12 October 2023,77140,10-01-2024 21:45,12-10-2023 23:00
11752,442,e6fdaba56d087a16a9d4cd4a298d537bb25843159bbe8c9dfcfa3530,SP reward for iBTC,12 October 2023,103907,10-01-2024 21:45,12-10-2023 23:00
11753,442,1385472fec065e645adad4da5662368191ca8f5f6fe59fe849d7002e,SP reward for iBTC,12 October 2023,73934,10-01-2024 21:45,12-10-2023 23:00
11754,442,b01f0c44e67df1b4b6554d0e86a6b3d2529cdabb099bb8cba9af32f9,SP reward for iBTC,12 October 2023,348014,10-01-2024 21:45,12-10-2023 23:00
11755,442,2565d4ceb27abec66f12b27af3bfb8a828bcc5dfedc31442fb34422a,SP reward for iBTC,12 October 2023,558187,10-01-2024 21:45,12-10-2023 23:00
11756,442,d054a3e88aa7d909469f67c6bbaeab11aa87316f08c1eed2b6c2aed3,SP reward for iBTC,12 October 2023,499588,10-01-2024 21:45,12-10-2023 23:00
11757,442,982897eebb4516bb2e68c969145ed6b60afd9581c5395fd8d5f41671,SP reward for iBTC,12 October 2023,824193,10-01-2024 21:45,12-10-2023 23:00
11758,442,697ed4b4d37e6505d79692e149459fdae0ccd24d11201f9034b6c006,SP reward for iBTC,12 October 2023,11350,10-01-2024 21:45,12-10-2023 23:00
11759,442,2922bb18ea7225c2905acb96276ea33273c5e07a0860fb276087115f,SP reward for iBTC,12 October 2023,367764,10-01-2024 21:45,12-10-2023 23:00
11760,442,9c9ccbb773315d014fa44cd45b3f748defe409f24ced66bbf1f3137c,SP reward for iBTC,12 October 2023,376210,10-01-2024 21:45,12-10-2023 23:00
11761,442,58c052676fe5b1cd52fda1ba62bbdabef2b3f261258e1fcfaa4df833,SP reward for iBTC,12 October 2023,374409,10-01-2024 21:45,12-10-2023 23:00
11762,442,ef069ebbfa0f2dcdea147ca71b0b83cde8bdbbb1a857f6d2ff5178c7,SP reward for iBTC,12 October 2023,353219,10-01-2024 21:45,12-10-2023 23:00
11763,442,1c348c0ee2a2c36691e877a0058da0def13243399ab568db8db5825c,SP reward for iBTC,12 October 2023,38593,10-01-2024 21:45,12-10-2023 23:00
11764,442,775ef1ace4264239a1f7713dfcf2509b35664a69ff58631d9ca7b43d,SP reward for iBTC,12 October 2023,100306,10-01-2024 21:45,12-10-2023 23:00
11765,442,76f39418bc0fe22ab0a1376def8e1520b5ec048460ce83e7f79a477c,SP reward for iBTC,12 October 2023,48108,10-01-2024 21:45,12-10-2023 23:00
11766,442,87e1120a366b59b429a88f7c52bc5b2fab730eda807f6abbd65118a3,SP reward for iBTC,12 October 2023,237311,10-01-2024 21:45,12-10-2023 23:00
11767,442,fc55aff12a90e98825a92bb51f4b05622fa2fca8cfd21f235175cc28,SP reward for iBTC,12 October 2023,3067,10-01-2024 21:45,12-10-2023 23:00
11768,442,ecf1cb14a49abe481c4930be126426df3a7468257a129575cd49b41b,SP reward for iBTC,12 October 2023,562090,10-01-2024 21:45,12-10-2023 23:00
11769,442,ca79ad389e53d6d78f64b08613237df256252d328a6adf8cd3fddaad,SP reward for iBTC,12 October 2023,41068,10-01-2024 21:45,12-10-2023 23:00
11770,442,b11f12e256590d6f349702a08a9def66cbc7b490cba621d3a6b51f81,SP reward for iBTC,12 October 2023,585593,10-01-2024 21:45,12-10-2023 23:00
11771,442,c835248f41cb65303bec60d767f0299ea458a19c8c04beb125513487,SP reward for iBTC,12 October 2023,494000,10-01-2024 21:45,12-10-2023 23:00
11772,442,ab0a64f658b137b30ef606a422077d26ffa7cb161c883140ea9a1222,SP reward for iBTC,12 October 2023,39836,10-01-2024 21:45,12-10-2023 23:00
11773,442,f04e3a2f427f303624958a861d18f657e307e65da73922e8d823d573,SP reward for iBTC,12 October 2023,152677,10-01-2024 21:45,12-10-2023 23:00
11774,442,84b371d05ada1ac3b80397becb568cf6fd51c9ed6fbb710d29c0cc00,SP reward for iBTC,12 October 2023,40638,10-01-2024 21:45,12-10-2023 23:00
11775,442,6565981b164790ff226d5536d2735737d1204c90f3e96be53f398cb7,SP reward for iBTC,12 October 2023,128699,10-01-2024 21:45,12-10-2023 23:00
11776,442,752ca73ddf1be8dffa36de008da3efa547f9b96354198896f5961e0e,SP reward for iBTC,12 October 2023,80626,10-01-2024 21:45,12-10-2023 23:00
11777,442,65fe5aecb5e29a5ed212fcbddda174205fb47bf6e379fd275962c68e,SP reward for iBTC,12 October 2023,590716,10-01-2024 21:45,12-10-2023 23:00
11778,442,5187bd9ddecc2fdfae36f4e67526cc8368478db4478c08bff6a708dc,SP reward for iBTC,12 October 2023,40034,10-01-2024 21:45,12-10-2023 23:00
11779,442,553c24788c7e3923749226ba754c1230965e5a6881e269b89c108012,SP reward for iBTC,12 October 2023,3009,10-01-2024 21:45,12-10-2023 23:00
11780,442,f579246478661b78d9fb348c9474809402c7af31e9875417c59acb03,SP reward for iBTC,12 October 2023,36165,10-01-2024 21:45,12-10-2023 23:00
11781,442,d203a585d517315ef60b563878acfd72bd9ba9bd458d8c432ba53f7f,SP reward for iBTC,12 October 2023,1487,10-01-2024 21:45,12-10-2023 23:00
11782,442,d293f90ea2fd8c346edc313e42d1d8e3e739282dca078926377f6e1d,SP reward for iBTC,12 October 2023,98366,10-01-2024 21:45,12-10-2023 23:00
11783,442,c05a3bb916f898f5a4bb6886e7eca889c8f0e337ca7d0ac8a23aadf3,SP reward for iBTC,12 October 2023,117093,10-01-2024 21:45,12-10-2023 23:00
11784,442,d8873d99d8bac628cb99a6bfc97e0c7c1553286d4a62aedde875354b,SP reward for iBTC,12 October 2023,816874,10-01-2024 21:45,12-10-2023 23:00
11785,442,ab7dc86cf7fa1c543685fb6d91810e9362588d242efc1d1970dda2ea,SP reward for iBTC,12 October 2023,229736,10-01-2024 21:45,12-10-2023 23:00
11786,442,772e948ec345913bb1f86e295f4ff0d3b1f70e1b4ebca5831c6532a9,SP reward for iBTC,12 October 2023,41138,10-01-2024 21:45,12-10-2023 23:00
11787,442,c1e127e6f4fe215c3dcf7cc66335711c354e4e032a91919b7bb304d7,SP reward for iBTC,12 October 2023,3410473,10-01-2024 21:45,12-10-2023 23:00
11788,442,bb32c423f9a82af12f10a7ddfbb3e06a6160ad5b75827a14c2975eb5,SP reward for iBTC,12 October 2023,130871,10-01-2024 21:45,12-10-2023 23:00
11789,442,c327beebd731f0bb58b05726c2730c899b4153536cf1d329abf24400,SP reward for iBTC,12 October 2023,45773,10-01-2024 21:45,12-10-2023 23:00
11790,442,08f35dbe4574f570874338a49ae321cbf71409c487aedca93a87adf3,SP reward for iBTC,12 October 2023,4798,10-01-2024 21:45,12-10-2023 23:00
11791,442,e388024f70a31b9841cda41c8ae43867bce9bae07d348f222edc6081,SP reward for iBTC,12 October 2023,639986,10-01-2024 21:45,12-10-2023 23:00
11792,442,ace43bacbaaf8c652192a6b790f353ca7553a105d99419638d1544fa,SP reward for iBTC,12 October 2023,98261,10-01-2024 21:45,12-10-2023 23:00
11793,442,ee8e915802b5f642b6f4d4d30ce94976a6efc51f145c980d9d376034,SP reward for iBTC,12 October 2023,70,10-01-2024 21:45,12-10-2023 23:00
11794,442,f522f25c74116502ec93b9c5b40debd40d36ee7078989616fcfb2fdb,SP reward for iBTC,12 October 2023,795626,10-01-2024 21:45,12-10-2023 23:00
11795,442,010983eec9ff8e0cdb301b705d958ae67ca9335fc4a19fe8701c7191,SP reward for iBTC,12 October 2023,186763,10-01-2024 21:45,12-10-2023 23:00
11796,442,a3fcd9ac08aaba066110a8e2492e9f777f9cf49e56331dab600ec8b9,SP reward for iBTC,12 October 2023,507813,10-01-2024 21:45,12-10-2023 23:00
11797,442,c1cd747fe18cf8260a8115694c82c458f6facfafd5a382447a2a3e03,SP reward for iBTC,12 October 2023,199310,10-01-2024 21:45,12-10-2023 23:00
11798,442,2d8e47435b0c86ffc07f8c45272929148631ba923e3e24abd49c7d62,SP reward for iBTC,12 October 2023,433194,10-01-2024 21:45,12-10-2023 23:00
11799,442,4c80764f5b682045f12a83303d017d4dbe90f09f76b2108a5c44ae54,SP reward for iBTC,12 October 2023,1817108,10-01-2024 21:45,12-10-2023 23:00
11800,442,9fac73b1dbc78492dafb35890abb68d34cafeca9f10003df441aad12,SP reward for iBTC,12 October 2023,3118595,10-01-2024 21:45,12-10-2023 23:00
11801,442,f706d35c708bcc63336b52eca4245fa5ad1ea3f8dfaee5a88b751ac0,SP reward for iBTC,12 October 2023,2021018,10-01-2024 21:45,12-10-2023 23:00
11802,442,1227be2193b0f03f9ced11395f01fec9baab09491e545787377e5787,SP reward for iBTC,12 October 2023,828980,10-01-2024 21:45,12-10-2023 23:00
11803,442,8707ca72180e998be7256d3ca209f1018ee51fc9f9e1d55fd1d962ae,SP reward for iBTC,12 October 2023,3462,10-01-2024 21:45,12-10-2023 23:00
11804,442,84741e3fbccc3a2afa5ff1c2ef3791a89a6ca1241de26c08a3ab353c,SP reward for iBTC,12 October 2023,300313,10-01-2024 21:45,12-10-2023 23:00
11805,442,2d7f83bee28f29bf82eb41de3d59674e71af6a2faf3cce9eb95d6026,SP reward for iBTC,12 October 2023,840771,10-01-2024 21:45,12-10-2023 23:00
11806,442,a63f51bb42d71bf094ba7ebbea7180346656d7472461c81af03ff839,SP reward for iBTC,12 October 2023,44855,10-01-2024 21:45,12-10-2023 23:00
11807,442,510bf3f63b75013bcedc1a907a6fc4a2eef072397761cb455e9accb0,SP reward for iBTC,12 October 2023,108496,10-01-2024 21:45,12-10-2023 23:00
11808,442,76bd0706659b380bf2acb2259850bdd90488151424877d178eaa4c2d,SP reward for iBTC,12 October 2023,540284,10-01-2024 21:45,12-10-2023 23:00
11809,442,6e1af944114d0b0f4e9ca648a1a8bef65cc380f25f26ad97df13ad54,SP reward for iBTC,12 October 2023,294063,10-01-2024 21:45,12-10-2023 23:00
11810,442,55ef464ca22cf92698284b40810e51777b3bbaece5007d513dd80d3d,SP reward for iBTC,12 October 2023,34318,10-01-2024 21:45,12-10-2023 23:00
11811,442,e7e7e46cbc26ad46ebf40383764bf5031580588917f77fb838aad330,SP reward for iBTC,12 October 2023,5693,10-01-2024 21:45,12-10-2023 23:00
11812,442,31735ce88157a4b959f5e404f69aa0a7ff6b9bd0cc3f28d39943e3d7,SP reward for iBTC,12 October 2023,152294,10-01-2024 21:45,12-10-2023 23:00
11813,442,b72205cb401b474d3640529ef733adc3ef8aa82e9eacd1e77e4a4b52,SP reward for iBTC,12 October 2023,6223795,10-01-2024 21:45,12-10-2023 23:00
11814,442,fd9bd973495025b544108b39c3e8437f8903d9c10efa8a549fb76c9d,SP reward for iBTC,12 October 2023,7853,10-01-2024 21:45,12-10-2023 23:00
11815,442,0de7c3f3373ee0b1fa6291fddb92a9f4c95e4d641aa2a3d95ed3427f,SP reward for iBTC,12 October 2023,443243,10-01-2024 21:45,12-10-2023 23:00
11816,442,068a883756f40982465a2975535ff3bb33ca3e5fbca778c1e62674f7,SP reward for iBTC,12 October 2023,191399,10-01-2024 21:45,12-10-2023 23:00
11817,442,c8af7ec346eb1242adaeebd3ad327b140d37d084dc75a3e026ce4b39,SP reward for iBTC,12 October 2023,76106,10-01-2024 21:45,12-10-2023 23:00
11818,442,844da5da8b0ca7fb657b0c6a261883ebf631627f6b016ee7cd6516a0,SP reward for iBTC,12 October 2023,485113,10-01-2024 21:45,12-10-2023 23:00
11819,442,815fbda2445993f02e75d4f6af38e7d9c0e61e1d3578b4bf71c71e55,SP reward for iBTC,12 October 2023,343123,10-01-2024 21:45,12-10-2023 23:00
11820,442,1ff8ec747a4655f4f3abfe66233fb0343954025143e9134ca779640d,SP reward for iBTC,12 October 2023,18140894,10-01-2024 21:45,12-10-2023 23:00
11821,442,c2174735c17d772c59d5d19d925f29092b36344e24964b3d115637b7,SP reward for iBTC,12 October 2023,124749,10-01-2024 21:45,12-10-2023 23:00
11822,442,888234b4c89dc4aee2e8307c1f934f413028d33d27a6a9b08fd5866e,SP reward for iBTC,12 October 2023,709249,10-01-2024 21:45,12-10-2023 23:00
11823,442,19b46b0b16bbbc3a6f7b67ddd2a5e21dbe1b3b232a9e02109c20350f,SP reward for iBTC,12 October 2023,508208,10-01-2024 21:45,12-10-2023 23:00
11824,442,53c73e201e855fb41a5fca25286f7d48a43dcad4686fb38ed1656094,SP reward for iBTC,12 October 2023,12524,10-01-2024 21:45,12-10-2023 23:00
11825,442,6a22c66b1ac47584e99999b61de170878547bb5a6b87946a6f1e018e,SP reward for iBTC,12 October 2023,83414,10-01-2024 21:45,12-10-2023 23:00
11826,442,6584bcf113af500d0a3da31cf71613891b5ec591bf920e03518cd20a,SP reward for iBTC,12 October 2023,422146,10-01-2024 21:45,12-10-2023 23:00
11827,442,d94f9bc0ffe11ad1005b22a6e5c2b471b29c53510aa81514fc24d95a,SP reward for iBTC,12 October 2023,1143222,10-01-2024 21:45,12-10-2023 23:00
11828,442,a12d7337565e62a3d4b816f0291a3f7083a14dff1f37384fe9345453,SP reward for iBTC,12 October 2023,65070,10-01-2024 21:45,12-10-2023 23:00
11829,442,23b41dab65f698716d09448d4c399e10d2f66ba2fb6433671643c280,SP reward for iBTC,12 October 2023,1029347,10-01-2024 21:45,12-10-2023 23:00
11830,442,dfeac5dd22c2b53cb43a31cbe0cc5cd71c78f714c5f05a20eaa107db,SP reward for iBTC,12 October 2023,416523,10-01-2024 21:45,12-10-2023 23:00
11831,442,991cdf984dad30fa2dcd54085e6d4b8689be3edbad0b8d4186c69e7f,SP reward for iBTC,12 October 2023,40557,10-01-2024 21:45,12-10-2023 23:00
11832,442,ff3cbe6f6c7b62690434bd2a5d162c0211c18e5586ecd181cad5f82f,SP reward for iBTC,12 October 2023,200007,10-01-2024 21:45,12-10-2023 23:00
11833,442,a37fab79f14d68ea324942d0acb658d887671d6c09f3a5c9284f2348,SP reward for iBTC,12 October 2023,43682,10-01-2024 21:45,12-10-2023 23:00
11834,442,bd3f2017e7e27753b01e12a7c92edec2f9fa6b8802f314ef3121d735,SP reward for iBTC,12 October 2023,606086,10-01-2024 21:45,12-10-2023 23:00
11835,442,5cdd7f4959486306226ebcf1e43d45d7bfe2c4acd7ebafaf2c647248,SP reward for iBTC,12 October 2023,976824,10-01-2024 21:45,12-10-2023 23:00
11836,442,a4ae6b7d6fde02966811a441c04d72af1ad8a1bafd8684192c5c99f7,SP reward for iBTC,12 October 2023,30508,10-01-2024 21:45,12-10-2023 23:00
11837,442,0b6d4094acb71999783c5f632377b48f9df9fc9e2d90e0fda2fdbdec,SP reward for iBTC,12 October 2023,628392,10-01-2024 21:45,12-10-2023 23:00
11838,442,f7315c71937b8ee2b38ba0cabbb3d24b34186c415cb1a75e1f383666,SP reward for iBTC,12 October 2023,57960,10-01-2024 21:45,12-10-2023 23:00
11839,442,616ae6f4803b2d581ebd1d5cf6b74c35cd5ab3a1b9bd992a9cbee44b,SP reward for iBTC,12 October 2023,126189,10-01-2024 21:45,12-10-2023 23:00
11840,442,064bdec62473f25d5eb0cb4e051a3bfb6fd889f02e86c496539846b0,SP reward for iBTC,12 October 2023,84599,10-01-2024 21:45,12-10-2023 23:00
11841,442,abd83cc271275c8ce05f8c41d6c98b6ba15e624dab73eecba84a8b7b,SP reward for iBTC,12 October 2023,258211,10-01-2024 21:45,12-10-2023 23:00
11842,442,8a116fd370e6f96a9c008b885423555af7b57a39644593768bd24ec9,SP reward for iBTC,12 October 2023,277624,10-01-2024 21:45,12-10-2023 23:00
11843,442,a98843c2533d5681e29cc5257c9cfa172b4eac792a04c4601962c0f8,SP reward for iBTC,12 October 2023,61085,10-01-2024 21:45,12-10-2023 23:00
11844,442,882adcca078f37ee93c6c250fd5c7f4db7ae5417b468e49b6b7b6c17,SP reward for iBTC,12 October 2023,142117,10-01-2024 21:45,12-10-2023 23:00
11845,442,875e0983da57293df20690f6504edbb7db8eb69efadbb8c9724f508e,SP reward for iBTC,12 October 2023,36781,10-01-2024 21:45,12-10-2023 23:00
11846,442,252b76c1709bf21198156dca3c0e1a5ec1cdf58d164aea0c7378eb80,SP reward for iBTC,12 October 2023,5902,10-01-2024 21:45,12-10-2023 23:00
11847,442,01cefc4ac7b65ac3fddbaedc169b071ab04fcf6f5ab009ff125768c4,SP reward for iBTC,12 October 2023,156035,10-01-2024 21:45,12-10-2023 23:00
11848,442,508757f097d3f23cb9e51cc9d35a550b2f2f9bedea6326229950647f,SP reward for iBTC,12 October 2023,2289,10-01-2024 21:45,12-10-2023 23:00
11849,442,e26d9bd3d7f0c3284ceaf52727499f877bed82efb6b2a987cebf4f66,SP reward for iBTC,12 October 2023,114595,10-01-2024 21:45,12-10-2023 23:00
11850,442,c464a820786db2b4f6292f2d7d300f6e4c5a27921ad23b4d5a9fea1d,SP reward for iBTC,12 October 2023,394101,10-01-2024 21:45,12-10-2023 23:00
11851,442,1d80deffae03e338ff08903a41506c45b274b85f6a9b439391226cd6,SP reward for iBTC,12 October 2023,13301814,10-01-2024 21:45,12-10-2023 23:00
11852,442,152624033fcb22d52b9ab917ca5f2dbd14c5ad656c7c3d928dc24716,SP reward for iBTC,12 October 2023,71564,10-01-2024 21:45,12-10-2023 23:00
11853,442,0b635d0d46328414951117cac5307366586bf7c2fc62d83e6a175f1e,SP reward for iBTC,12 October 2023,194198,10-01-2024 21:45,12-10-2023 23:00
11854,442,ea7f8ffbdc5cac1c095c524ffdce7bcb1a53429460225074052f2db8,SP reward for iBTC,12 October 2023,9837482,10-01-2024 21:45,12-10-2023 23:00
11855,442,c3f7cbf63fbe8af505359cd58974c2d367282c0fa3917791e14a86a8,SP reward for iBTC,12 October 2023,34423,10-01-2024 21:45,12-10-2023 23:00
11856,442,7910de78b42fa36cac41e451ad498150dd3532e2f2e35777735235bf,SP reward for iBTC,12 October 2023,1928624,10-01-2024 21:45,12-10-2023 23:00
11857,442,a6ba497ed8d5a03dc779c890dc17d9c5f688a9c8c197597290bb4e14,SP reward for iBTC,12 October 2023,470393,10-01-2024 21:45,12-10-2023 23:00
11858,442,ce49b96a1faf94835d72885dfb42ad4fcb9583d7b9095ac21a2ab73b,SP reward for iBTC,12 October 2023,225426,10-01-2024 21:45,12-10-2023 23:00
11859,442,f130e5b0b9c5180b75bc9b2bfa96fa6ab7d269e4534765800d08aa06,SP reward for iBTC,12 October 2023,451863,10-01-2024 21:45,12-10-2023 23:00
11860,442,240ec14aab8224bc1895fa4385e8eb340a30eceaa136804f2acb36b2,SP reward for iBTC,12 October 2023,488598,10-01-2024 21:45,12-10-2023 23:00
11861,442,a8fe5934b7f4cb3a24db0ae235b002f777c72614d127bb3649809961,SP reward for iBTC,12 October 2023,48120,10-01-2024 21:45,12-10-2023 23:00
11862,442,e15e46a4738e59343e790d1c181621c77db424b969f8ca6186a2f1d3,SP reward for iBTC,12 October 2023,365836,10-01-2024 21:45,12-10-2023 23:00
11863,442,b81bbfa94577362e129c0663d51f208b280895252730759ca85400b3,SP reward for iBTC,12 October 2023,1394462,10-01-2024 21:45,12-10-2023 23:00
11864,442,e3a734a21d3ead42d3bb839cfe8a7592e36cbef004861669c4f3f6e6,SP reward for iBTC,12 October 2023,283560,10-01-2024 21:45,12-10-2023 23:00
11865,442,1828ab62af889897655942ad379206d216e2ad380e14b04c3c166c0b,SP reward for iBTC,12 October 2023,379312,10-01-2024 21:45,12-10-2023 23:00
11866,442,f1d39751c36b29e842f06a1166cf58e421047fe58c7d91c93e456e53,SP reward for iBTC,12 October 2023,381159,10-01-2024 21:45,12-10-2023 23:00
11867,442,c84a1d57fb0c8ff565ebbb412f83081c519276869437f255b0bbcfc1,SP reward for iBTC,12 October 2023,107938,10-01-2024 21:45,12-10-2023 23:00
11868,442,15aabf0a1e99f53e61d00b34bcf3ce4664c8a451561ba8f1e8d6d9f8,SP reward for iBTC,12 October 2023,347910,10-01-2024 21:45,12-10-2023 23:00
11869,442,c480783df5b96cc1a051c2bbe8c96d842a2743c747f303c656613e19,SP reward for iBTC,12 October 2023,438538,10-01-2024 21:45,12-10-2023 23:00
11870,442,2d94ebf9d99b122325d4cdd587ca503e1bd3d6225efa89687ee96929,SP reward for iBTC,12 October 2023,48956,10-01-2024 21:45,12-10-2023 23:00
11871,442,09a136fee1050d904291251c0422ab76d72ea0f73c85d724fb0d4c66,SP reward for iBTC,12 October 2023,1048830,10-01-2024 21:45,12-10-2023 23:00
11872,442,0a82a837af1a325a9e6659189dbc86d8c9c4c83ab6ddaea4be87045a,SP reward for iBTC,12 October 2023,403372,10-01-2024 21:45,12-10-2023 23:00
11873,442,d5ffa4e09c6eaa4c882e10d3cc94b6c604e5982bf3715d40d4ec5351,SP reward for iBTC,12 October 2023,299569,10-01-2024 21:45,12-10-2023 23:00
11874,442,62c68562dcd68f1d823f9d539c7e567d0c0738ab57a05570704ba0de,SP reward for iBTC,12 October 2023,71122,10-01-2024 21:45,12-10-2023 23:00
11875,442,759b2ad795fb741546cb47086bf90dcbfc4e8144e62a824c815c1ffb,SP reward for iBTC,12 October 2023,1468373,10-01-2024 21:45,12-10-2023 23:00
11876,442,bbc6d8e0a8f8fa47238a3df22e1b9a0e39a0de2330ba5b49d69a6bc0,SP reward for iBTC,12 October 2023,199821,10-01-2024 21:45,12-10-2023 23:00
11877,442,efc55477cca027cbb12c7ae0df08a7730b258856c7ec5ac6c4759003,SP reward for iBTC,12 October 2023,21794069,10-01-2024 21:45,12-10-2023 23:00
11878,442,a3ad69669ecee78b25f6b796d095ca691912481c72cc3ff42ee41ed1,SP reward for iBTC,12 October 2023,153212,10-01-2024 21:45,12-10-2023 23:00
11879,442,9db8d3d4abac0e9383f83307212017b966510fc34414e5c75f2e90db,SP reward for iBTC,12 October 2023,260825,10-01-2024 21:45,12-10-2023 23:00
11880,442,071f3b13c008455dda64f68444844dc392779583aca6c553d3f98d39,SP reward for iBTC,12 October 2023,356832,10-01-2024 21:45,12-10-2023 23:00
11881,442,342b901edef65bf1a7dc2e6cf40a410d0e2b94104e6995e0de3ced6c,SP reward for iBTC,12 October 2023,46,10-01-2024 21:45,12-10-2023 23:00
11882,442,ea29ab4f2420255302bd2c56e8fe74a36f0fcc96a30cf5fad9994b4a,SP reward for iBTC,12 October 2023,1182698,10-01-2024 21:45,12-10-2023 23:00
11883,442,94dd9ef56f37110e5c80250cdd47301e9592be3378200b75222a9708,SP reward for iBTC,12 October 2023,95101,10-01-2024 21:45,12-10-2023 23:00
11884,442,092b7b9ae9bfed9f25757ce431f885b079ba820ec102294ec9f18c5b,SP reward for iBTC,12 October 2023,73481,10-01-2024 21:45,12-10-2023 23:00
11885,442,c058ca62efb4785fbef1e7fe218bfc4596d9a085b4721f9661e61894,SP reward for iBTC,12 October 2023,50861,10-01-2024 21:45,12-10-2023 23:00
11886,442,dd6b9922e6ee77ff126984d10a13695ac05b46949d0ab4751a9d0e1d,SP reward for iBTC,12 October 2023,603367,10-01-2024 21:45,12-10-2023 23:00
11887,442,a6049fbd2fd723e4f19c5392bfff9019d10ac59d222ee86ba05c9b2e,SP reward for iBTC,12 October 2023,260790,10-01-2024 21:45,12-10-2023 23:00
11888,442,9320b2e201b2f4141b4ea6e17e410f4696c911f77149408d632ebb8e,SP reward for iBTC,12 October 2023,10480628,10-01-2024 21:45,12-10-2023 23:00
11889,442,9730f04ab71ff759ededcbc4f7b4c8b2353af6885f2741194c98ed61,SP reward for iBTC,12 October 2023,66278,10-01-2024 21:45,12-10-2023 23:00
11890,442,9aec16c760df1aafd6cd7469b76de43e665f9cfa99263e756084ae89,SP reward for iBTC,12 October 2023,1158232,10-01-2024 21:45,12-10-2023 23:00
11891,442,95fa00657c1613aa2f6a3ff39b636d93ae3106ec72498d3e39b0fa8e,SP reward for iBTC,12 October 2023,1200415,10-01-2024 21:45,12-10-2023 23:00
11892,442,2e5a4c00de5e5ae25ec3d16e50b1da6b651d07ba33d3af5358becf71,SP reward for iBTC,12 October 2023,803328,10-01-2024 21:45,12-10-2023 23:00
11893,442,5f431f57ad76f9c3feaf03809fb3ba95da61f53fda601021a73f8040,SP reward for iBTC,12 October 2023,3871503,10-01-2024 21:45,12-10-2023 23:00
11894,442,239f2ce7543af3b3c9119a00f53a64ad8e1e4b19d90fd1dfaecd7427,SP reward for iBTC,12 October 2023,5971683,10-01-2024 21:45,12-10-2023 23:00
11895,442,4a38898a0404df7306a94a9845665147ccaee0aee1777b550855a42a,SP reward for iBTC,12 October 2023,170301,10-01-2024 21:45,12-10-2023 23:00
11896,442,019f3d35ef1c1067784c46f9b165150919cdefda177dd301af373051,SP reward for iBTC,12 October 2023,47911,10-01-2024 21:45,12-10-2023 23:00
11897,442,5a22bd8e0ed1bb988e124cca869af71ce22e87aadb485e21c9ca54ca,SP reward for iBTC,12 October 2023,1126562,10-01-2024 21:45,12-10-2023 23:00
11898,442,cb7e89fcaadfed571c5ed0b22579cce20b89e0407cfc051d8d97fc89,SP reward for iBTC,12 October 2023,10919259,10-01-2024 21:45,12-10-2023 23:00
11899,442,9dec3c4964c4cb0bfbf95809b692f75f98161934226d9b1cb0e5999d,SP reward for iBTC,12 October 2023,312488,10-01-2024 21:45,12-10-2023 23:00
11900,442,824f1b5399d6885e6330925fcba1472da21731a3d9f33802dd308f7f,SP reward for iBTC,12 October 2023,244932,10-01-2024 21:45,12-10-2023 23:00
11901,442,9c2b04c3d361d4d72878e7c0c067ce6cdf9f29561bfab5c59728c4e2,SP reward for iBTC,12 October 2023,40382,10-01-2024 21:45,12-10-2023 23:00
11902,442,56a31a31d994dd695445965d7862c2025320c4d7a0202bb6e977e74b,SP reward for iBTC,12 October 2023,1175855,10-01-2024 21:45,12-10-2023 23:00
11903,442,b441ca29dc1d111c2bd998f8b347f57613bc68458a0ffda06ad65066,SP reward for iBTC,12 October 2023,1455489,10-01-2024 21:45,12-10-2023 23:00
11904,442,63aade055d90301cd816870ee5a3c9fc67d769274b8633e7a7893f05,SP reward for iBTC,12 October 2023,3023169,10-01-2024 21:45,12-10-2023 23:00
11905,442,fa9c7e0beaad372083bafd39c7cef554824a1e9eb21556676864ab7e,SP reward for iBTC,12 October 2023,4803867,10-01-2024 21:45,12-10-2023 23:00
11906,442,2e4fa47bb79e7a949afe7120907ed104d82118f209433130746e7c87,SP reward for iBTC,12 October 2023,3659994,10-01-2024 21:45,12-10-2023 23:00
11907,442,6f27039ce8ad07c08fbad0dcfe5b70bf7b5709eed01128f3c8272841,SP reward for iBTC,12 October 2023,49746,10-01-2024 21:45,12-10-2023 23:00
11908,442,de5771cbff7cd2960f946f9752679084b94af12484abc3e14ac4ad97,SP reward for iBTC,12 October 2023,507442,10-01-2024 21:45,12-10-2023 23:00
11909,442,7eba1da590e93ee9a4da7bf746111c27c6b21f82ca90fd8c7ca5a441,SP reward for iBTC,12 October 2023,59482,10-01-2024 21:45,12-10-2023 23:00
11910,442,5e22c5aa5a56932e8d75e47e68ae14b5c37c329801ea6b3260a8be73,SP reward for iBTC,12 October 2023,5623,10-01-2024 21:45,12-10-2023 23:00
11911,442,fe865f286084772b874a29bd3b49f458df1ec3c31332b160af9cbb65,SP reward for iBTC,12 October 2023,1423599,10-01-2024 21:45,12-10-2023 23:00
11912,442,5b06d393e8dfcfc2b19ca8ecc91c242dd437ed72d917391264183f36,SP reward for iBTC,12 October 2023,175088,10-01-2024 21:45,12-10-2023 23:00
11913,442,a39926586271cd40910a9efa7a9bb2d6a53d7852b444ec240a99f0f9,SP reward for iBTC,12 October 2023,215714,10-01-2024 21:45,12-10-2023 23:00
11914,442,09575db3a66d29e820a464f9a5784aa42e3efd96396413c15d5a1160,SP reward for iBTC,12 October 2023,75514,10-01-2024 21:45,12-10-2023 23:00
11915,442,cbf2fe83219efa63b2e1d6c43e53fefa9280e4e862b5cc88d5bdaf7d,SP reward for iBTC,12 October 2023,199542,10-01-2024 21:45,12-10-2023 23:00
11916,442,23d5170dffbfa8d5cf6534cd1c06d52d6d2e8819b7914995fa9a94f4,SP reward for iBTC,12 October 2023,86167,10-01-2024 21:45,12-10-2023 23:00
11917,442,1afac53a4d1a00fdc5c19991c9ab585d92ed50cb9c71ba9c61a36106,SP reward for iBTC,12 October 2023,15428,10-01-2024 21:45,12-10-2023 23:00
11918,442,8989430ad6c5a5fa6d3a46119d893bd1f699828ed6a1adc117e5d566,SP reward for iBTC,12 October 2023,92870,10-01-2024 21:45,12-10-2023 23:00
11919,442,15f8cfb4da9cb42c4d6e84279d1b38591c14757ffdc34c84d1bcf18d,SP reward for iBTC,12 October 2023,206618,10-01-2024 21:45,12-10-2023 23:00
11920,442,a7793000be35ab0dd64570208d714684e292588d3067948d9cab4b62,SP reward for iBTC,12 October 2023,844071,10-01-2024 21:45,12-10-2023 23:00
11921,442,4c73918d3e3dc67b301ce43a5fe15bbe5adce6215fd2ccba13ff7e10,SP reward for iBTC,12 October 2023,1707554,10-01-2024 21:45,12-10-2023 23:00
11922,442,d695b98ba895d0c874d7d3e37fcddc0abed1218af810673d64c9a4f0,SP reward for iBTC,12 October 2023,58971,10-01-2024 21:45,12-10-2023 23:00
11923,442,d67b7749d86a07ba6f98f8f3c172bc8baa080ff2e4d9346e95906d72,SP reward for iBTC,12 October 2023,2991244,10-01-2024 21:45,12-10-2023 23:00
11924,442,afc9f4b55d88b42678093a6659959b51bd13e8f09c761ac46392e197,SP reward for iBTC,12 October 2023,728941,10-01-2024 21:45,12-10-2023 23:00
11925,442,09ece0330525bced6552a9bfcd81f1d357118dfd74af85e432df2c39,SP reward for iBTC,12 October 2023,2212719,10-01-2024 21:45,12-10-2023 23:00
11926,442,2b651b38935e59a8d891f5201514253c9763e2da2a246462dc25cc98,SP reward for iBTC,12 October 2023,188448,10-01-2024 21:45,12-10-2023 23:00
11927,442,e8aa119715131d1dc98e1703729210cc98b1883773fefc5177cbfdb9,SP reward for iBTC,12 October 2023,1070740,10-01-2024 21:45,12-10-2023 23:00
11928,442,065b03aa376bb86b5ec066afbae4cdd38007f7fd63bd885db812d0bb,SP reward for iBTC,12 October 2023,5841567,10-01-2024 21:45,12-10-2023 23:00
11929,442,ab70a240c4ea4d1043066e8f7e046b202598751300991bac4bd97dcd,SP reward for iBTC,12 October 2023,97796,10-01-2024 21:45,12-10-2023 23:00
11930,442,e6926c176666e9fd9ca952aba71247472a1ab5358f38204d1ddfc79e,SP reward for iBTC,12 October 2023,10110296,10-01-2024 21:45,12-10-2023 23:00
11931,442,8bb170899ad086aaf786240e8429aaae18448301ad0d2ab068d38f4a,SP reward for iBTC,12 October 2023,15556,10-01-2024 21:45,12-10-2023 23:00
11932,442,ec3543779054d04588489cf33d9ec5889566af60493f4cbc45a06b20,SP reward for iBTC,12 October 2023,293598,10-01-2024 21:45,12-10-2023 23:00
11933,442,3fac66f6b7caf81b8fa95ab669e318a15a207783e143e7e886f68f93,SP reward for iBTC,12 October 2023,46928987,10-01-2024 21:45,12-10-2023 23:00
11934,442,8732d6ae48c07b2694e9918fcdfff84e0995b165d4615c32fc76a978,SP reward for iBTC,12 October 2023,336525,10-01-2024 21:45,12-10-2023 23:00
11935,442,8105d0f33d443db33095e1de7e3c084af5cefb8675af79f718bd3e36,SP reward for iBTC,12 October 2023,74201,10-01-2024 21:45,12-10-2023 23:00
11936,442,569124adbb5d1457305f93056568f6e6744675288b6ede04630140e4,SP reward for iBTC,12 October 2023,996458,10-01-2024 21:45,12-10-2023 23:00
11937,442,f6d8c4c39a8c57fbdaabfd6243784c0d6cb36c8b3fc41d01387c5432,SP reward for iBTC,12 October 2023,577321,10-01-2024 21:45,12-10-2023 23:00
11938,442,b90a52312094525fd5625f11df6dd72246a7ba3d3a5195f5fdc207c8,SP reward for iBTC,12 October 2023,476504,10-01-2024 21:45,12-10-2023 23:00
11939,442,c3945d89b9f99ee385a09971bc4d7bdeedf5e6f809f8f72816ddd692,SP reward for iBTC,12 October 2023,248545,10-01-2024 21:45,12-10-2023 23:00
11940,442,38beb7ed5901105ac154983122c87619d85de653050403bb932f7c1e,SP reward for iBTC,12 October 2023,1439957,10-01-2024 21:45,12-10-2023 23:00
11941,442,f946a9da7bc2551c51e8bf0d38a5f7978c825edbd438c8f89a904859,SP reward for iBTC,12 October 2023,2955903,10-01-2024 21:45,12-10-2023 23:00
11942,442,95ceeaa70e44c14ca1db0464b8965f089473af24ca997915df81103b,SP reward for iBTC,12 October 2023,2670263,10-01-2024 21:45,12-10-2023 23:00
11943,442,0734a5973d3de6cf214d64d15b03a424c976d8bc6550207c064444b0,SP reward for iBTC,12 October 2023,2533606,10-01-2024 21:45,12-10-2023 23:00
11944,442,9e888b8b96c8adc83588187764673c7e357b0c3b404072c997389f74,SP reward for iBTC,12 October 2023,129791,10-01-2024 21:45,12-10-2023 23:00
11945,442,9465c0a617ef9e96e745ed622dd5c9d5e4fa0401b31126ad135727c7,SP reward for iBTC,12 October 2023,894119,10-01-2024 21:45,12-10-2023 23:00
11946,442,a94214e82fb4a5e955661e2e2245786a3bc6cb295b3f901d756f9410,SP reward for iBTC,12 October 2023,253564,10-01-2024 21:45,12-10-2023 23:00
11947,442,f29f47b1b0418459d3089b645f7822ffde188e85a102de177d76cd77,SP reward for iBTC,12 October 2023,99458,10-01-2024 21:45,12-10-2023 23:00
11948,442,8d89460f842ed7b219009885a5135f7e2caae73d80a619a6b00a6769,SP reward for iBTC,12 October 2023,464863,10-01-2024 21:45,12-10-2023 23:00
11949,442,18c61e4d6b729454eb617f9a7b28e76a1698b4a752319f521e618cef,SP reward for iBTC,12 October 2023,1864042,10-01-2024 21:45,12-10-2023 23:00
11950,442,23c91e5a1ef52f1009f60d112978fb5c94b7e7d2692c59eaa9fea37d,SP reward for iBTC,12 October 2023,4431305,10-01-2024 21:45,12-10-2023 23:00
11951,442,ff459cbd1daf01031d056e85b0495b66ae7167dca9cbfa0f6a77b73c,SP reward for iBTC,12 October 2023,8446,10-01-2024 21:45,12-10-2023 23:00
11952,442,d8dc639f4acfae62f5542765643c3dbed62ff861834dbe3ffe374e2f,SP reward for iBTC,12 October 2023,345923,10-01-2024 21:45,12-10-2023 23:00
11953,442,5e7dea65cec67cd6e592011e0afdba4455ee0c753561867ff4ab6de7,SP reward for iBTC,12 October 2023,515911,10-01-2024 21:45,12-10-2023 23:00
11954,442,a76031cb213261bbf89b3626e19effe8fec5d35a8fc5b2a16816ad13,SP reward for iBTC,12 October 2023,514772,10-01-2024 21:45,12-10-2023 23:00
11955,442,42c58ba9df280c4ae00cfa9fc794f2f00e7658f9f6d69abe0e8afe82,SP reward for iBTC,12 October 2023,449668,10-01-2024 21:45,12-10-2023 23:00
11956,442,8b824c5bc7c0c7c6ef3396d567c47dd502e361f62d9f9e6015eb8150,SP reward for iBTC,12 October 2023,2524243,10-01-2024 21:45,12-10-2023 23:00
11957,442,01320ff53b5c768f13c862003e6ce5eb269a7280994ca682518fefc0,SP reward for iBTC,12 October 2023,6459,10-01-2024 21:45,12-10-2023 23:00
11958,442,914956f9a626440cebae913d11e64945359d03d5066c30ddbf4e1408,SP reward for iBTC,12 October 2023,424237,10-01-2024 21:45,12-10-2023 23:00
11959,442,5a3d4f39ee17e2b67b6dd93ba71379a098b16f5f1839a069ce9533f4,SP reward for iBTC,12 October 2023,242609,10-01-2024 21:45,12-10-2023 23:00
11960,442,a249e0d4dab1b164dd033043cbabdf204b34f7ecbdb994bec90d7216,SP reward for iBTC,12 October 2023,238333,10-01-2024 21:45,12-10-2023 23:00
11961,442,2ea8cfe869a9f7f29b36dae2a1fcf19b9e4b47293961ec78dc5ebccf,SP reward for iBTC,12 October 2023,1692022,10-01-2024 21:45,12-10-2023 23:00
11962,442,2af7ac91a39bd31d2af45a0339de7fd54c803034e0c6a6ef31d9a6d6,SP reward for iBTC,12 October 2023,581410,10-01-2024 21:45,12-10-2023 23:00
11963,442,84c9a45c5123c84cb6186adf1f103d3cb4793808002903cca2cbf9d3,SP reward for iBTC,12 October 2023,308747,10-01-2024 21:45,12-10-2023 23:00
11964,442,7d9bd96bffd557031b105316885d46d7a6a2cfbf4afe31753e92e61f,SP reward for iBTC,12 October 2023,40987,10-01-2024 21:45,12-10-2023 23:00
11965,442,793e0684fd2dfa7d12295503072537909790139c8f47c8d84a54a58a,SP reward for iBTC,12 October 2023,1180688,10-01-2024 21:45,12-10-2023 23:00
11966,442,568b65fadfb32178198768d1bff91956f5dba957701ce300719237b4,SP reward for iBTC,12 October 2023,957597,10-01-2024 21:45,12-10-2023 23:00
11967,442,9b5ca3c44c5b45ec37beb7dba0a3376e091d5d78dd13e3f5d6900701,SP reward for iBTC,12 October 2023,50618,10-01-2024 21:45,12-10-2023 23:00
11968,442,00c9b4171017f21031357b9225d2ac7aaedae43d6fde84c571fad28b,SP reward for iBTC,12 October 2023,614381,10-01-2024 21:45,12-10-2023 23:00
11969,442,39b1d4be2a009b5add1835ff88e27d53352d43cba2df661d22c9943f,SP reward for iBTC,12 October 2023,467210,10-01-2024 21:45,12-10-2023 23:00
11970,442,0077f5569d8a6b58837844cae16b24e60b4718f5805e316dbf493897,SP reward for iBTC,12 October 2023,1410262,10-01-2024 21:45,12-10-2023 23:00
11971,442,c9943f5e7c0688644afd7dbc518f505a0ba36f3afa555cd1001bfbf6,SP reward for iBTC,12 October 2023,2755931,10-01-2024 21:45,12-10-2023 23:00
11972,442,50b834c5a9617a6a7d88fc1087764dc7df7d8929a68412245e3ddef9,SP reward for iBTC,12 October 2023,96205,10-01-2024 21:45,12-10-2023 23:00
11973,442,af7dbc337958b4ea8e417db5deff1df389a18d4b3793b269d85bc2b7,SP reward for iBTC,12 October 2023,1087620,10-01-2024 21:45,12-10-2023 23:00
11974,442,e1a8082c47e07a5033dac58e317d904b814c3a3d26d9abe1647274b7,SP reward for iBTC,12 October 2023,112922,10-01-2024 21:45,12-10-2023 23:00
11975,442,90a02e04c977081682ecc4f296fac9fccd2b4aa99c79f4a2bb9f2fc2,SP reward for iBTC,12 October 2023,129617,10-01-2024 21:45,12-10-2023 23:00
11976,442,1f6bcfb63ce737900a489270a4960a49f698bf29834efedb540f9a7f,SP reward for iBTC,12 October 2023,400096,10-01-2024 21:45,12-10-2023 23:00
11977,442,f0759375e806e0212efd939c5734c9894fd1f309d3da6471e068bdde,SP reward for iBTC,12 October 2023,3456851,10-01-2024 21:45,12-10-2023 23:00
11978,442,89a01cf2bd9ed786ec21c34dbcf0c12c30fb04e0b703f7aaa5493804,SP reward for iBTC,12 October 2023,4681221,10-01-2024 21:45,12-10-2023 23:00
11979,442,1ec35cc7e933953ef129dc5adf6c6773f0400d20a0c3966ffa19b253,SP reward for iBTC,12 October 2023,137993,10-01-2024 21:45,12-10-2023 23:00
11980,442,93527fb732328f1de9e8acc3162cd5a871757f4d843c2335ec900f90,SP reward for iBTC,12 October 2023,2608446,10-01-2024 21:45,12-10-2023 23:00
11981,442,3440301225c582d0a5a6a0a5beec84e9589d670ed742b1cf94d7200c,SP reward for iBTC,12 October 2023,256433,10-01-2024 21:45,12-10-2023 23:00
11982,442,3ae0b2cd0da21f019b0fd621fa637b43b4df505baadf48ccc11ba43c,SP reward for iBTC,12 October 2023,3613,10-01-2024 21:45,12-10-2023 23:00
11983,442,1d6b21b388975d2273d12b214d15d38aefe4aa45af8ed903e4d386aa,SP reward for iBTC,12 October 2023,9306,10-01-2024 21:45,12-10-2023 23:00
11984,442,9442130f8971114afb57ca22fc0c8bbf9cdd009faba8c714a571d88a,SP reward for iBTC,12 October 2023,121147,10-01-2024 21:45,12-10-2023 23:00
11985,442,1bd9135dccd6a9ca3c905f1ce3f37e97005b55b745cbc30812ef7e40,SP reward for iBTC,12 October 2023,229260,10-01-2024 21:45,12-10-2023 23:00
11986,442,f09508247e043a250758c76b5ccb0e00df48f5caa7d61518dcb96707,SP reward for iBTC,12 October 2023,37466,10-01-2024 21:45,12-10-2023 23:00
11987,442,6fdab71ac5e8d474bdcb01e2168f6efc82cff9a0b4f53c6452413722,SP reward for iBTC,12 October 2023,2582435,10-01-2024 21:45,12-10-2023 23:00
11988,442,9e50685ab277c256faccb96797ca4a94bdff89291b969ed2371c5abb,SP reward for iBTC,12 October 2023,172160,10-01-2024 21:45,12-10-2023 23:00
11989,442,f6cfb92f30761649bddbe7ad666fe448046e5f68abc29596e6956aa7,SP reward for iBTC,12 October 2023,2702142,10-01-2024 21:45,12-10-2023 23:00
11990,442,18e4a3d3fcc5dee4b932b901795dd9f7e6ac57c448fca07e2f564029,SP reward for iBTC,12 October 2023,235371,10-01-2024 21:45,12-10-2023 23:00
11991,442,d9467aa8366e0043e34e255d5aed0241df4a8ea3d53498fb3c4e6be2,SP reward for iBTC,12 October 2023,144638,10-01-2024 21:45,12-10-2023 23:00
11992,442,01f8201d8a816667a60991c48558305e0b2bafa074ff269a195b000b,SP reward for iBTC,12 October 2023,162134,10-01-2024 21:45,12-10-2023 23:00
11993,442,a9fe9514518d18c5963c548919b65a8ff75ddc4c00fb1210e40b07e8,SP reward for iBTC,12 October 2023,2850161,10-01-2024 21:45,12-10-2023 23:00
11994,442,ba37698916d66971b377b10f0c6a0f267b7d7b0db565d3a27267c2b8,SP reward for iBTC,12 October 2023,808544,10-01-2024 21:45,12-10-2023 23:00
11995,442,1940d3fec85e9061523ad6a42f216ae820eb69c4a54d83cf9aee3896,SP reward for iBTC,12 October 2023,121566,10-01-2024 21:45,12-10-2023 23:00
11996,442,adbbc6153ee01f33a02b4e5d803dc50fb0c1085c9641ac1c69967038,SP reward for iBTC,12 October 2023,80614,10-01-2024 21:45,12-10-2023 23:00
11997,442,5e1802dd8fc351a529cd8b65a8f384f1838e7b19e5e0b9b696ff6fd6,SP reward for iBTC,12 October 2023,584814,10-01-2024 21:45,12-10-2023 23:00
11998,442,5502991103fb3f6ebfd0bae6995312e29b4ffafb852dd5d0d8ff2ce8,SP reward for iBTC,12 October 2023,119114,10-01-2024 21:45,12-10-2023 23:00
11999,442,f02ed8f193b422cfd67898c1b2a117b29aebebe18c4289149f27b3a9,SP reward for iBTC,12 October 2023,8556256,10-01-2024 21:45,12-10-2023 23:00
12000,442,fde99c5446fa0a9d8337fd28293649bd0b5d9a9264c5b33f975ecda7,SP reward for iBTC,12 October 2023,1414654,10-01-2024 21:45,12-10-2023 23:00
12001,442,1a8d4bcce514bb0329f23e50f2af102e56fa4d2d40142dc898916d28,SP reward for iBTC,12 October 2023,102792,10-01-2024 21:45,12-10-2023 23:00
12002,442,9f8b9e86c31cbf1186c27abc512d0c9d86089b18c15ca7c3336323bf,SP reward for iBTC,12 October 2023,709412,10-01-2024 21:45,12-10-2023 23:00
12003,442,c5b369fa0456604bbfb986dcfb68fc592a4ca23bd28fec18d484be19,SP reward for iBTC,12 October 2023,167281,10-01-2024 21:45,12-10-2023 23:00
12004,442,3c214daef68d919ae91cc5eb7447fc6d795b6019a6df4e3191028999,SP reward for iBTC,12 October 2023,83960,10-01-2024 21:45,12-10-2023 23:00
12005,442,5cbf5f0ea9260bb305078b3bbfdca41a598d232d74c9a30db243ab67,SP reward for iBTC,12 October 2023,619388,10-01-2024 21:45,12-10-2023 23:00
12006,442,0addfcd643de27ebe29017294c042b87e5c7af614b5de6f363fdaeef,SP reward for iBTC,12 October 2023,5873503,10-01-2024 21:45,12-10-2023 23:00
12007,442,0ad45bd4425847c0893b6a9135dc9086793f21620bf46205901be98a,SP reward for iBTC,12 October 2023,582746,10-01-2024 21:45,12-10-2023 23:00
12008,442,9057a63eaa2afa9e1f67bdb5d29fd62c59c91d0c79a30e225f079aca,SP reward for iBTC,12 October 2023,11639045,10-01-2024 21:45,12-10-2023 23:00
12009,442,7820f42dc60186096d0796db3b827087eb1c60321abc8a13cbac8f9a,SP reward for iBTC,12 October 2023,2422926,10-01-2024 21:45,12-10-2023 23:00
12010,442,3b9070843cfd1111780923e400c7dfd2a3418e6e014cb7469a65204d,SP reward for iBTC,12 October 2023,39976,10-01-2024 21:45,12-10-2023 23:00
12011,442,ac293f8851bccc597d9f23b7b76bb9afca7bf65e42c93fd9e51ebadb,SP reward for iBTC,12 October 2023,545501,10-01-2024 21:45,12-10-2023 23:00
12012,442,70a7bd550b7d96409d8acdbf95625a7ef0145407e594a6052b94f6be,SP reward for iBTC,12 October 2023,56566,10-01-2024 21:45,12-10-2023 23:00
12013,442,32e67cb8df87f43cb1c3063b27be710726b0bc1e96205b87f7d9be22,SP reward for iBTC,12 October 2023,23154,10-01-2024 21:45,12-10-2023 23:00
12014,442,ff6f1a1500c463068faa3a4aee28ee0e9bdb7cd667b3ac131aaa6f2c,SP reward for iBTC,12 October 2023,3834,10-01-2024 21:45,12-10-2023 23:00
12015,442,d4a5133b6c93547225503778518353b995090301d48ef52378df8f8a,SP reward for iBTC,12 October 2023,876472,10-01-2024 21:45,12-10-2023 23:00
12016,442,a10a23ec8c8bc86c8b39bb8d034a7ea407acf952bab967bbd8797d7f,SP reward for iBTC,12 October 2023,161065,10-01-2024 21:45,12-10-2023 23:00
12017,442,6362594e81cc4bf5946e14a30cf676df0db656ba14dadf367ab90167,SP reward for iBTC,12 October 2023,2544701,10-01-2024 21:45,12-10-2023 23:00
12018,442,cb2b4570726c6675a37c6a6a64b482eb461e2b5b1a75359d4ae3a8d1,SP reward for iBTC,12 October 2023,354764,10-01-2024 21:45,12-10-2023 23:00
12019,442,e4833eff5469ddeeaf0fbd065ad976676be56e8cd67c04526d51c495,SP reward for iBTC,12 October 2023,283479,10-01-2024 21:45,12-10-2023 23:00
12020,442,b8c95d9c879fe985c2a59cd6de2baeda050c5010e8eee6bb84c65be5,SP reward for iBTC,12 October 2023,216516,10-01-2024 21:45,12-10-2023 23:00
12021,442,4d5da618c7b48388366354c11d5e897d2449b087b523fd083fa0970f,SP reward for iBTC,12 October 2023,1017602,10-01-2024 21:45,12-10-2023 23:00
12022,442,bed90820701ec88d79cb4536bc0f0d5d9eadea4038f704ea26aebd7b,SP reward for iBTC,12 October 2023,421995,10-01-2024 21:45,12-10-2023 23:00
12023,442,d00c92d92560223d54d47e2332b1937f37e48f8faf44d2735e119b40,SP reward for iBTC,12 October 2023,79917,10-01-2024 21:45,12-10-2023 23:00
12024,442,a79e3310327ff57aec9921c729d9a81389fe10aaa398fda3e5ae0fb3,SP reward for iBTC,12 October 2023,1785554,10-01-2024 21:45,12-10-2023 23:00
12025,442,2170acba5d68a11a0c3fdf0e6f0b76284d166441c3306076a8868a2d,SP reward for iBTC,12 October 2023,58308,10-01-2024 21:45,12-10-2023 23:00
12026,442,0be100b577b01fb14cd3163192a4b4ef9862a633c140ae6f2c8bf6c2,SP reward for iBTC,12 October 2023,30298,10-01-2024 21:45,12-10-2023 23:00
12027,442,a599571d436d6d4796f955247b1e358fa4275e063273d81dc5845a47,SP reward for iBTC,12 October 2023,208023,10-01-2024 21:45,12-10-2023 23:00
12028,442,35b5d87660008e921bf997918dca5a84f808badf0fdc910fb5cc1d06,SP reward for iBTC,12 October 2023,1504887,10-01-2024 21:45,12-10-2023 23:00
12029,442,072569588caa5cdfcfc07a1bc6e8731d835f6a6f5c077d1d6dee0756,SP reward for iBTC,12 October 2023,1627045,10-01-2024 21:45,12-10-2023 23:00
12030,442,c6d45c71d2db10ad40fe49e492ce13dbf368ee6e721bc09c91ae89f5,SP reward for iBTC,12 October 2023,1264125,10-01-2024 21:45,12-10-2023 23:00
12031,442,c6aef9c4dd86f4d87ee64da60a47365ddefcce6afe4f81ab201dcd59,SP reward for iBTC,12 October 2023,146520,10-01-2024 21:45,12-10-2023 23:00
12032,442,9cd08cc76ae69ff518811af8d0a51a88d43a4c657a0c04e9224cc8cb,SP reward for iBTC,12 October 2023,1010991,10-01-2024 21:45,12-10-2023 23:00
12033,442,8c5626c9e662752024df18952fa8540323f25adc94d1ddf19cbbe93a,SP reward for iBTC,12 October 2023,1403768,10-01-2024 21:45,12-10-2023 23:00
12034,442,9c6b26744bd56fdf8d153edfa533838c64edde179e56ab43ff39d44c,SP reward for iBTC,12 October 2023,14231,10-01-2024 21:45,12-10-2023 23:00
12035,442,78cd8a0a3b2bd1b5d1a85f348849349a8d180b3bc180c9f5ea34c726,SP reward for iBTC,12 October 2023,4788915,10-01-2024 21:45,12-10-2023 23:00
12036,442,f985683432a80c87adba0b58c0f23732d62df8b56b4495e62df7b34d,SP reward for iBTC,12 October 2023,1001430,10-01-2024 21:45,12-10-2023 23:00
12037,442,a4bb846ef68110900c05f24352c1648db506ec921bf6011e61e01684,SP reward for iBTC,12 October 2023,54254,10-01-2024 21:45,12-10-2023 23:00
12038,442,c706de7bfbb45cd87ecff598485d3a723c919553e66ca548aa8f617d,SP reward for iBTC,12 October 2023,434425,10-01-2024 21:45,12-10-2023 23:00
12039,442,bf15d026350810dda5fdcb83db246d5aa2aa05a96396966d52e8c044,SP reward for iBTC,12 October 2023,216992,10-01-2024 21:45,12-10-2023 23:00
12040,442,5f86e466087255702d18aa24b32dbb34534e08df81736672fa9ba65c,SP reward for iBTC,12 October 2023,420345,10-01-2024 21:45,12-10-2023 23:00
12041,442,6c348312a0608ec6032c6b58e8570d4eb54a6792e95185b661ecd19e,SP reward for iBTC,12 October 2023,103559,10-01-2024 21:45,12-10-2023 23:00
12042,442,a90c9789e1cc4e2b2b3f0623af62cf6c143918214776980f29b12d12,SP reward for iBTC,12 October 2023,538890,10-01-2024 21:45,12-10-2023 23:00
12043,442,895dbda6ce8ae6e05cb8936861ffdc934ef3f8b289ecbaf06f20da59,SP reward for iBTC,12 October 2023,325767,10-01-2024 21:45,12-10-2023 23:00
12044,442,e30fca4c9c548c925fe71b35bd611143d6c305a5ce0ab3d4dc89e483,SP reward for iBTC,12 October 2023,98296,10-01-2024 21:45,12-10-2023 23:00
12045,442,6f51c66d3a29c2d5f030cfb8e21376e24c1cf22150ac86f5bc9c9ba2,SP reward for iBTC,12 October 2023,723423,10-01-2024 21:45,12-10-2023 23:00
12046,442,bdabcdc638396b13e6a2f2fcee884fac8903ad668c7155fad848616a,SP reward for iBTC,12 October 2023,448796,10-01-2024 21:45,12-10-2023 23:00
12047,442,10b776dcc1840a0606e0cad33d6641d643d7e13ace69c9646edf99dd,SP reward for iBTC,12 October 2023,7133156,10-01-2024 21:45,12-10-2023 23:00
12048,442,77a1b379e48df6426e5cc09831d89c98ab884006386249023012566b,SP reward for iBTC,12 October 2023,182453,10-01-2024 21:45,12-10-2023 23:00
12049,442,34589e061b2fcffb9f07e7109d77a14c7c7f55f15f5a52d5ebe6c94e,SP reward for iBTC,12 October 2023,2846,10-01-2024 21:45,12-10-2023 23:00
12050,442,a723925d9bb76d01b7884c2a338fa082de4f043c8487a2f50462c8a1,SP reward for iBTC,12 October 2023,1439666,10-01-2024 21:45,12-10-2023 23:00
12051,442,8be6732aed7a8fae40c977123a8c351f24783273e129f986fa3f1eff,SP reward for iBTC,12 October 2023,2958691,10-01-2024 21:45,12-10-2023 23:00
12052,442,5d9e0354868fbabc732fd274e1a7335c480821da439b7d4506a85a57,SP reward for iBTC,12 October 2023,9701,10-01-2024 21:45,12-10-2023 23:00
12053,442,67fffa13350cb5f69efd949568ab2ebf8348f0dabc892dfa86c09360,SP reward for iBTC,12 October 2023,101223,10-01-2024 21:45,12-10-2023 23:00
12054,442,c83c13c91af421b95b9187ac7dd6aef77250ba8717f172cc1225835d,SP reward for iBTC,12 October 2023,3259608,10-01-2024 21:45,12-10-2023 23:00
12055,442,78774ad9d2f51203d1174cd8aba30079bfdf9167a1cef196cb3f1591,SP reward for iBTC,12 October 2023,3300165,10-01-2024 21:45,12-10-2023 23:00
12056,442,bfafa728e2977bfd051374321b88dc56458b666ab3b45151b201e2c2,SP reward for iBTC,12 October 2023,948408,10-01-2024 21:45,12-10-2023 23:00
12057,442,9a2468984f0481f9e23b7537207c3f5ebee0803e8cd93be6e89b18da,SP reward for iBTC,12 October 2023,37013,10-01-2024 21:45,12-10-2023 23:00
12058,442,1f3d588e86ebe5e517471e5341fe873f2850231396913da81360acbf,SP reward for iBTC,12 October 2023,155640,10-01-2024 21:45,12-10-2023 23:00
12059,442,0a826eb1d51eaab35e35c7d39c554a1d52105bc49f70d5a2b55aa5f7,SP reward for iBTC,12 October 2023,148960,10-01-2024 21:45,12-10-2023 23:00
12060,442,2a0dab02e3a2f94c95d40083bb77c45b163ff989f2dda6492c2a8d5f,SP reward for iBTC,12 October 2023,342008,10-01-2024 21:45,12-10-2023 23:00
12061,442,3307f4774118bdc69163b2f8f2065892aa4484df07772bc4fe5fd052,SP reward for iBTC,12 October 2023,447681,10-01-2024 21:45,12-10-2023 23:00
12062,442,b6756686f4eb2913773cd154afd06f721a1eeeb6dd84d37b099acb14,SP reward for iBTC,12 October 2023,317158,10-01-2024 21:45,12-10-2023 23:00
12063,442,c590affd526db47b19bcb411793bba5d639c1f5885fafc47838cd22e,SP reward for iBTC,12 October 2023,2649015,10-01-2024 21:45,12-10-2023 23:00
12064,442,73761bdecaf3b16b1ac8cfbc32a46cfb73f3086cd854b57855bcf16e,SP reward for iBTC,12 October 2023,40952,10-01-2024 21:45,12-10-2023 23:00
12065,442,1633a5c8e451c8f2f2269392f0cf72be4f40d1ceccf4428bf38c34c2,SP reward for iBTC,12 October 2023,53766,10-01-2024 21:45,12-10-2023 23:00
12066,442,574394ab415b836d98d86245093f59942aeec40decbda39751f3e7d7,SP reward for iBTC,12 October 2023,3859595,10-01-2024 21:45,12-10-2023 23:00
12067,442,07c59e348504d75a47aa875c80c5f7c537f4153637fb942f8f21f7e4,SP reward for iBTC,12 October 2023,101258,10-01-2024 21:45,12-10-2023 23:00
12068,442,92d729404cabcad2f8d5de02c9757d15662aea7a92b9bb2b24647e8d,SP reward for iBTC,12 October 2023,1422066,10-01-2024 21:45,12-10-2023 23:00
12069,442,b5e29b13b00ba8a4b4e60c434ac0b462f3dabfbc3be5ab7bfb81450d,SP reward for iBTC,12 October 2023,116965,10-01-2024 21:45,12-10-2023 23:00
12070,442,dcc2117fe7b56fbf5a0c7ae4bd3e33a3a4ed07cd25e02c4c6e34d510,SP reward for iBTC,12 October 2023,204712,10-01-2024 21:45,12-10-2023 23:00
12071,442,fea8e87d281ee2160310c0c5f406150882995426d5588b0b507f6851,SP reward for iBTC,12 October 2023,84308,10-01-2024 21:45,12-10-2023 23:00
12072,442,b3a31397b51b543b0ad551f86c1e40a444ba5dee35b47a90f30bcd7f,SP reward for iBTC,12 October 2023,44832,10-01-2024 21:45,12-10-2023 23:00
12073,442,b743ce7aef466aecfdc2b6ee5779b83c5b97a64807880ee8e668e685,SP reward for iBTC,12 October 2023,53348,10-01-2024 21:45,12-10-2023 23:00
12074,442,e96b42bb359a00752e75feeaf706fce6c692ccd4fcc40a66ce559285,SP reward for iBTC,12 October 2023,1124401,10-01-2024 21:45,12-10-2023 23:00
12075,442,402aa9a17bc75af743dcb1e0be5aa6c22f3ccb3812ee05ecb9ba0369,SP reward for iBTC,12 October 2023,2788,10-01-2024 21:45,12-10-2023 23:00
12076,442,1c587f5ef064716c704b8e85c52f7946bd8faaf8d32862614abac4a8,SP reward for iBTC,12 October 2023,1229343,10-01-2024 21:45,12-10-2023 23:00
12077,442,17abbdbbee649dac78243c157c3238f34b9368e0e7d2c0232951484c,SP reward for iBTC,12 October 2023,13964,10-01-2024 21:45,12-10-2023 23:00
12078,442,8f869974639c5d8b3f9cb2bbfe8233ed48cb10eaec5eff4c3c348443,SP reward for iBTC,12 October 2023,71088,10-01-2024 21:45,12-10-2023 23:00
12079,442,d60e724de921571ec9a732fad7ec0673fb9665e2b41040cfc8193289,SP reward for iBTC,12 October 2023,722110,10-01-2024 21:45,12-10-2023 23:00
12080,442,528322993c2dcfc6256101f35cd17ef0a2893c840ca2c84d153cb61b,SP reward for iBTC,12 October 2023,361200,10-01-2024 21:45,12-10-2023 23:00
12081,442,fc1c84e08e8e47cda82dfe5d2778002da43570516efe2517c7878226,SP reward for iBTC,12 October 2023,11838,10-01-2024 21:45,12-10-2023 23:00
12082,442,e0a5fe8d81c61f33e7b47c1a5b07c02ca836cd80b91e2ce18e088db3,SP reward for iBTC,12 October 2023,118836,10-01-2024 21:45,12-10-2023 23:00
12083,442,01da9d4fea55755b1bd3017417aeae4b69e15fda2bbdb49d739351ff,SP reward for iBTC,12 October 2023,151434,10-01-2024 21:45,12-10-2023 23:00
12084,442,4046d7935086947d2c6dba7e4e5f0db6f8fb72f945d1c1f992ab6c9d,SP reward for iBTC,12 October 2023,72714,10-01-2024 21:45,12-10-2023 23:00
12085,442,cacee11ae9fc0ffb6219d179e22b1cddefd988ebcfb1ec7fca4ad52d,SP reward for iBTC,12 October 2023,26344279,10-01-2024 21:45,12-10-2023 23:00
12086,442,619b6b3a2835612d57f1fd005a20a950d5d17f31434599d983f4f066,SP reward for iBTC,12 October 2023,99702,10-01-2024 21:45,12-10-2023 23:00
12087,442,b343c02a76bd4f94ecbd4e8260a37ea68d5543d01e9f21e162c9cd1a,SP reward for iBTC,12 October 2023,3362598,10-01-2024 21:45,12-10-2023 23:00
12088,442,055973d3eb6ea05afa794d45503de1f84af84eecec770f487a736f87,SP reward for iBTC,12 October 2023,155582,10-01-2024 21:45,12-10-2023 23:00
12089,442,0118a7e04201305bddea885b6cc1cbea578e98b3eeec45bc06e2b2be,SP reward for iBTC,12 October 2023,118046,10-01-2024 21:45,12-10-2023 23:00
12090,442,e174ca1bc8de7a28fcd3d2fbb172d223fbd8b83c1dc51cd37c790420,SP reward for iBTC,12 October 2023,1690558,10-01-2024 21:45,12-10-2023 23:00
12091,442,20e6fbd5dc1f0edd267fd7d81a4ee11caa622a2d9f0bf88f98bdec4f,SP reward for iBTC,12 October 2023,1683355,10-01-2024 21:45,12-10-2023 23:00
12092,442,00023775abacb7c31af161e5d0faebd84067299748396171df0a4143,SP reward for iBTC,12 October 2023,178015,10-01-2024 21:45,12-10-2023 23:00
12093,442,9124156d56646d11e50b702724ceb71ffb59238add6deebc4e176f9b,SP reward for iBTC,12 October 2023,211799,10-01-2024 21:45,12-10-2023 23:00
12094,442,ccb220201f3cb6b293ae4aa8f4c4280591f300897fa0354851c616f7,SP reward for iBTC,12 October 2023,153038,10-01-2024 21:45,12-10-2023 23:00
12095,442,97abddf0ccc26df60a24679fe7080de9ead18fa0d973a115ce072ca8,SP reward for iBTC,12 October 2023,1409193,10-01-2024 21:45,12-10-2023 23:00
12096,442,8a943c72013267009ce119b8a60b15d5ee70a91ff3bfc32ec591e837,SP reward for iBTC,12 October 2023,3397195,10-01-2024 21:45,12-10-2023 23:00
12097,442,bb942086e287a184e192afb2eab10ec07042bbb967407ce1593b3a56,SP reward for iBTC,12 October 2023,161937,10-01-2024 21:45,12-10-2023 23:00
12098,442,10a11fcf12b135084efcf1bc998cf1024d444a2cf05d1e5c18d5d579,SP reward for iBTC,12 October 2023,1246990,10-01-2024 21:45,12-10-2023 23:00
12099,442,d28984c713366768ef92d78cdf6375539bc637d329226151e915c315,SP reward for iBTC,12 October 2023,44042,10-01-2024 21:45,12-10-2023 23:00
12100,442,35f31e0e99aa11179513402c64432bf50299e9a87276e8acd9fe765a,SP reward for iBTC,12 October 2023,924789,10-01-2024 21:45,12-10-2023 23:00
12101,442,e105437b7f6bc51ba2dfff25dad8528637a85d69ce360c9417197769,SP reward for iBTC,12 October 2023,312558,10-01-2024 21:45,12-10-2023 23:00
12102,442,82fc2953edfbd8d3f708f49610a00caf271ff3794a8d5153f9b28fd0,SP reward for iBTC,12 October 2023,113213,10-01-2024 21:45,12-10-2023 23:00
12103,442,946c74a18ccd97a6cdb64318cb3374ab72e83c616d30d604e1cb8d20,SP reward for iBTC,12 October 2023,11721913,10-01-2024 21:45,12-10-2023 23:00
12104,442,0d54066357cf1b893f76d88adc3586fc28aa526ab3ac30db74147a50,SP reward for iBTC,12 October 2023,47922,10-01-2024 21:45,12-10-2023 23:00
12105,442,ec189db91bbc7706bf3725f0d2ef8cef34d22b069510395f09fe78c6,SP reward for iBTC,12 October 2023,599278,10-01-2024 21:45,12-10-2023 23:00
12106,442,f8470a7569e320d24a2303be02e72f651be6e7cd1221fa8b4cf83704,SP reward for iBTC,12 October 2023,13943624,10-01-2024 21:45,12-10-2023 23:00
12107,442,fa9b92b3f0c4a0a756c6d39c8e7015bdb593ca4c4e3f051b10d5eaa5,SP reward for iBTC,12 October 2023,271954,10-01-2024 21:45,12-10-2023 23:00
12108,442,62455feed70d012e99e9845395a5cb277204e8a7d9b7e806a038d795,SP reward for iBTC,12 October 2023,2206364,10-01-2024 21:45,12-10-2023 23:00
12109,442,d7346fcd395de69e62f4a2bafbc32af393ceecb3287b0ff4442ff36e,SP reward for iBTC,12 October 2023,4667721,10-01-2024 21:45,12-10-2023 23:00
12110,442,0b1db916e7560c61e187d688e00f936a0730a88d1049e89f4ece9e9a,SP reward for iBTC,12 October 2023,9016635,10-01-2024 21:45,12-10-2023 23:00
12111,442,43554050d4b81197d15d448aa81b825612a4fef4cba3b48ba25be4e4,SP reward for iBTC,12 October 2023,165759,10-01-2024 21:45,12-10-2023 23:00
12112,442,dc02ccd3782cd2a25908214624aef4b201639744163010a68cfbb484,SP reward for iBTC,12 October 2023,1453456,10-01-2024 21:45,12-10-2023 23:00
12113,442,3a92ed8273f831fbedb6e5f494949885ff7239d3ca2bf1773ea690bf,SP reward for iBTC,12 October 2023,228726,10-01-2024 21:45,12-10-2023 23:00
12114,442,d7093cc9caa740381045e3c433dfc849c3403ecf066fac9233e14246,SP reward for iBTC,12 October 2023,1325652,10-01-2024 21:45,12-10-2023 23:00
12115,442,84f56148eee940276bc35ce104626bdc964f341a85e2c88699042ab3,SP reward for iBTC,12 October 2023,1171766,10-01-2024 21:45,12-10-2023 23:00
12116,442,3674c9d5873becab55b9c7d24038f7b4333eb70d1639edb14a95335d,SP reward for iBTC,12 October 2023,293935,10-01-2024 21:45,12-10-2023 23:00
12117,442,92a18583ff5b6549b812dd1035b420789020d999240b9d122ef5e71b,SP reward for iBTC,12 October 2023,14394,10-01-2024 21:45,12-10-2023 23:00
12118,442,8d999dd787f9871ef69430cfd7473d3d786fe6e060985c65265997d9,SP reward for iBTC,12 October 2023,11385,10-01-2024 21:45,12-10-2023 23:00
12119,442,36fc48bb762e7e133f8cdb2197315db32557edc052b20a7c6233316a,SP reward for iBTC,12 October 2023,69903,10-01-2024 21:45,12-10-2023 23:00
12120,442,ff2666d0328175164cd4f4be76d58ac6162319513ccc68d940bf2b23,SP reward for iBTC,12 October 2023,3383463,10-01-2024 21:45,12-10-2023 23:00
12121,442,619db89e32d3347ca98cb4718f91695154e3a3f7d383af693a4dabc8,SP reward for iBTC,12 October 2023,3445756,10-01-2024 21:45,12-10-2023 23:00
12122,442,c716768454ee0acb9178b7ca686c04eb02579b536fb44ec6b4361c81,SP reward for iBTC,12 October 2023,9379868,10-01-2024 21:45,12-10-2023 23:00
12123,442,d1f445019e940fa4e89b149599b431d0ef7592743758b010b8866898,SP reward for iBTC,12 October 2023,890762,10-01-2024 21:45,12-10-2023 23:00
12124,442,865175c4867e096c4bc73e6064dbd2e9bacb181c5f660c340be7a531,SP reward for iBTC,12 October 2023,1237707,10-01-2024 21:45,12-10-2023 23:00
12125,442,c237095d55fa4c123f4a67d49e429bc6c35f2d4c8aadff5ea1a7ab1c,SP reward for iBTC,12 October 2023,100492,10-01-2024 21:45,12-10-2023 23:00
12126,442,91a484d734334a3069b53ae5373393a8ea8f93d88627670c00f8e8f9,SP reward for iBTC,12 October 2023,969099,10-01-2024 21:45,12-10-2023 23:00
12127,442,4fe31a9ee1f8f310f27feae9a31118d29e3378b0240a998a477ec357,SP reward for iBTC,12 October 2023,4020,10-01-2024 21:45,12-10-2023 23:00
12128,442,ecdd6a81ee434c3d773a0b6b27d426b3d86ee4f8edbb4016e5a6883d,SP reward for iBTC,12 October 2023,41916,10-01-2024 21:45,12-10-2023 23:00
12129,442,36f4acc790ade8685561ee452d290cddfaae730872d02a25fd4d65cc,SP reward for iBTC,12 October 2023,22399,10-01-2024 21:45,12-10-2023 23:00
12130,442,ff8c28d4272bc3688bfc79b6acbe73b24577851e0b4e422ef2198977,SP reward for iBTC,12 October 2023,9286010,10-01-2024 21:45,12-10-2023 23:00
12131,442,e73dedb1ad601b2c565d3d5abd31f368cc8b8b8e94faa13de79475c3,SP reward for iBTC,12 October 2023,67579,10-01-2024 21:45,12-10-2023 23:00
12132,442,e369f9a894744f3c1bf4e714426f0e9753cdcab22a9cf0ab620bd642,SP reward for iBTC,12 October 2023,14020427,10-01-2024 21:45,12-10-2023 23:00
12133,442,3657a92f82da5d852f3757b0d144117b3fce7353181e8a8202843d54,SP reward for iBTC,12 October 2023,14576848,10-01-2024 21:45,12-10-2023 23:00
12134,442,35fc0d9a0b03f48768465620b16a3d5902a30dab99d4a7d2c08add5c,SP reward for iBTC,12 October 2023,21863193,10-01-2024 21:45,12-10-2023 23:00
12135,442,4074cb09fb0f9c5695ee9561cc0b9eecec26efd9a0362f9c6615732c,SP reward for iBTC,12 October 2023,111249,10-01-2024 21:45,12-10-2023 23:00
12136,442,b4dd03047543f859dd8edf03705087c510442f0d006a151ee92c1994,SP reward for iBTC,12 October 2023,6918348,10-01-2024 21:45,12-10-2023 23:00
12137,442,eeb30b031f8ddd6c5766289a4faebc9fb55ea39eaff3dbaf28d106dd,SP reward for iBTC,12 October 2023,143221,10-01-2024 21:45,12-10-2023 23:00
12138,442,9a87e01b2fc854b5c7c70267da8f3ed2d1343329aa8e86efde7748aa,SP reward for iBTC,12 October 2023,4057395,10-01-2024 21:45,12-10-2023 23:00
12139,442,9cdf11e9f7832510865cf609be23fce37c331324a087d334801d435d,SP reward for iBTC,12 October 2023,10781,10-01-2024 21:45,12-10-2023 23:00
12140,442,9204bc66b5075a98249a520231b5c28315f603e80410c19e79b79739,SP reward for iBTC,12 October 2023,3353582,10-01-2024 21:45,12-10-2023 23:00
12141,442,ee0d3f0402347e81228151903cf5249eb6303bf0e78b4f488263db90,SP reward for iBTC,12 October 2023,874671,10-01-2024 21:45,12-10-2023 23:00
12142,442,b7f7ae08769181fd6287c83f74fe18cce31b5bad2e39eeb4ae982f68,SP reward for iBTC,12 October 2023,1688571,10-01-2024 21:45,12-10-2023 23:00
12143,442,a042edfa210923d77e34bb224506a33f1007618124addb9d275c44f3,SP reward for iBTC,12 October 2023,488424,10-01-2024 21:45,12-10-2023 23:00
12144,442,add22687547b52ee682e6d576776af097ef9374ecce09681b9b43715,SP reward for iBTC,12 October 2023,1360864,10-01-2024 21:45,12-10-2023 23:00
12145,442,7cbc9de209d7a0032eca03b814521b58b034bb72aa681decb395ea25,SP reward for iBTC,12 October 2023,691544,10-01-2024 21:45,12-10-2023 23:00
12146,442,91aa6ddecfac713f774fe7635bc6804e96e008cd220186a1382b7f1f,SP reward for iBTC,12 October 2023,41591,10-01-2024 21:45,12-10-2023 23:00
12147,442,008183a40ad33934b7d4711d6b46f0b8901d398b77746222f0ac0dcb,SP reward for iBTC,12 October 2023,277554,10-01-2024 21:45,12-10-2023 23:00
12148,442,f8c924fdf1d9d105c176c2d7289312adb74685741ade1835c78022bf,SP reward for iBTC,12 October 2023,68357,10-01-2024 21:45,12-10-2023 23:00
12149,442,ddc7d434a87369990847553dbe9a0020ccbf868222cb6193b0303eca,SP reward for iBTC,12 October 2023,1775889,10-01-2024 21:45,12-10-2023 23:00
12150,442,a753860cbfd3884ffd93ee7ae4762a618855a982c2bcff3da2623281,SP reward for iBTC,12 October 2023,167048,10-01-2024 21:45,12-10-2023 23:00
12151,442,8e5cffec9bc59c2f83a5396628846b2e34c8e4a565b9bd5f85c3a7c5,SP reward for iBTC,12 October 2023,4550524,10-01-2024 21:45,12-10-2023 23:00
12152,442,56270f8bf55701d31d45a3db4a13d99ef7848fc936616777f4257dcb,SP reward for iBTC,12 October 2023,733089,10-01-2024 21:45,12-10-2023 23:00
12153,442,d38b26fb9b460883ad49b8be8efae6a39413a4cf65ca3a84b6a14f65,SP reward for iBTC,12 October 2023,5121478,10-01-2024 21:45,12-10-2023 23:00
12154,442,6ab1e8f492b0ade359dcc23754a37711b11e09f3c300db387a7df62a,SP reward for iBTC,12 October 2023,98331,10-01-2024 21:45,12-10-2023 23:00
12155,442,0fcd5515a7c42ff375fbe24915bf94140f3ae6559957291e2fc8cb98,SP reward for iBTC,12 October 2023,1709773,10-01-2024 21:45,12-10-2023 23:00
12156,442,765bf28b5f8fd06d76dbd8ea9a428a40b30d721575c7f8483c968500,SP reward for iBTC,12 October 2023,1194304,10-01-2024 21:45,12-10-2023 23:00
12157,442,25f2b6e8273673fa147f150644a62517d248bba31bbb8c35963fcb94,SP reward for iBTC,12 October 2023,600451,10-01-2024 21:45,12-10-2023 23:00
12158,442,e2a00a183faa1d56370cdabb7b05beeb09274a693061e1d5aa140617,SP reward for iBTC,12 October 2023,3661168,10-01-2024 21:45,12-10-2023 23:00
12159,442,ba723099e73d3c12bbe935d3286ca851beadbb24e82e459d2cc47095,SP reward for iBTC,12 October 2023,970667,10-01-2024 21:45,12-10-2023 23:00
12160,442,9cffd98682b61f22ad13b19130b79edf9efba37b87b1bb216786bb22,SP reward for iBTC,12 October 2023,1200148,10-01-2024 21:45,12-10-2023 23:00
12161,442,27e19a4d47b49657009c6265473dd7191ec0908bdcffdc0fe37ee348,SP reward for iBTC,12 October 2023,4959484,10-01-2024 21:45,12-10-2023 23:00
12162,442,6d74a578d02399914e6e91e30fcc0cb11157d6bb8bfa11e27c1f067f,SP reward for iBTC,12 October 2023,7099337,10-01-2024 21:45,12-10-2023 23:00
12163,442,19006487a208affb9e50bea4ec43f00e27b951edc7a440ecd4a88d21,SP reward for iBTC,12 October 2023,525704,10-01-2024 21:45,12-10-2023 23:00
12164,442,bd120d13cacc36173e37233dc7218a7e887697a3614d27234b00e009,SP reward for iBTC,12 October 2023,286163,10-01-2024 21:45,12-10-2023 23:00
12165,442,d171c764b68e3006a17366dbbd2b5b1d1641e584991c8524ac72458f,SP reward for iBTC,12 October 2023,309618,10-01-2024 21:45,12-10-2023 23:00
12166,442,d2cb4ce1de90a00c3c930185073e3c041f638555713136d3b3bdea81,SP reward for iBTC,12 October 2023,515016,10-01-2024 21:45,12-10-2023 23:00
12167,442,060355fc3d04d9df3f0e2a908231211672b16c6762c4e5c83e623734,SP reward for iBTC,12 October 2023,397470,10-01-2024 21:45,12-10-2023 23:00
12168,442,9dcf132042889673839ea86796d3ea30d6fd52682b5bdf524dfa15ce,SP reward for iBTC,12 October 2023,1172173,10-01-2024 21:45,12-10-2023 23:00
12169,442,5f75978f9c34609c4720a15d2cb51b1384ef0711a8e4afa7de0d060a,SP reward for iBTC,12 October 2023,674443,10-01-2024 21:45,12-10-2023 23:00
12170,442,4a8c38f06a0dd31c58d79d150fefe34db736ac83c4a7cc1fc22c1e5e,SP reward for iBTC,12 October 2023,2696135,10-01-2024 21:45,12-10-2023 23:00
12171,442,f00f927995925d46c18314ed041f55e32d1e9bc0da7b18b5f9d56602,SP reward for iBTC,12 October 2023,6399254,10-01-2024 21:45,12-10-2023 23:00
12172,442,5c1a02a27266c981c3c4a9f5301c0e540b93da75bba83693aa1284a2,SP reward for iBTC,12 October 2023,352719,10-01-2024 21:45,12-10-2023 23:00
12173,442,c91490adde7feb9e01721f33e1ab60e2002bef0b62a0e83a759ff983,SP reward for iBTC,12 October 2023,263102,10-01-2024 21:45,12-10-2023 23:00
12174,442,4275e6428a0fbad50a8d8172bb5dfb1c4e5939e18312f7b852f7a374,SP reward for iBTC,12 October 2023,12930,10-01-2024 21:45,12-10-2023 23:00
12175,442,b5c8349396f274e45c6733b41262d7fca925d6413394331b01e88d0e,SP reward for iBTC,12 October 2023,238020,10-01-2024 21:45,12-10-2023 23:00
12176,442,f4035fabf6ceffc8d7ba6defb2a76bf77e2fd6f447f37c9037340990,SP reward for iBTC,12 October 2023,20865,10-01-2024 21:45,12-10-2023 23:00
12177,442,594b5cf4b90fa03498e94b259e4462f7b838acbb727e5fb27a1512a2,SP reward for iBTC,12 October 2023,8353356,10-01-2024 21:45,12-10-2023 23:00
12178,442,f095b6bf1670a5927349be0c438d63b966d494f62868c47d264ee592,SP reward for iBTC,12 October 2023,1823788,10-01-2024 21:45,12-10-2023 23:00
12179,442,cf59324e35572473a1c164ace3b16a04c1893f82aae9557abe429d89,SP reward for iBTC,12 October 2023,407240,10-01-2024 21:45,12-10-2023 23:00
12180,442,df6ae36c5ece938f1ac50184e91aca50ae5fc231ab25eef48ad4612d,SP reward for iBTC,12 October 2023,964,10-01-2024 21:45,12-10-2023 23:00
12181,442,e105290df587390be33d256392f378bfd7709dca5c16de6ff1958de1,SP reward for iBTC,12 October 2023,4298,10-01-2024 21:45,12-10-2023 23:00
12182,442,b6e7a0d5545a3c9f3d826332b90027b303e45852eb3593bcb8f12883,SP reward for iBTC,12 October 2023,2904194,10-01-2024 21:45,12-10-2023 23:00
12183,442,f5fc2163bd928f1bd4be6463323d1341eb5709ad2fc7780f3a0110bf,SP reward for iBTC,12 October 2023,19520451,10-01-2024 21:45,12-10-2023 23:00
12184,442,efdea48b2d455838b64f1bdbf0106eef7cd67041ce4aa429d812183e,SP reward for iBTC,12 October 2023,104790,10-01-2024 21:45,12-10-2023 23:00
12185,442,9adca998ba0dd97e2f2720c2ae640088796272ec3f41a6cdf8819fe4,SP reward for iBTC,12 October 2023,15300,10-01-2024 21:45,12-10-2023 23:00
12186,442,b18c6ec043fe8be54994fea40737423de41f59bf46b00920c2f9001d,SP reward for iBTC,12 October 2023,163888,10-01-2024 21:45,12-10-2023 23:00
12187,442,6b5339bc5d75467460925c0095aecf158dbe78c1b7b7b3511bae2a1e,SP reward for iBTC,12 October 2023,5054,10-01-2024 21:45,12-10-2023 23:00
12188,442,95aab629810acf425e4448592d1a5a0265255116e5451f90d7034b58,SP reward for iBTC,12 October 2023,41753,10-01-2024 21:45,12-10-2023 23:00
12189,442,e33e0545052a1f9575c1e6f303380e932387671fba477f9156f62994,SP reward for iBTC,12 October 2023,1428118,10-01-2024 21:45,12-10-2023 23:00
12190,442,87b9679714eebad39554239abcc970b4937f19ce07fae769da678184,SP reward for iBTC,12 October 2023,430069,10-01-2024 21:45,12-10-2023 23:00
12191,442,418be7cbf9d37e1ed38d316e3f1f21a33cd6733ebd7457145447a830,SP reward for iBTC,12 October 2023,13469525,10-01-2024 21:45,12-10-2023 23:00
12192,442,725fca12f5495b2d9c9be40376355bb56f673261a0c0fefcc0e83128,SP reward for iBTC,12 October 2023,75862,10-01-2024 21:45,12-10-2023 23:00
12193,442,c8d94edd54ac158df872778b972b3d9f230b77294e9688e7fa3d3302,SP reward for iBTC,12 October 2023,19130323,10-01-2024 21:45,12-10-2023 23:00
12194,442,c7a86c9c19def585d674247d860174f22835041153f5d755700ca691,SP reward for iBTC,12 October 2023,396576,10-01-2024 21:45,12-10-2023 23:00
12195,442,73a2384cb145aa11ef7c996728c5715f87b007368e1a4769853927ee,SP reward for iBTC,12 October 2023,11141165,10-01-2024 21:45,12-10-2023 23:00
12196,442,bcd7d0e8839b24551996bbec8f229f4f6788f31974b86088e50cc325,SP reward for iBTC,12 October 2023,401838,10-01-2024 21:45,12-10-2023 23:00
12197,442,d643e544ab30611b757fd5926602f6f693d573f4c0005d0b46aab1f2,SP reward for iBTC,12 October 2023,3200208,10-01-2024 21:45,12-10-2023 23:00
12198,442,d93ec003c4f3efe6cee6dc59a04d13c177c1fcf36d0cee212fcced8e,SP reward for iBTC,12 October 2023,123134,10-01-2024 21:45,12-10-2023 23:00
12199,442,811d81c21b08352b6d13adc8815022f120336e4eadd03f4ee1a1b0fa,SP reward for iBTC,12 October 2023,200646,10-01-2024 21:45,12-10-2023 23:00
12200,442,bb065d2662a76b6a4be9b01e41d5c3f50462c1dda589da692b9754da,SP reward for iBTC,12 October 2023,129082,10-01-2024 21:45,12-10-2023 23:00
12201,442,460b03e4c9be9f26635bbb42db1bb7757c65f8bdafa5155fcc3ca9df,SP reward for iBTC,12 October 2023,3460684,10-01-2024 21:45,12-10-2023 23:00
12202,442,a65059f2283e5ff29d0c818cba02d9f700fc7c3e891c324bdfd5d1ca,SP reward for iBTC,12 October 2023,116268,10-01-2024 21:45,12-10-2023 23:00
12203,442,690b0a92962d8e5940212f11e4e414db2a6a773f06923adaa063bf7a,SP reward for iBTC,12 October 2023,49837816,10-01-2024 21:45,12-10-2023 23:00
12204,442,360009fae135652bcbf7b5dcb75bbacada4c10dd5bc9626fa229569a,SP reward for iBTC,12 October 2023,42938,10-01-2024 21:45,12-10-2023 23:00
12205,442,c85e5827ec3620637c26781bb5ea0dbb047692badb517adfbad80321,SP reward for iBTC,12 October 2023,1338838,10-01-2024 21:45,12-10-2023 23:00
12206,442,c6f107c42cc71a66e32aa050e10e55847bea744aa74e1b2134435e05,SP reward for iBTC,12 October 2023,175181,10-01-2024 21:45,12-10-2023 23:00
12207,442,a485b6436c9f49a331655fa1574405c3e9bb1ead65e84b91f28fe826,SP reward for iBTC,12 October 2023,8886240,10-01-2024 21:45,12-10-2023 23:00
12208,442,4f095e6f77102062c2f13d752ee14be370903fb1ef45006369c45fcd,SP reward for iBTC,12 October 2023,1801296,10-01-2024 21:45,12-10-2023 23:00
12209,442,49a33ab5e0265427d7de241eac6595c7f6b06d6f8714477158d43922,SP reward for iBTC,12 October 2023,2143955,10-01-2024 21:45,12-10-2023 23:00
12210,442,78b355ef81f783f5efe26565142565159adb6d0fe2ff17631c37540c,SP reward for iBTC,12 October 2023,170371,10-01-2024 21:45,12-10-2023 23:00
12211,442,2b3f8ce415f63a81454d53882a00a4d2225e1284c257a8b14ecb4c22,SP reward for iBTC,12 October 2023,1562243,10-01-2024 21:45,12-10-2023 23:00
12212,442,69a97eb8edd3bd6c373b00d162d4463c2b6834e4d66d0e6f29f797e3,SP reward for iBTC,12 October 2023,18045224,10-01-2024 21:45,12-10-2023 23:00
12213,442,d4bed2ddaa7dfa8f582a33dae7d0f0e0dca95bc6a7d9674807386af3,SP reward for iBTC,12 October 2023,73167,10-01-2024 21:45,12-10-2023 23:00
12214,442,f6f4381664083197aade59849d7d90493799c00ac314bd28eb6a1096,SP reward for iBTC,12 October 2023,5729179,10-01-2024 21:45,12-10-2023 23:00
12215,442,02b80d9935da7f00d97323735ff2641d938b14f3ecd24b01a990afe5,SP reward for iBTC,12 October 2023,1143222,10-01-2024 21:45,12-10-2023 23:00
12216,442,a03ccad35de77af874c2bd83cf91b7cdf3ecee94ba071ebc6364cdae,SP reward for iBTC,12 October 2023,298326,10-01-2024 21:45,12-10-2023 23:00
12217,442,c762b49fcc98442f1dc5e71e6de2635f02c7b22275a7d112abe90dbc,SP reward for iBTC,12 October 2023,4475509,10-01-2024 21:45,12-10-2023 23:00
12218,442,134772ad86746619dd39c1bcfd82c5cbec2872f3fbbae1c289e2c7c4,SP reward for iBTC,12 October 2023,6581951,10-01-2024 21:45,12-10-2023 23:00
12219,442,ca0f77040a2b74ee79cb3a2c8046083e364c853648d64885a75ae35e,SP reward for iBTC,12 October 2023,496196,10-01-2024 21:45,12-10-2023 23:00
12220,442,bf97ad99b5269c15e3726290f95f0fc0ec8dbada31183778548d9da0,SP reward for iBTC,12 October 2023,10159740,10-01-2024 21:45,12-10-2023 23:00
12221,442,1055b89a4bb5a120f9f89183895b6a05cde28a2c5f2df6b5a526a95f,SP reward for iBTC,12 October 2023,504467,10-01-2024 21:45,12-10-2023 23:00
12222,442,a181fb98e93e123144d85fee0993bd560ed91d82ccb4b9681bdecc95,SP reward for iBTC,12 October 2023,1608143,10-01-2024 21:45,12-10-2023 23:00
12223,442,344b062d324fb1d5c2604c5381acd0e0dc8eac7fe94613a1dd1c9ee5,SP reward for iBTC,12 October 2023,2614441,10-01-2024 21:45,12-10-2023 23:00
12224,442,c72d1e782124b7a5b2ddd16fcce4fb1909d968ae6540dc87e6dd63ae,SP reward for iBTC,12 October 2023,102072,10-01-2024 21:45,12-10-2023 23:00
12225,442,15899010c8fcdb8ed1062e163dd8b6398c62e39192d0f1a3e28dd52e,SP reward for iBTC,12 October 2023,55822,10-01-2024 21:45,12-10-2023 23:00
12226,442,309a47f53e617e9bbd0aa234b5f2aff6c22864a58a64fc272caf8315,SP reward for iBTC,12 October 2023,130709,10-01-2024 21:45,12-10-2023 23:00
12227,442,e33786fcf09ced1747bbd86e3e123a529483cc477932d9f25c4b0d56,SP reward for iBTC,12 October 2023,1138935,10-01-2024 21:45,12-10-2023 23:00
12228,442,1344c6719d8058b88f756f2ee293581dab8214b388113a46e95cb2e8,SP reward for iBTC,12 October 2023,17426,10-01-2024 21:45,12-10-2023 23:00
12229,442,3350a1cb0110a5855f289a0738fdbe0c00c07cf748fd5f5cdf1aa63b,SP reward for iBTC,12 October 2023,183568,10-01-2024 21:45,12-10-2023 23:00
12230,442,98c9ede2d55f7f080a56fae1fdaf13fba514696d0ca759c8994b7967,SP reward for iBTC,12 October 2023,1150030,10-01-2024 21:45,12-10-2023 23:00
12231,442,ed2d886c9096287956f5c505925a4921e587a7fb6b9216a178616076,SP reward for iBTC,12 October 2023,149146,10-01-2024 21:45,12-10-2023 23:00
12232,442,9bf929588ad1b309c5d14b29ac278dba301bf1eab59af4c29b68f807,SP reward for iBTC,12 October 2023,6055341,10-01-2024 21:45,12-10-2023 23:00
12233,442,18f3de1e151510189ebb627d0b7e16ce7c5a3fbd8f09c3fb4ff1554e,SP reward for iBTC,12 October 2023,10161158,10-01-2024 21:45,12-10-2023 23:00
12234,442,ebdf2f2916f3819a83396a78bc14525b559c62b21cde688020ecfafb,SP reward for iBTC,12 October 2023,11501343,10-01-2024 21:45,12-10-2023 23:00
12235,442,880d14e3754b4bc9722f070f549fc0681f6619a498ed1e8078bcb01b,SP reward for iBTC,12 October 2023,239518,10-01-2024 21:45,12-10-2023 23:00
12236,442,fc3f98ae5a3b654f6d89eebba84dede2c2ebe58d58ed3d59984dfef4,SP reward for iBTC,12 October 2023,1624222,10-01-2024 21:45,12-10-2023 23:00
12237,442,d943a937240850969de04e8d95e1ad717e307cade8b091b21857c208,SP reward for iBTC,12 October 2023,3813090,10-01-2024 21:45,12-10-2023 23:00
12238,442,c3fa4890e46c7b8ea2fe782727a74534b4340aced4e80ced7b0b5089,SP reward for iBTC,12 October 2023,122367,10-01-2024 21:45,12-10-2023 23:00
12239,442,bec94b5753e45e7ee8e232d0e7e958accd120f1135b56c9ce75a32cc,SP reward for iBTC,12 October 2023,7168438,10-01-2024 21:45,12-10-2023 23:00
12240,442,7c5378fa54feb8a83d9a2a241503e07eee3876d90931e1953788c3e4,SP reward for iBTC,12 October 2023,7238295,10-01-2024 21:45,12-10-2023 23:00
12241,442,7328ab6d917830c7db07347e34d628bd76421d260b9064231a34955e,SP reward for iBTC,12 October 2023,434298,10-01-2024 21:45,12-10-2023 23:00
12242,442,cdfe95c99540a11b593c69e1426a76245c3d76ed3b905a09aa8d011a,SP reward for iBTC,12 October 2023,3057150,10-01-2024 21:45,12-10-2023 23:00
12243,442,9cc6a5c39d7b0a317daf1c2ac03e490912585b884ac4d922a146117b,SP reward for iBTC,12 October 2023,6886958,10-01-2024 21:45,12-10-2023 23:00
12244,442,3eb9c9a1352bb693c03fee532b5de22c571662b08a452ce11408e582,SP reward for iBTC,12 October 2023,154443,10-01-2024 21:45,12-10-2023 23:00
12245,442,db70834069b7ea13f3701408f7f7e5d32993bd9fff990c3c52b3844c,SP reward for iBTC,12 October 2023,3936747,10-01-2024 21:45,12-10-2023 23:00
12246,442,fcc20a843a102f03b5a67e2d9567fc74c70c2c2c294b85fa83086611,SP reward for iBTC,12 October 2023,119792283,10-01-2024 21:45,12-10-2023 23:00
12247,442,f93cc5ef93e0558852dda635e29b1f3691e9450aeed4a8c2e3d7aea1,SP reward for iBTC,12 October 2023,1840215,10-01-2024 21:45,12-10-2023 23:00
12248,442,9eacf5e8b3c6bf9b1abf34590fd8c9b02e34c0bcd682a1e895ede3fe,SP reward for iBTC,12 October 2023,6901758,10-01-2024 21:45,12-10-2023 23:00
12249,442,658002caf01d1eb9ae484aa16f398f8a27a91c10047cf16bca6ce09e,SP reward for iBTC,12 October 2023,314358,10-01-2024 21:45,12-10-2023 23:00
12250,442,d98785b47f3e7e0d0f16ba3186a7349b9e95fc1c8ea5b60b06c7c214,SP reward for iBTC,12 October 2023,562334,10-01-2024 21:45,12-10-2023 23:00
12251,442,6dfa5c283d15c82b85b918c5480a6abf540d11f8ba50bdd65af11b86,SP reward for iBTC,12 October 2023,90117,10-01-2024 21:45,12-10-2023 23:00
12252,442,e0ea68c3e09114bb8b746e67a3e44b5e4c0cdce33c07391dc1f61be2,SP reward for iBTC,12 October 2023,2437657,10-01-2024 21:45,12-10-2023 23:00
12253,442,0a72021d32d5893231aef79b5b87f086fd32119a0f301957705506e4,SP reward for iBTC,12 October 2023,128676,10-01-2024 21:45,12-10-2023 23:00
12254,442,46f432395436e794072253949200551e75e28ef2bf1d3e960edcdf2f,SP reward for iBTC,12 October 2023,37109605,10-01-2024 21:45,12-10-2023 23:00
12255,442,d1660b25e17cb23c44f9161fd71df2a4e847f5b1e0b23a4bae71423a,SP reward for iBTC,12 October 2023,149844200,10-01-2024 21:45,12-10-2023 23:00
12256,442,6cfbc28fa54b2920b6cad9531f7071724ecaf253e52c0c7686613e98,SP reward for iBTC,12 October 2023,82961,10-01-2024 21:45,12-10-2023 23:00
12257,442,bc64c0754d2dd6b159df3116a20375fbb668de087098210541940186,SP reward for iBTC,12 October 2023,2323504,10-01-2024 21:45,12-10-2023 23:00
12258,442,b75a87ce395a2a35d89a86f52fe433a1fc75ad685a4706b134fdb349,SP reward for iBTC,12 October 2023,91093,10-01-2024 21:45,12-10-2023 23:00
12259,442,0da3cacef17d65df4ab3d98a21d5d8ef52ef3f813b35b46e9ac4e562,SP reward for iBTC,12 October 2023,29631688,10-01-2024 21:45,12-10-2023 23:00
12260,442,c690a7606a6d77fa7ae6a369fea9821727fe5d2b44a24fbbee61c541,INDY staking reward,12 October 2023,93525,10-01-2024 21:45,12-10-2023 23:00
12261,442,cf38d793f822fc86249bb47618ab3815228af30ae055be153ad3688b,INDY staking reward,12 October 2023,49918,10-01-2024 21:45,12-10-2023 23:00
12262,442,b1ad4f001af30906306b682445883a4b6516c87f85e73518fc43230e,INDY staking reward,12 October 2023,59711,10-01-2024 21:45,12-10-2023 23:00
12263,442,076fe746635376963ae1c07c98dfa6a84168ff429673d2546ee5e744,INDY staking reward,12 October 2023,65096,10-01-2024 21:45,12-10-2023 23:00
12264,442,f983b3613a668d390f454966a15b4ffd5edc096d9f05362431b5eb94,INDY staking reward,12 October 2023,122626,10-01-2024 21:45,12-10-2023 23:00
12265,442,37eb22f9d057a78e20c462139eba91fc14ffa1fa0620b154e91a113a,INDY staking reward,12 October 2023,81167,10-01-2024 21:45,12-10-2023 23:00
12266,442,6b6b15e32969a5152249e0aeebebb2d68884e1121683bd560d12c3a0,INDY staking reward,12 October 2023,6105,10-01-2024 21:45,12-10-2023 23:00
12267,442,4a64eb9e7e30b19befb760c887ce822332daef77dcfcf52bbbff7326,INDY staking reward,12 October 2023,11905,10-01-2024 21:45,12-10-2023 23:00
12268,442,0e68e36c34db758fd174013b236dbbd8f2f2fdda51116d2cf19a1e9b,INDY staking reward,12 October 2023,119772,10-01-2024 21:45,12-10-2023 23:00
12269,442,df90690141e7bf5172e3c3a87d7c8e018e2fc45029af08f1ac193f3a,INDY staking reward,12 October 2023,44053,10-01-2024 21:45,12-10-2023 23:00
12270,442,27e71f4674865e65fc693da8e9fe51296ecac37f8532c5188b8d1681,INDY staking reward,12 October 2023,2976,10-01-2024 21:45,12-10-2023 23:00
12271,442,b32c25dc74ae748b61102bd5c56443341f0a97ea9b062796db20157b,INDY staking reward,12 October 2023,21268,10-01-2024 21:45,12-10-2023 23:00
12272,442,fe3718cba9a30799735529d1c105801b87dd4e5d5d80d297d36b916d,INDY staking reward,12 October 2023,367972,10-01-2024 21:45,12-10-2023 23:00
12273,442,c835248f41cb65303bec60d767f0299ea458a19c8c04beb125513487,INDY staking reward,12 October 2023,628235,10-01-2024 21:45,12-10-2023 23:00
12274,442,8231172488635b5430f2abc397484a566975fca47f47504556927bb6,INDY staking reward,12 October 2023,423869,10-01-2024 21:45,12-10-2023 23:00
12275,442,6d97aff30cb3baa51513ef2eaacd2e6c475e0160f895fccc4bd11837,INDY staking reward,12 October 2023,6506,10-01-2024 21:45,12-10-2023 23:00
12276,442,b218d6f994b2c94889306d4e74cd69a64e733d5a32c370ddc08ba44f,INDY staking reward,12 October 2023,19794,10-01-2024 21:45,12-10-2023 23:00
12277,442,66b2670245c3a1f2f37d808b864cf54e9500b5818e3adb25a3ff0652,INDY staking reward,12 October 2023,20834,10-01-2024 21:45,12-10-2023 23:00
12278,442,cf85115658e6716b4fec64cbb9878c06edb3ce5b5015eb4c8970fca4,INDY staking reward,12 October 2023,59848,10-01-2024 21:45,12-10-2023 23:00
12279,442,5e1367341a7caa92b2e7fd8c5b6d9b593bf4389f90f679e7d07bb8ac,INDY staking reward,12 October 2023,2976,10-01-2024 21:45,12-10-2023 23:00
12280,442,4ed48afadbcf377ebf7eeb1a9e38d51b60711d0d064686131cf487d6,INDY staking reward,12 October 2023,18478,10-01-2024 21:45,12-10-2023 23:00
12281,442,9787b274f1d942ff6df2a9c9acb9743dd4eabce1021eeb7e3ef6f325,INDY staking reward,12 October 2023,207928,10-01-2024 21:45,12-10-2023 23:00
12282,442,e24aa6143beb9268b9e03ed94d83a5523abbc0978143b4c9dc84543a,INDY staking reward,12 October 2023,423095,10-01-2024 21:45,12-10-2023 23:00
12283,442,83bb457293ede3d6da06091722e42324c9d989ed31fb47d9a57adc00,INDY staking reward,12 October 2023,44787,10-01-2024 21:45,12-10-2023 23:00
12284,442,5277d320e4e981971f75599c3c15bc0abebbdb6aea9cbadccb16bff1,INDY staking reward,12 October 2023,13982,10-01-2024 21:45,12-10-2023 23:00
12285,442,556f8d6aa52f498100f7310c44e0b4584625ee52b86c102ed6a5b899,INDY staking reward,12 October 2023,257879,10-01-2024 21:45,12-10-2023 23:00
12286,442,39f3c3aa5feb73b110f18f600273bcf081a4c3672f45c28b53d12c7e,INDY staking reward,12 October 2023,51154,10-01-2024 21:45,12-10-2023 23:00
12287,442,5f57fc5364a431cb425bb159769c82bce656244d1b44501871dff815,INDY staking reward,12 October 2023,9861,10-01-2024 21:45,12-10-2023 23:00
12288,442,f4d2cd5b06c42740805070280540bda96165b3b3c3129319b0cb61d8,INDY staking reward,12 October 2023,2536,10-01-2024 21:45,12-10-2023 23:00
12289,442,9342a76f7de030e7df3e37249b14ef9ea67bbdde1e95e654aab21fb5,INDY staking reward,12 October 2023,45848,10-01-2024 21:45,12-10-2023 23:00
12290,442,308ee07a2d9f4a8cb93dffdbfd031413b4e8f5e55218c099e6f131ea,INDY staking reward,12 October 2023,975046,10-01-2024 21:45,12-10-2023 23:00
12291,442,524f55feb58270913d555c91eab8c2858bae12fb743075b0896fe08e,INDY staking reward,12 October 2023,59527,10-01-2024 21:45,12-10-2023 23:00
12292,442,0aa8440ab73329af471a6375a8abf81d839514f4b11fef95aa5ab7b2,INDY staking reward,12 October 2023,850236,10-01-2024 21:45,12-10-2023 23:00
12293,442,7985a1df9e76e9be78816683958754a292f3099e1eb7898dd8620541,INDY staking reward,12 October 2023,77423,10-01-2024 21:45,12-10-2023 23:00
12294,442,512c758c576c236ba7c9891d7363c97f37f1d4f12fd060948f98a7da,INDY staking reward,12 October 2023,18548,10-01-2024 21:45,12-10-2023 23:00
12295,442,87acd6db517f846d8bc96c55f68fcdc8b70e6f9240290e352bfba78a,INDY staking reward,12 October 2023,167836,10-01-2024 21:45,12-10-2023 23:00
12296,442,bea154f62b6917d101db620f33befb5f111ab157744941a9cf82086d,INDY staking reward,12 October 2023,323031,10-01-2024 21:45,12-10-2023 23:00
12297,442,8c734ed7e636cb450286a7ad6965ac49313d9981213aa6ec3a8c2619,INDY staking reward,12 October 2023,501331,10-01-2024 21:45,12-10-2023 23:00
12298,442,f97eae728d16e144a61fd42676816422695566339712e2da6ffa5993,INDY staking reward,12 October 2023,75940,10-01-2024 21:45,12-10-2023 23:00
12299,442,ac9f05c32ba22bd69c748a56ebfda32353e10d3a88e00187ed27bc98,INDY staking reward,12 October 2023,2924847,10-01-2024 21:45,12-10-2023 23:00
12300,442,15c57b484fd7514ff133f68ad1a68e5e84d4141d18a658aec1bd8a1a,INDY staking reward,12 October 2023,437118,10-01-2024 21:45,12-10-2023 23:00
12301,442,07870a95cc8ef51c6813a07f93b76c9e920640902bf176855333a03e,INDY staking reward,12 October 2023,58358,10-01-2024 21:45,12-10-2023 23:00
12302,442,6f74d8b1d2b06caf81c51d5f1a7f117be3a1ce456a3f02e8d6c06cb6,INDY staking reward,12 October 2023,5048,10-01-2024 21:45,12-10-2023 23:00
12303,442,0e2f3ec956daeae0b2ec7519f6de4141851942df2d375dd96bec72e5,INDY staking reward,12 October 2023,95712,10-01-2024 21:45,12-10-2023 23:00
12304,442,b5309180273d53e72ddb534e08c50e4a5c4804a33668675c35b5958a,INDY staking reward,12 October 2023,33638,10-01-2024 21:45,12-10-2023 23:00
12305,442,60b6101409b1f28a94405c733fbbb92b1ca99fa367d7d1141889d11e,INDY staking reward,12 October 2023,172624,10-01-2024 21:45,12-10-2023 23:00
12306,442,fd9c14b6afa1d70967da46892a015ff2d22f958c0aed06bd5a1d44ff,INDY staking reward,12 October 2023,28427,10-01-2024 21:45,12-10-2023 23:00
12307,442,fe328975ba3e7548fc7e801a1badff3103f96946fe9116df39accd9c,INDY staking reward,12 October 2023,2976,10-01-2024 21:45,12-10-2023 23:00
12308,442,76d6f0750896d8fdcb4629d8d7247f77bcb74a3bf717c13d70393510,INDY staking reward,12 October 2023,3027,10-01-2024 21:45,12-10-2023 23:00
12309,442,4275e6428a0fbad50a8d8172bb5dfb1c4e5939e18312f7b852f7a374,INDY staking reward,12 October 2023,3227,10-01-2024 21:45,12-10-2023 23:00
12310,442,fd0c964dec19f2e290b2b8ac728a01ee0791e8ca6f845e939567e9b2,INDY staking reward,12 October 2023,1786,10-01-2024 21:45,12-10-2023 23:00
12311,442,37ed0edbae22b1cd07e47eade303eb9911b4ce9c80ca0f96906b277d,INDY staking reward,12 October 2023,50216,10-01-2024 21:45,12-10-2023 23:00
12312,442,e21c95466972e7ad5b8c837d59586a382a5bb5913665e162e66b5066,INDY staking reward,12 October 2023,217617,10-01-2024 21:45,12-10-2023 23:00
12313,442,278c8e15c48d22d81c86ef27d34212b6e3b8ccaab5414d4ee3633b7f,INDY staking reward,12 October 2023,8292,10-01-2024 21:45,12-10-2023 23:00
12314,442,efcc91fd41160e558da40cf00d8737c34eb5790ae816465929b24678,INDY staking reward,12 October 2023,34872,10-01-2024 21:45,12-10-2023 23:00
12315,442,666b1a5c58644adf4cd55067cd8e423d85a2002f3b39f21747e7b488,INDY staking reward,12 October 2023,808371,10-01-2024 21:45,12-10-2023 23:00
12316,442,a33473cf04a4b713716a63a6cc6296dcb2215296501d463750ba14f9,INDY staking reward,12 October 2023,128653,10-01-2024 21:45,12-10-2023 23:00
12317,442,df9b8103c100c8cdd1c2a202fce2355a5041e367da2e80d8f8e9dab4,INDY staking reward,12 October 2023,2976,10-01-2024 21:45,12-10-2023 23:00
12318,442,1d75eaee32bc1fab7d351ba6010c2be8a5611900e0413ffb3e00216c,INDY staking reward,12 October 2023,79162,10-01-2024 21:45,12-10-2023 23:00
12319,442,90f0fcdfc77362d0860462d44b0b1eb154aad5545fb7a7f22b79dcca,INDY staking reward,12 October 2023,36435,10-01-2024 21:45,12-10-2023 23:00
12320,442,fa3f2b45ac34f3139b635b168629dd6602fa00749be364cc10104ab8,INDY staking reward,12 October 2023,17978,10-01-2024 21:45,12-10-2023 23:00
12321,442,c3ab991ecbd4a2f84931ba5ca8b76a793f6fe71b3fb4448bdcbd722f,INDY staking reward,12 October 2023,32859,10-01-2024 21:45,12-10-2023 23:00
12322,442,3f561bfaaf483a3dc74d4a012441c4b5c1d186888d2fbad5cdc92449,INDY staking reward,12 October 2023,128191,10-01-2024 21:45,12-10-2023 23:00
12323,442,c2ad2086100a4240ecbb70a1c93699235750bed5cc26d56a6220c67f,INDY staking reward,12 October 2023,69275,10-01-2024 21:45,12-10-2023 23:00
12324,442,4f8dda63853c61a8aff1ab123567999f106e8a21823d5620b0637b7e,INDY staking reward,12 October 2023,18602,10-01-2024 21:45,12-10-2023 23:00
12325,442,c7866654f37612b28b85189b184227c36860cf4384f932b27e25aa22,INDY staking reward,12 October 2023,14466,10-01-2024 21:45,12-10-2023 23:00
12326,442,b8cb0424eef740810cbd41c5c91029df4ffa5b2d6378d1e5bc3507a9,INDY staking reward,12 October 2023,12084,10-01-2024 21:45,12-10-2023 23:00
12327,442,b160dbe27fc8fa4e28a26fc96ca1edc3659a3b4fa8fab7a2c9ce0307,INDY staking reward,12 October 2023,181019,10-01-2024 21:45,12-10-2023 23:00
12328,442,ff7146ab3d288749871f4cf95b6d586203facd0bbf2cedebd34470e3,INDY staking reward,12 October 2023,325945,10-01-2024 21:45,12-10-2023 23:00
12329,442,b4104eb088ce03de62e31e4b7f6b60b5c1330bb82b8514a44365689d,INDY staking reward,12 October 2023,1002466,10-01-2024 21:45,12-10-2023 23:00
12330,442,2ad8264f6a031f8455489f63699e3ae5f7ad639985604d2757bc0f53,INDY staking reward,12 October 2023,38904,10-01-2024 21:45,12-10-2023 23:00
12331,442,edf2e86a936a9a2e54952dfdf7aa2aa954d94f5255e676ef56a9af72,INDY staking reward,12 October 2023,34857,10-01-2024 21:45,12-10-2023 23:00
12332,442,514ec5e427280c6bca6a0d79dea12bc793673a7241ba8f6f982a542e,INDY staking reward,12 October 2023,294121,10-01-2024 21:45,12-10-2023 23:00
12333,442,3b7b01b415e7533f8bceb3e9e467dbca6d784c7be99fcadb68b1a9d1,INDY staking reward,12 October 2023,32859,10-01-2024 21:45,12-10-2023 23:00
12334,442,ed2d886c9096287956f5c505925a4921e587a7fb6b9216a178616076,INDY staking reward,12 October 2023,179101,10-01-2024 21:45,12-10-2023 23:00
12335,442,6db6a0cc3bc16b7a83677e4214142566720c6cceafd7fad6989f03ac,INDY staking reward,12 October 2023,40436,10-01-2024 21:45,12-10-2023 23:00
12336,442,67269b7b7c3eeba5e7fbc3101a98137e5a61b9b355bfa57ec2d3f60d,INDY staking reward,12 October 2023,38216,10-01-2024 21:45,12-10-2023 23:00
12337,442,4544b9263581e1271e9ee041825174a6f372bb38d747566d3962d68f,INDY staking reward,12 October 2023,32859,10-01-2024 21:45,12-10-2023 23:00
12338,442,55cfd0883c38d32584e3d13cf2f5632533a8eef97d5030fd3e8d792f,INDY staking reward,12 October 2023,35615,10-01-2024 21:45,12-10-2023 23:00
12339,442,4e5426811df99e191ae0bc3eca64836e561a07d1623b16f94828240b,INDY staking reward,12 October 2023,2572973,10-01-2024 21:45,12-10-2023 23:00
12340,442,0c2b90e2938f91be3308683a61658dec985b3a669f13dec03b4ee2b3,INDY staking reward,12 October 2023,46043,10-01-2024 21:45,12-10-2023 23:00
12341,442,5b1f123c483750ee10719a7d0b8a750d769f0f9a72055f3f83a64a21,INDY staking reward,12 October 2023,75256,10-01-2024 21:45,12-10-2023 23:00
12342,442,37b71ac0ef9f036e2ea10cb7b315aff8fc30dcf982325bb5daa176b0,INDY staking reward,12 October 2023,47169,10-01-2024 21:45,12-10-2023 23:00
12343,442,c514fbcde41a3a18f168e5d8939e34d7d10164721b3a2935beee48c7,INDY staking reward,12 October 2023,2976,10-01-2024 21:45,12-10-2023 23:00
12344,442,e8efeaa8e932f8ad63d3ec8f75f68926e93f66ffc1fc602e3b28bfa4,INDY staking reward,12 October 2023,138169,10-01-2024 21:45,12-10-2023 23:00
12345,442,c6d7181fd08c91f3b62c275f587a82257b47d08f0fb1291d2b12d493,INDY staking reward,12 October 2023,441786,10-01-2024 21:45,12-10-2023 23:00
12346,442,efbc8c8b09f3fb5f689227321930352daa04c28f14befce5a944f71b,INDY staking reward,12 October 2023,2976,10-01-2024 21:45,12-10-2023 23:00
12347,442,3175cfdbe10c5e9350f513d3bad5c798c9a7a441976f8d43d3c115bb,INDY staking reward,12 October 2023,11905,10-01-2024 21:45,12-10-2023 23:00
12348,442,3ec2fd4f5603e9dbfae1a236e7ec176cb93a72f1c06b3ecca13c7ce4,INDY staking reward,12 October 2023,59527,10-01-2024 21:45,12-10-2023 23:00
12349,442,2c594baf60e87ff05e7db58b18dea366b59af428653c5f0416431ed7,INDY staking reward,12 October 2023,100176,10-01-2024 21:45,12-10-2023 23:00
12350,442,6b3fb0cd29beaf739a8299bbada3d2709ab07603293b6037bf609cba,INDY staking reward,12 October 2023,33317,10-01-2024 21:45,12-10-2023 23:00
12351,442,40fbae4be910272e51bd7b692b6c174c808f9524b35c74bda3fd25b5,INDY staking reward,12 October 2023,70338,10-01-2024 21:45,12-10-2023 23:00
12352,442,fae8db736c217adf1d817d0e2e2bcb8f7a701fba40bb71e9fc9db21d,INDY staking reward,12 October 2023,121886,10-01-2024 21:45,12-10-2023 23:00
12353,442,a12d7337565e62a3d4b816f0291a3f7083a14dff1f37384fe9345453,INDY staking reward,12 October 2023,20796,10-01-2024 21:45,12-10-2023 23:00
12354,442,5d9de15a9e526c04fba22b12118560b4c7aee4f3bee35e23431b05f0,INDY staking reward,12 October 2023,54723,10-01-2024 21:45,12-10-2023 23:00
12355,442,f6bb3c8fcccf125a6da20093a7190d4eb3324d767c2383f28ad03fdf,INDY staking reward,12 October 2023,45646,10-01-2024 21:45,12-10-2023 23:00
12356,442,a94b423127f9e54573e444e9a00bc75145f9cf49b335bc90687c5062,INDY staking reward,12 October 2023,190136,10-01-2024 21:45,12-10-2023 23:00
12357,442,38ed8148feaf5f7dcb593f2483904d327044fa612522f8201058fa46,INDY staking reward,12 October 2023,8730,10-01-2024 21:45,12-10-2023 23:00
12358,442,b20cac1c6adef41f1aee6b70d974e79a3c0a3c3e968c8c5e034a52b6,INDY staking reward,12 October 2023,34525,10-01-2024 21:45,12-10-2023 23:00
12359,442,00fc89b8b156e762a77a65e09d7e217b09ba69d3afffe521c1ab0b59,INDY staking reward,12 October 2023,5570,10-01-2024 21:45,12-10-2023 23:00
12360,442,aed15a9640ddb1ce9e762e05d762f697408271d99000dacc908eaf6f,INDY staking reward,12 October 2023,32740,10-01-2024 21:45,12-10-2023 23:00
12361,442,03aa5081199a16295e8451a866b93a521747db809eacdef947175ac6,INDY staking reward,12 October 2023,22252,10-01-2024 21:45,12-10-2023 23:00
12362,442,f935c6ecfadafee1887b3e04a25bde29e1387afa31a60d4bc88caf12,INDY staking reward,12 October 2023,632403,10-01-2024 21:45,12-10-2023 23:00
12363,442,7e61985089f1607e9b2bdde0d6958029d4d5a24132e7eca703d7b9ce,INDY staking reward,12 October 2023,20949,10-01-2024 21:45,12-10-2023 23:00
12364,442,b1c7959a9967f24aa69314256335da6da477ef959d96e37c0661fdfc,INDY staking reward,12 October 2023,248148,10-01-2024 21:45,12-10-2023 23:00
12365,442,426dc9a8ffd26f37ef26cc1e2619df3223ecc9718d8d57801efc5ddc,INDY staking reward,12 October 2023,9049,10-01-2024 21:45,12-10-2023 23:00
12366,442,ce5dfbbff00889c8c806ae8fb30f76f3f408b4721e1a14e941836650,INDY staking reward,12 October 2023,236479,10-01-2024 21:45,12-10-2023 23:00
12367,442,f0abaa4c592174a00f50b49f95ff46e6d0111cfd763ddf4d4c3e98f0,INDY staking reward,12 October 2023,29883,10-01-2024 21:45,12-10-2023 23:00
12368,442,ccc25cc3789dafa8d0fd76d139cf2380bd9f2f422559672e22ce5604,INDY staking reward,12 October 2023,3842,10-01-2024 21:45,12-10-2023 23:00
12369,442,8a4c3daa12883c0f1497bc247769e75a9780ccf05e91a12ff2817052,INDY staking reward,12 October 2023,3578,10-01-2024 21:45,12-10-2023 23:00
12370,442,95c097f8de85d1ad61e7fb9dd4c9f1806532466e8ba44e5b9ecaa85a,INDY staking reward,12 October 2023,6297,10-01-2024 21:45,12-10-2023 23:00
12371,442,dd08146bef09fba8a58e8203f205717d1f81325d8d7eca83a94a86ac,INDY staking reward,12 October 2023,48280,10-01-2024 21:45,12-10-2023 23:00
12372,442,53331083f74c6abbe3c772428586a4ebc58f48f9565c2db2f89ebc53,INDY staking reward,12 October 2023,35027,10-01-2024 21:45,12-10-2023 23:00
12373,442,d07a74350a813a2daed74dfade4248bb51ff24da457a48fba9b4539b,INDY staking reward,12 October 2023,25825,10-01-2024 21:45,12-10-2023 23:00
12374,442,1434b0f9b0d42bdfe065dfbde6089def626c28128e2b25234b8409db,INDY staking reward,12 October 2023,1291,10-01-2024 21:45,12-10-2023 23:00
12375,442,776ff7ffad03a8fb51fa4ddcba7e7b195748c57697cb6206b3149636,INDY staking reward,12 October 2023,29883,10-01-2024 21:45,12-10-2023 23:00
12376,442,690b0a92962d8e5940212f11e4e414db2a6a773f06923adaa063bf7a,INDY staking reward,12 October 2023,110472,10-01-2024 21:45,12-10-2023 23:00
12377,442,27c6aa64c72dbf5a26e33299ccabaf4de75f21c77f503b099636dd6d,INDY staking reward,12 October 2023,22859,10-01-2024 21:45,12-10-2023 23:00
12378,442,c679ca09b6d1e4573f9e39f834f0058433b6555f2ec8d3afacd2e278,INDY staking reward,12 October 2023,32291,10-01-2024 21:45,12-10-2023 23:00
12379,442,fc2570c6c03402569141305d77268cb1d15304441a142d76a4ac2814,INDY staking reward,12 October 2023,6476,10-01-2024 21:45,12-10-2023 23:00
12380,442,4a495e15fd6e773f7ff7cf68f35c3b9feafa7529864048309cedbc58,INDY staking reward,12 October 2023,29513,10-01-2024 21:45,12-10-2023 23:00
12381,442,ab70a240c4ea4d1043066e8f7e046b202598751300991bac4bd97dcd,INDY staking reward,12 October 2023,2673,10-01-2024 21:45,12-10-2023 23:00
12382,442,481c685b45d23206458864c3cee0ec7258f8b28d15000fae7c9ee246,INDY staking reward,12 October 2023,9021,10-01-2024 21:45,12-10-2023 23:00
12383,442,77d4f920c89d97bafd74486a38aee4f1bf8642e6e9537dfb5fe4e3c3,INDY staking reward,12 October 2023,23444,10-01-2024 21:45,12-10-2023 23:00
12384,442,e10d088abd5b08f58a16cc3ac32eedd30a584a14537785f7c382530f,INDY staking reward,12 October 2023,330735,10-01-2024 21:45,12-10-2023 23:00
12385,442,f579246478661b78d9fb348c9474809402c7af31e9875417c59acb03,INDY staking reward,12 October 2023,15741,10-01-2024 21:45,12-10-2023 23:00
12386,442,c6b9c7835d1af81ba894b06100ab3bb9152c89baadbbd1d94f6a4591,INDY staking reward,12 October 2023,2976,10-01-2024 21:45,12-10-2023 23:00
12387,442,093b79181fc3cb4f03942f4f577edc459f90c5476275b440d606282f,INDY staking reward,12 October 2023,128997,10-01-2024 21:45,12-10-2023 23:00
12388,442,a9c13bdaf8b7b21a01469dd9784297520a1fcf16ebeccf7120ddf5f1,INDY staking reward,12 October 2023,100196,10-01-2024 21:45,12-10-2023 23:00
12389,442,b591f21b03d737f55078edc62516222774e3f330fb00fefd5fe9878f,INDY staking reward,12 October 2023,127575,10-01-2024 21:45,12-10-2023 23:00
12390,442,bd754267ca50f28e88fdc723f80e0015a605428f335ed3980b4bcb8b,INDY staking reward,12 October 2023,157891,10-01-2024 21:45,12-10-2023 23:00
12391,442,9ad5979d5a8f0e3f40b3233e7aff5a0d92a8319f3ccd02881bf898c4,INDY staking reward,12 October 2023,29883,10-01-2024 21:45,12-10-2023 23:00
12392,442,d69cd83114d4b8b00aecf4a023b0d55006923898ae4267328b8ef5e9,INDY staking reward,12 October 2023,11940,10-01-2024 21:45,12-10-2023 23:00
12393,442,7311e73e1aa9ca167e27d1116b992402ef449303f86bcb4688b6be39,INDY staking reward,12 October 2023,101813,10-01-2024 21:45,12-10-2023 23:00
12394,442,762ed87b67f99ab17ee69bb8a71e33c124af01bf29b0045d7bbd313e,INDY staking reward,12 October 2023,1465653,10-01-2024 21:45,12-10-2023 23:00
12395,442,5e890ada9aad05c92e1deeb7314a86b0e505d7e0f300a653e1ec9f71,INDY staking reward,12 October 2023,116398,10-01-2024 21:45,12-10-2023 23:00
12396,442,c34d616379d40700a79231d2b2464a52075e69ee69e28c2126f568cc,INDY staking reward,12 October 2023,163781,10-01-2024 21:45,12-10-2023 23:00
12397,442,d943a937240850969de04e8d95e1ad717e307cade8b091b21857c208,INDY staking reward,12 October 2023,0,10-01-2024 21:45,12-10-2023 23:00
12398,442,ceabd75a3b23cc400a3f7f13e9d00f168902b95910ebc86298a774b6,INDY staking reward,12 October 2023,1673181,10-01-2024 21:45,12-10-2023 23:00
12399,442,4dc5cb65b80027553882008cef8ce7356c362e083f00aede47ebc35f,INDY staking reward,12 October 2023,913678,10-01-2024 21:45,12-10-2023 23:00
12400,442,b844eda8d8b99c58609f090d3156ef91488778e92501e1154e797492,INDY staking reward,12 October 2023,27818,10-01-2024 21:45,12-10-2023 23:00
12401,442,7e591eaee28f9153a51c4fac813afce445ece801434ab9fc2eb43379,INDY staking reward,12 October 2023,102434,10-01-2024 21:45,12-10-2023 23:00
12402,442,19df790de68be8b9ddd1eba594d4f4fbe1e54dbfddb5dafb348f39a5,INDY staking reward,12 October 2023,27623,10-01-2024 21:45,12-10-2023 23:00
12403,442,539de384fd00d19831a9dee138ad807d7e13186e72ad923bf05759c6,INDY staking reward,12 October 2023,33830,10-01-2024 21:45,12-10-2023 23:00
12404,442,7ebd6a0f786076f508e47df3bc33d8dfe4ed66dcbbd6d810419bd141,INDY staking reward,12 October 2023,1136273,10-01-2024 21:45,12-10-2023 23:00
12405,442,bd2a3bc90f29b243b3034ce2db38942aac3e16c7ebe0016add056d53,INDY staking reward,12 October 2023,8140,10-01-2024 21:45,12-10-2023 23:00
12406,442,57cfed8f20cb6e0774f4c91473d60bb420c2b0199de0fa20fca4136b,INDY staking reward,12 October 2023,86682,10-01-2024 21:45,12-10-2023 23:00
12407,442,e713343e39fb16e8a6ed36c996c42bef7ec25cf9ae71c5c0af804882,INDY staking reward,12 October 2023,297630,10-01-2024 21:45,12-10-2023 23:00
12408,442,413db31f3431a36ed0a6278f9739ab6224bdfb66565ddfde63d03f42,INDY staking reward,12 October 2023,26787,10-01-2024 21:45,12-10-2023 23:00
12409,442,17d29d0c794995d71da6ea5934500e087a6a17455de61b289c09386b,INDY staking reward,12 October 2023,297633,10-01-2024 21:45,12-10-2023 23:00
12410,442,126758697b9a80428f98a0166049f2398d77a9973bf756f04bc498fb,INDY staking reward,12 October 2023,2945881,10-01-2024 21:45,12-10-2023 23:00
12411,442,49a8c09a4522487d0373030858624ce82be7fbcac1ab721481a9090d,INDY staking reward,12 October 2023,11762,10-01-2024 21:45,12-10-2023 23:00
12412,442,01bb74d6a09834970c7e1cb6883cfaecbd3982e7fcc8d24116deaa84,INDY staking reward,12 October 2023,10961,10-01-2024 21:45,12-10-2023 23:00
12413,442,53eb9c7601e433f0659a74479e98400d203af061f135354f43e0dad4,INDY staking reward,12 October 2023,315939,10-01-2024 21:45,12-10-2023 23:00
12414,442,0e204df4c7cda26727f028203dcda862c4eb504362ccb67f5df4d928,INDY staking reward,12 October 2023,5239,10-01-2024 21:45,12-10-2023 23:00
12415,442,17d3378cdb60f18ebad70aab20bf4be3fe7415602c2e07313297aa35,INDY staking reward,12 October 2023,90433,10-01-2024 21:45,12-10-2023 23:00
12416,442,b4617decd0f96ee313c76e9849ca171b4d3dfb2c375cca8af1c0bfaf,INDY staking reward,12 October 2023,0,10-01-2024 21:45,12-10-2023 23:00
12417,442,ff8e7203f15bca5e4a5daabba94cb4c7d76ec425eee4071a5299533c,INDY staking reward,12 October 2023,11071,10-01-2024 21:45,12-10-2023 23:00
12418,442,e18f3db2c698037197f44147053bad7f03abcf6fb7c4e444d894b489,INDY staking reward,12 October 2023,38694,10-01-2024 21:45,12-10-2023 23:00
12419,442,e64c5fb985a978ec2ceb74675d5700817e95484ca22a4dca6cb71826,INDY staking reward,12 October 2023,0,10-01-2024 21:45,12-10-2023 23:00
12420,442,ebf9039e63760ea946cdba8a6152b759033d8a2054494a162cf723f0,INDY staking reward,12 October 2023,268342,10-01-2024 21:45,12-10-2023 23:00
12421,442,7627202ac9e6e6f162bfe898f901a52b4db144d92e41475a1f84234f,INDY staking reward,12 October 2023,546315,10-01-2024 21:45,12-10-2023 23:00
12422,442,ab0a64f658b137b30ef606a422077d26ffa7cb161c883140ea9a1222,INDY staking reward,12 October 2023,74447,10-01-2024 21:45,12-10-2023 23:00
12423,442,d203a585d517315ef60b563878acfd72bd9ba9bd458d8c432ba53f7f,INDY staking reward,12 October 2023,251303,10-01-2024 21:45,12-10-2023 23:00
12424,442,bc246582d2006662c0862bc36d1e39339dbb7986ec0db548b5e347e8,INDY staking reward,12 October 2023,4758,10-01-2024 21:45,12-10-2023 23:00
12425,442,93c8ee55e003b8ac9b1be4260e01d9f03ef35e8cb8ad07fc04c86f80,INDY staking reward,12 October 2023,9874,10-01-2024 21:45,12-10-2023 23:00
12426,442,a4dcd01f0adb91e18238a654987856d3c155117e6df838cabb845318,INDY staking reward,12 October 2023,17565,10-01-2024 21:45,12-10-2023 23:00
12427,442,4d6efeb0df84a8f208d99f7fd95e4d012814db27cb22deef9f405e0c,INDY staking reward,12 October 2023,39127,10-01-2024 21:45,12-10-2023 23:00
12428,442,72b1e604e866f798b31d76fb363aa3e570b6514117485b2f5c897753,INDY staking reward,12 October 2023,54519,10-01-2024 21:45,12-10-2023 23:00
12429,442,30c73cd07f11bce95833b7b41effcc3e4ebf654c1e21ff5aac884ba7,INDY staking reward,12 October 2023,544076,10-01-2024 21:45,12-10-2023 23:00
12430,442,a8c0e3a0e344b7d6af893dd132abbb4291e0b44a7df7e19241826962,INDY staking reward,12 October 2023,196438,10-01-2024 21:45,12-10-2023 23:00
12431,442,15f8cfb4da9cb42c4d6e84279d1b38591c14757ffdc34c84d1bcf18d,INDY staking reward,12 October 2023,61407,10-01-2024 21:45,12-10-2023 23:00
12432,442,6f4929b4cc2fd65c274d58dd1d08ddad02a9cc2e8f42e836f6f57d44,INDY staking reward,12 October 2023,3389,10-01-2024 21:45,12-10-2023 23:00
12433,442,0d580f3223d52e34f6342b131f7c2e52b37bac2addd6cc9ac8934035,INDY staking reward,12 October 2023,86047,10-01-2024 21:45,12-10-2023 23:00
12434,442,6731e10f92fa1ba2f0a64e16cb60507805441007b5eba145179dde81,INDY staking reward,12 October 2023,1669156,10-01-2024 21:45,12-10-2023 23:00
12435,442,c515fb860eba600b95a027d140bb30c586df7ce45783c2956c31f0b6,INDY staking reward,12 October 2023,29851,10-01-2024 21:45,12-10-2023 23:00
12436,442,1f6bcfb63ce737900a489270a4960a49f698bf29834efedb540f9a7f,INDY staking reward,12 October 2023,119053,10-01-2024 21:45,12-10-2023 23:00
12437,442,4923ebbaaeadb0c4ec17f0003acb1969373044c4126658425b4852fa,INDY staking reward,12 October 2023,359163,10-01-2024 21:45,12-10-2023 23:00
12438,442,a9a906bfc0cd2de4756fa12612d3e0e5b179e534e9cb88cc5743ffb9,INDY staking reward,12 October 2023,92387,10-01-2024 21:45,12-10-2023 23:00
12439,442,23b41dab65f698716d09448d4c399e10d2f66ba2fb6433671643c280,INDY staking reward,12 October 2023,494901,10-01-2024 21:45,12-10-2023 23:00
12440,442,7a71ca06817de1cfab38b8a2d5ec01455df4d7e8be3c3cbe0b88010e,INDY staking reward,12 October 2023,595,10-01-2024 21:45,12-10-2023 23:00
12441,442,9757a7bb7ea19885aa7ee7b79fdb8a0fbedf1af89586415cf9a5acdb,INDY staking reward,12 October 2023,382581,10-01-2024 21:45,12-10-2023 23:00
12442,442,1c908326fe03e1e243e1861c6f31168e549cae26a6ff9cd701c66b0f,INDY staking reward,12 October 2023,154422,10-01-2024 21:45,12-10-2023 23:00
12443,442,1f2eb7a2f09f9f6f8e128c9049514871e77d46500c3b7c50a5fcf330,INDY staking reward,12 October 2023,138386,10-01-2024 21:45,12-10-2023 23:00
12444,442,e48944300bfd7f08a14ec4aa51b0002095876e5b4c49148210f97e90,INDY staking reward,12 October 2023,269776,10-01-2024 21:45,12-10-2023 23:00
12445,442,17e6192c507aa42939888c9354ab8ad76b387cdd923668c0999a198b,INDY staking reward,12 October 2023,29883,10-01-2024 21:45,12-10-2023 23:00
12446,442,4e3f32529b38dc2fec4f2e582ead19b227edac321f79b7f4fb26a362,INDY staking reward,12 October 2023,916,10-01-2024 21:45,12-10-2023 23:00
12447,442,eb4632e83ff3219e6198dfda1fda37ffe0006dc4673dca0adebed6f0,INDY staking reward,12 October 2023,34236,10-01-2024 21:45,12-10-2023 23:00
12448,442,71381551d7aede62f3e172b6f0f1bb0efd2e671c828148afa66af383,INDY staking reward,12 October 2023,119349,10-01-2024 21:45,12-10-2023 23:00
12449,442,004bf5f83e7a21b3955d26b5d1c5b0384fdb1b04c4f86ab83bd380e0,INDY staking reward,12 October 2023,41556,10-01-2024 21:45,12-10-2023 23:00
12450,442,f357aeab5d6038af73b7ce783bf505ecb9ff382a18e2b211b18a513a,INDY staking reward,12 October 2023,311,10-01-2024 21:45,12-10-2023 23:00
12451,442,99b51ac9f0fc8bfb6baf64cb0beae812672f2b1f65406ec1ff7222ee,INDY staking reward,12 October 2023,80265,10-01-2024 21:45,12-10-2023 23:00
12452,442,61e4327e7497a9698c5e89691264e91ad955ca7b2559b6f455d94acc,INDY staking reward,12 October 2023,448029,10-01-2024 21:45,12-10-2023 23:00
12453,442,81b9a0a03bc7fdf55630aa5fccd232cb4ca6f971a11bb174d307852a,INDY staking reward,12 October 2023,105502,10-01-2024 21:45,12-10-2023 23:00
12454,442,fa0bd6065f19b778029487ba975053e9d4a449d3016ca75c118fbaec,INDY staking reward,12 October 2023,298141,10-01-2024 21:45,12-10-2023 23:00
12455,442,4484d456440c1956679e21e1d66e924d649c00666227046c3f1c96f7,INDY staking reward,12 October 2023,47607,10-01-2024 21:45,12-10-2023 23:00
12456,442,9e790ef56af410d8b5ae0e9dbe982ae69c6cc194cc8bb730f040edcd,INDY staking reward,12 October 2023,766519,10-01-2024 21:45,12-10-2023 23:00
12457,442,50d6ae116ba29b1a6b1f0de2e4ca6cd7468e42718117e5c60b39e845,INDY staking reward,12 October 2023,1961127,10-01-2024 21:45,12-10-2023 23:00
12458,442,50b984ca982d833e08f2bd2124164aef4193d86503cb484ecbeb1abc,INDY staking reward,12 October 2023,15213,10-01-2024 21:45,12-10-2023 23:00
12459,442,84498327d1af060a24cd49af6bcc3411f02adc24f19ce6046adcc67e,INDY staking reward,12 October 2023,2721,10-01-2024 21:45,12-10-2023 23:00
12460,442,f9da3be64e8bd17bd0875ecac3156b7258a8748d6233b53f92bf504e,INDY staking reward,12 October 2023,345254,10-01-2024 21:45,12-10-2023 23:00
12461,442,f7b1e851725cfa1f1f24f6b0efb5c29ca06119a33c64f8b6324f27db,INDY staking reward,12 October 2023,21669,10-01-2024 21:45,12-10-2023 23:00
12462,442,cd8fae5d7eb4e42729b19a76d0796a7a3c76cedca3e5e3593055cfc3,INDY staking reward,12 October 2023,29763,10-01-2024 21:45,12-10-2023 23:00
12463,442,31cc994137b7a7e50146010ffc9dab9caf50973961ac098c161b70cb,INDY staking reward,12 October 2023,0,10-01-2024 21:45,12-10-2023 23:00
12464,442,93ba1302388e2c6bf76ccb5b851667b22e0d19acf1d336987460e8e1,INDY staking reward,12 October 2023,12039,10-01-2024 21:45,12-10-2023 23:00
12465,442,ba9cb398668b61288c46b1d8df9290d077e0c3bffec3fde7179e6076,INDY staking reward,12 October 2023,30009,10-01-2024 21:45,12-10-2023 23:00
12466,442,96ffd21941e1c71772b97f5682c7bd2bc30640c68fc1d32c0c70b8d9,INDY staking reward,12 October 2023,196050,10-01-2024 21:45,12-10-2023 23:00
12467,442,78f90617423f07905f4ef7437a2f42f9e9d93f1c42c4c02862968533,INDY staking reward,12 October 2023,36413,10-01-2024 21:45,12-10-2023 23:00
12468,442,efdea48b2d455838b64f1bdbf0106eef7cd67041ce4aa429d812183e,INDY staking reward,12 October 2023,106470,10-01-2024 21:45,12-10-2023 23:00
12469,442,f9d116952dfa235a6a410052f26344aa0d6295754b0e7157d17e8609,INDY staking reward,12 October 2023,1785799,10-01-2024 21:45,12-10-2023 23:00
12470,442,d54f036063da458b648a2d9460606a33d4819f134bbd4a0799158213,INDY staking reward,12 October 2023,6547931,10-01-2024 21:45,12-10-2023 23:00
12471,442,14fc008ac6352f57f44c154289831c2989dca8f7ec1dc45eb19c5b72,INDY staking reward,12 October 2023,22013,10-01-2024 21:45,12-10-2023 23:00
12472,442,bbd1fd53f0735c26be59ed536a4ab5963774b2df5b48a4edc8a6c8a6,INDY staking reward,12 October 2023,1137495,10-01-2024 21:45,12-10-2023 23:00
12473,442,31735ce88157a4b959f5e404f69aa0a7ff6b9bd0cc3f28d39943e3d7,INDY staking reward,12 October 2023,11905,10-01-2024 21:45,12-10-2023 23:00
12474,442,f6c3024078827aea63f19626fcb44448669d44334cfde11c74e5b004,INDY staking reward,12 October 2023,30790,10-01-2024 21:45,12-10-2023 23:00
12475,442,ac85c00a2736b75b05a7346072328b218c6e64f1b1f3d24647f57cb2,INDY staking reward,12 October 2023,436415,10-01-2024 21:45,12-10-2023 23:00
12476,442,7cd8f3d5d95127141e5843ab2818de72f85efb9e7b8a1cf847e794c4,INDY staking reward,12 October 2023,81208,10-01-2024 21:45,12-10-2023 23:00
12477,442,040e6d2fb75dc0c71e36e09d818b52a4b431ce2c18e1d4696881ee76,INDY staking reward,12 October 2023,726300,10-01-2024 21:45,12-10-2023 23:00
12478,442,91192d94f1b2b8c12e06e82cbc23b308048469a54945e61d81af6600,INDY staking reward,12 October 2023,29883,10-01-2024 21:45,12-10-2023 23:00
12479,442,c2dd9c4e0f815eb457be7339d06847a2529b8e21d987b4c6e6b06564,INDY staking reward,12 October 2023,1065166,10-01-2024 21:45,12-10-2023 23:00
12480,442,91f9f7e343c7723aa38c3b97effc16cc828077a7670b8f2735d3d589,INDY staking reward,12 October 2023,8929,10-01-2024 21:45,12-10-2023 23:00
12481,442,efc895b6092643fc908c83d2417b2af63ad38ad520589c8b541a7a60,INDY staking reward,12 October 2023,440937,10-01-2024 21:45,12-10-2023 23:00
12482,442,13629a8623bee1840177cdf766cce6b987506d3aa5e861cc8672b991,INDY staking reward,12 October 2023,595625,10-01-2024 21:45,12-10-2023 23:00
12483,442,a7b9ee64702f425ec79d48bec8dc50489e4996c684b3624233bf6e3b,INDY staking reward,12 October 2023,180453,10-01-2024 21:45,12-10-2023 23:00
12484,442,37f241ee52a5a2b20f4e0b8a5c5597e2a6fb0b07194bd16fd95ce00b,INDY staking reward,12 October 2023,32859,10-01-2024 21:45,12-10-2023 23:00
12485,442,315da5b171400a2b8d131c70ea53f27b1977bb1fcec1537d70649dac,INDY staking reward,12 October 2023,29763,10-01-2024 21:45,12-10-2023 23:00
12486,442,35b5123df5bdeca9a3899f0b9d6581d29ef0b8f1f177a9809a4f5203,INDY staking reward,12 October 2023,114412,10-01-2024 21:45,12-10-2023 23:00
12487,442,2f3b3bade5293f8248431e0adf6400fd78b35217545d8bbf77775f64,INDY staking reward,12 October 2023,89290,10-01-2024 21:45,12-10-2023 23:00
12488,442,202a05658b2d4f335ac72de9060a6c71c91ccff518723d7fd614899c,INDY staking reward,12 October 2023,12388,10-01-2024 21:45,12-10-2023 23:00
12489,442,f762716d7ce751b085724181cd9060e2d8ddf99829fad4ebc02333d4,INDY staking reward,12 October 2023,29763,10-01-2024 21:45,12-10-2023 23:00
12490,442,244ef5c19b4209da7df61d1f9a41ca599cf12610aed0f9457dbc7353,INDY staking reward,12 October 2023,142269,10-01-2024 21:45,12-10-2023 23:00
12491,442,6cfe83b6cb535525f2403c53db3036ca11e0de496365a762f2ae261b,INDY staking reward,12 October 2023,35523,10-01-2024 21:45,12-10-2023 23:00
12492,442,efcb2425f76f290298cc7e5df4ec566b0f3ad70793a04fc25b8076de,INDY staking reward,12 October 2023,309539,10-01-2024 21:45,12-10-2023 23:00
12493,442,6a24d71337297e197a1427892b2c50f5474749fe1b7e73ade6465ab2,INDY staking reward,12 October 2023,130268,10-01-2024 21:45,12-10-2023 23:00
12494,442,db70834069b7ea13f3701408f7f7e5d32993bd9fff990c3c52b3844c,INDY staking reward,12 October 2023,40438,10-01-2024 21:45,12-10-2023 23:00
12495,442,795ef9299b2ff6d373db76dc670ebe6acb5f5f3ca51f75b4373e14d3,INDY staking reward,12 October 2023,41669,10-01-2024 21:45,12-10-2023 23:00
12496,442,435ac6984516a80bf6a9e7d16ba8431add7b4f44083131ab8dce0097,INDY staking reward,12 October 2023,157803,10-01-2024 21:45,12-10-2023 23:00
12497,442,5d24d27c095555582ad27332702d80e9ae948700bb497a30e0c5d341,INDY staking reward,12 October 2023,32312,10-01-2024 21:45,12-10-2023 23:00
12498,442,3e608b808ac2b73e56d957e5fd8cf54a8e3aba6cd767ea493d43c857,INDY staking reward,12 October 2023,103724,10-01-2024 21:45,12-10-2023 23:00
12499,442,ed5b9e25a52b5f3857b648881cfc2664349c25713f7efcb56c6cf499,INDY staking reward,12 October 2023,29883,10-01-2024 21:45,12-10-2023 23:00
12500,442,5ef96821561c7d593b3d866c5369ef7767732e7ebba1599da5ab9433,INDY staking reward,12 October 2023,2923248,10-01-2024 21:45,12-10-2023 23:00
12501,442,08539981f38d05e27a930283d06523e278cab768ea7608af8d0115d4,INDY staking reward,12 October 2023,55077,10-01-2024 21:45,12-10-2023 23:00
12502,442,e794c8df47584e1931c1fbbc03c4375a5d895d675c337668088fcc78,INDY staking reward,12 October 2023,67196,10-01-2024 21:45,12-10-2023 23:00
12503,442,e9a40ddf87b256fb83249091f274bf94b94f0abadc1004e5ac90c47c,INDY staking reward,12 October 2023,155654,10-01-2024 21:45,12-10-2023 23:00
12504,442,6bdf4e6548d770125f81c51ebc92b583787973ead359912e3ccd8e66,INDY staking reward,12 October 2023,159375,10-01-2024 21:45,12-10-2023 23:00
12505,442,82f56b6d58948ae4c51d11309854f8194df727289b855e300d6abfa4,INDY staking reward,12 October 2023,168030,10-01-2024 21:45,12-10-2023 23:00
12506,442,3d393eb47258fc41fe17e94111a5b486d686a302125bc8bc73acb8ac,INDY staking reward,12 October 2023,1556609,10-01-2024 21:45,12-10-2023 23:00
12507,442,414f01861ffa02e499f7570051c6d27c590b47150a3db1110f7bd8fd,INDY staking reward,12 October 2023,32740,10-01-2024 21:45,12-10-2023 23:00
12508,442,df3f275fbe66d59009dcf0ce7c0b45a3a39f9a756a8dfda75e5dfc6a,INDY staking reward,12 October 2023,39258,10-01-2024 21:45,12-10-2023 23:00
12509,442,c8187c41eb40257b5ab91dbaebc86b17c94a60baaad8d601b8d68a67,INDY staking reward,12 October 2023,198384,10-01-2024 21:45,12-10-2023 23:00
12510,442,82356f5dd9c1d197555f8efeece254a8db19ef9857f7f1fe0d168fc3,INDY staking reward,12 October 2023,51725,10-01-2024 21:45,12-10-2023 23:00
12511,442,927355a6418e7c445b06368028e2dd924dbec0654147cd2bf7b90ad7,INDY staking reward,12 October 2023,251409,10-01-2024 21:45,12-10-2023 23:00
12512,442,ca79ad389e53d6d78f64b08613237df256252d328a6adf8cd3fddaad,INDY staking reward,12 October 2023,64601,10-01-2024 21:45,12-10-2023 23:00
12513,442,7d5258011fecab08aae5aebab8b28abbe2d0667777ba836007a62f80,INDY staking reward,12 October 2023,54764,10-01-2024 21:45,12-10-2023 23:00
12514,442,86682b7fcdec857a1c96a4f0dc259ace4978ef56ccb624c405e9eccb,INDY staking reward,12 October 2023,5132746,10-01-2024 21:45,12-10-2023 23:00
12515,442,09aa587c738068b19970a7eb0f538a8dcf86b6669570349253b0dfb8,INDY staking reward,12 October 2023,62830,10-01-2024 21:45,12-10-2023 23:00
12516,442,b0db1ae75089a9366ae915f54f3027ab73974d711536134973ce1ee4,INDY staking reward,12 October 2023,59766,10-01-2024 21:45,12-10-2023 23:00
12517,442,28bbd819d100bce6cdedd2005ca0a9d23409b52d2b6b2b3699054c90,INDY staking reward,12 October 2023,2976,10-01-2024 21:45,12-10-2023 23:00
12518,442,02847e2d52b2bb68326a4d8c20cf22758d8d66a8098b464fb05e388e,INDY staking reward,12 October 2023,13364,10-01-2024 21:45,12-10-2023 23:00
12519,442,5a22bd8e0ed1bb988e124cca869af71ce22e87aadb485e21c9ca54ca,INDY staking reward,12 October 2023,27286,10-01-2024 21:45,12-10-2023 23:00
12520,442,0d2b34064be0aaf3abd2d4b24229c7a4611c8b1255c6dae72abfa363,INDY staking reward,12 October 2023,522596,10-01-2024 21:45,12-10-2023 23:00
12521,442,59b77e5e82cf7f6859b584f6ead3869d6081dd5af0e58c9afeb611af,INDY staking reward,12 October 2023,29883,10-01-2024 21:45,12-10-2023 23:00
12522,442,7787d488a0ce2e9ccddcf197d31911340a00d6d3a1a8ec621930331d,INDY staking reward,12 October 2023,15603,10-01-2024 21:45,12-10-2023 23:00
12523,442,826d2683285bc4a4de68fc10eb78f2631371f48a5d4c0af654badda0,INDY staking reward,12 October 2023,72004,10-01-2024 21:45,12-10-2023 23:00
12524,442,eb5e9486fdcc9a528aa8e458022bfe74ed6eea0eb5c66d5bcc0fb8e4,INDY staking reward,12 October 2023,73546,10-01-2024 21:45,12-10-2023 23:00
12525,442,528322993c2dcfc6256101f35cd17ef0a2893c840ca2c84d153cb61b,INDY staking reward,12 October 2023,16651,10-01-2024 21:45,12-10-2023 23:00
12526,442,625ed38642d1e61aa313a59747b74a802b6da3037f57e81ad5ad0567,INDY staking reward,12 October 2023,11905,10-01-2024 21:45,12-10-2023 23:00
12527,442,b64f520cec8711c0b2be4cded8511e9f776127ebcf95a6039ec22325,INDY staking reward,12 October 2023,119456,10-01-2024 21:45,12-10-2023 23:00
12528,442,1a6bd66047466d65c4a336460ed902a8aef0801554a8bc831a49ea18,INDY staking reward,12 October 2023,590,10-01-2024 21:45,12-10-2023 23:00
12529,442,7de337d83081a32aebfcd1e0d193a2bc16a27bd6b79d4cae868e10ef,INDY staking reward,12 October 2023,72027,10-01-2024 21:45,12-10-2023 23:00
12530,442,065cc54ed257b60d4c226a1cc05b8aab01a508cb8bb2a462706fe743,INDY staking reward,12 October 2023,38748,10-01-2024 21:45,12-10-2023 23:00
12531,442,8c738aba609903d995a789c5cde7e59510858da191c3fca173d8ecc8,INDY staking reward,12 October 2023,41980,10-01-2024 21:45,12-10-2023 23:00
12532,442,7f1aef8affb8d4f7079ede6fa56ca2a43054aa8080b35b16e7cf1ad6,INDY staking reward,12 October 2023,32859,10-01-2024 21:45,12-10-2023 23:00
12533,442,0392279ce70fc3bc7d60fa0437da097cc264ada08fd59acdba593965,INDY staking reward,12 October 2023,16208,10-01-2024 21:45,12-10-2023 23:00
12534,442,71d830eebfafe28e079cfde0d05ab7594a3ba1a9910a15c5667ed60b,INDY staking reward,12 October 2023,29883,10-01-2024 21:45,12-10-2023 23:00
12535,442,e2db0579454041b6d16ddc4745cf7f3ad3e0535ee838258f7af685f3,INDY staking reward,12 October 2023,119458,10-01-2024 21:45,12-10-2023 23:00
12536,442,b36db24351d85ac05fecee1e3e0afd76422db67b1a8cab61b2f57f81,INDY staking reward,12 October 2023,915858,10-01-2024 21:45,12-10-2023 23:00
12537,442,68c422b24b256d0fe88baf824bf11188b7dde53bc3212e39b57fbe79,INDY staking reward,12 October 2023,92030,10-01-2024 21:45,12-10-2023 23:00
12538,442,4dd18695690a1f64b2b407ba2628583fd4a181c39460ef398cb042d6,INDY staking reward,12 October 2023,85358,10-01-2024 21:45,12-10-2023 23:00
12539,442,5ff4931f0967daf1b3bd2ab94e2b7eeca1ef3933e2be7f2d727b2580,INDY staking reward,12 October 2023,20474,10-01-2024 21:45,12-10-2023 23:00
12540,442,803aa8053a78aaea3d2fe1c3591703fa63e0617e2153551fd6742ddb,INDY staking reward,12 October 2023,15486,10-01-2024 21:45,12-10-2023 23:00
12541,442,9eee0e143dba17142d83d7e0626057505b31dfebe837fda88a6c8d3c,INDY staking reward,12 October 2023,113101,10-01-2024 21:45,12-10-2023 23:00
12542,442,e461c38d3029604ac714626c504532d903a9e35dd0954c5193e65b3d,INDY staking reward,12 October 2023,128526,10-01-2024 21:45,12-10-2023 23:00
12543,442,9a48d764ff4b8117da0b37be0f132e319dbb672f9f30a4f136cfe89f,INDY staking reward,12 October 2023,3046,10-01-2024 21:45,12-10-2023 23:00
12544,442,127d26a73f634ffb7d4e6520feddd1f5abc62b4bfb9c5b513a0faf23,INDY staking reward,12 October 2023,1191,10-01-2024 21:45,12-10-2023 23:00
12545,442,efe6a1bd03d8dd1a5a22927c2d862e27d6d0dd04bb4ed396d8887056,INDY staking reward,12 October 2023,1191,10-01-2024 21:45,12-10-2023 23:00
12546,442,d0a287080a5f1e8c7895310d78734a8b9937f46073b058b098bd4ea4,INDY staking reward,12 October 2023,4167,10-01-2024 21:45,12-10-2023 23:00
12547,442,9e643254f8245ece4648fcdc4a354ea13e344c11271af8c658253032,INDY staking reward,12 October 2023,1191,10-01-2024 21:45,12-10-2023 23:00
12548,442,5f8f6ba508ff9881b3c738c4a7c20e0847d02b71d18de8ac1cb80514,INDY staking reward,12 October 2023,1191,10-01-2024 21:45,12-10-2023 23:00
12549,442,5ebf7013444e2e68de82850cdfb3666ca4736e73ddd9086d6466effc,INDY staking reward,12 October 2023,1191,10-01-2024 21:45,12-10-2023 23:00
12550,442,9e1c246216b925a3525c8a22acca10e4f20a8bb72eadd794842941d0,INDY staking reward,12 October 2023,1191,10-01-2024 21:45,12-10-2023 23:00
12551,442,2abf3c6529aed8e823daf0009e245991f07312b2c3abfa896ae0d621,INDY staking reward,12 October 2023,1191,10-01-2024 21:45,12-10-2023 23:00
12552,442,28c0ed86703825c350733056b1b81ddcd366438987fe0c61c8035072,INDY staking reward,12 October 2023,1191,10-01-2024 21:45,12-10-2023 23:00
12553,442,678fae4bee5bdda22f370202817629b6bf0de651ca0b02d4ad3c370a,INDY staking reward,12 October 2023,50803,10-01-2024 21:45,12-10-2023 23:00
12554,442,6967ac99067fa8918be3effe80acb02d0112916b196c3472bf1ae8d3,INDY staking reward,12 October 2023,1191,10-01-2024 21:45,12-10-2023 23:00
12555,442,8e2e68198ad244bf93f8aa743640ef5a97a3e7ec9c2d8bc6faa61123,INDY staking reward,12 October 2023,1191,10-01-2024 21:45,12-10-2023 23:00
12556,442,ee51a274cfee8d4af313168a0d4e56b2e077b695121f9fdcea7ef2fe,INDY staking reward,12 October 2023,50005,10-01-2024 21:45,12-10-2023 23:00
12557,442,4317b2ad43c9462bd359d9d7cd7ff9c09d753755c061ad5ee15e0165,INDY staking reward,12 October 2023,1191,10-01-2024 21:45,12-10-2023 23:00
12558,442,dcd377746b5124b7dc67168f12221da018ddf15b9fbee68ee0735c8a,INDY staking reward,12 October 2023,1191,10-01-2024 21:45,12-10-2023 23:00
12559,442,ca80c29f0fab9e47157113fdbf0e5adad90f606ac3c2c0472da31fcc,INDY staking reward,12 October 2023,1191,10-01-2024 21:45,12-10-2023 23:00
12560,442,e56d333d5f95252d68f7c7bb93abb5597fdb6e7853fd3b391a2896fe,INDY staking reward,12 October 2023,126956,10-01-2024 21:45,12-10-2023 23:00
12561,442,c77f571656d51f09f302b1916071bed21d55dfacbbe2fdbb818b0d4a,INDY staking reward,12 October 2023,1191,10-01-2024 21:45,12-10-2023 23:00
12562,442,7a2009799e43e9044fd476ff1f88fbea64babef7a7bc20c6b21c7939,INDY staking reward,12 October 2023,1191,10-01-2024 21:45,12-10-2023 23:00
12563,442,84004c5f32b4d374910d336498d403676dc192f86584ae1d9eb1db4a,INDY staking reward,12 October 2023,1191,10-01-2024 21:45,12-10-2023 23:00
12564,442,ecf6df3e564fb3214117ff1ba3fb4532e6d1f2fb80c0015027b291b8,INDY staking reward,12 October 2023,794,10-01-2024 21:45,12-10-2023 23:00
12565,442,5d836fc0b9042bafc309fe81cad9902a3e5256acea324b4128b4bbe6,INDY staking reward,12 October 2023,1191,10-01-2024 21:45,12-10-2023 23:00
12566,442,5465bf73f1a67d5b67ecd4d29515ef9c7e2a31130b3bb036e50b0984,INDY staking reward,12 October 2023,1191,10-01-2024 21:45,12-10-2023 23:00
12567,442,b6bf086a8a6a6d186b56ab1258c14da5591669030313fccc6ea2220c,INDY staking reward,12 October 2023,29763,10-01-2024 21:45,12-10-2023 23:00
12568,442,44695b930c7d23346cf113e38f5e5cf7050ada748945ab88aedf6a41,INDY staking reward,12 October 2023,1191,10-01-2024 21:45,12-10-2023 23:00
12569,442,6dec27776ce93a10c660a8f00949cc41f85e42eae80b7dd6ee5d8f2e,INDY staking reward,12 October 2023,11085,10-01-2024 21:45,12-10-2023 23:00
12570,442,a17922b91780b5a55f6100dc3a6b03050a69196bf0a1f8d04125705e,INDY staking reward,12 October 2023,364492,10-01-2024 21:45,12-10-2023 23:00
12571,442,56270f8bf55701d31d45a3db4a13d99ef7848fc936616777f4257dcb,INDY staking reward,12 October 2023,119379,10-01-2024 21:45,12-10-2023 23:00
12572,442,9b7a2c9c23228fbb138fcaf45db9deb395114a33c8fa11a758eeac0c,INDY staking reward,12 October 2023,1484,10-01-2024 21:45,12-10-2023 23:00
12573,442,a1e4678a007b4cbfc9aa6e7f9a37a15c2edb29f18ee1727b2a161bb8,INDY staking reward,12 October 2023,138039,10-01-2024 21:45,12-10-2023 23:00
12574,442,7ab8e4ec73bea44444ab75955f8647e8f9aafc95685d8074ebdb9941,INDY staking reward,12 October 2023,6618226,10-01-2024 21:45,12-10-2023 23:00
12575,442,737788c3171d418069bac63ff8cf1e7530fe8511982520cfbe676630,INDY staking reward,12 October 2023,219,10-01-2024 21:45,12-10-2023 23:00
12576,442,1ef226cc8ac685eee6d91858b77b90bb301e33248e4235e46a81341e,INDY staking reward,12 October 2023,617244,10-01-2024 21:45,12-10-2023 23:00
12577,442,ce736383a9b512a93405b76edf6c6dacdcbe28d75891ac1de0aa339e,INDY staking reward,12 October 2023,262419,10-01-2024 21:45,12-10-2023 23:00
12578,442,d9276de67208990e83fb2921bc61b9276a64a1cfed5225e3edf3e8d0,INDY staking reward,12 October 2023,9251,10-01-2024 21:45,12-10-2023 23:00
12579,442,9f90651384538d7c3b90efdf54e9b2ffb8ddf040b1f88d18ee840881,INDY staking reward,12 October 2023,294518,10-01-2024 21:45,12-10-2023 23:00
12580,442,80e6c7de0d6efe91cf577b5502f0f7f9fcb5225d49fab2d74cf0cdc7,INDY staking reward,12 October 2023,6946,10-01-2024 21:45,12-10-2023 23:00
12581,442,1479ef999a9aa201ce63b113bafb4167e6ec1d762b733baa62090244,INDY staking reward,12 October 2023,101514,10-01-2024 21:45,12-10-2023 23:00
12582,442,1076bdbb3277f8914ae2bf3cd5f7a8b228dadc77eb2cc3f228371ca8,INDY staking reward,12 October 2023,2028093,10-01-2024 21:45,12-10-2023 23:00
12583,442,24c0af03702aca77635142b03003971246b68cd205c38c495b4b39de,INDY staking reward,12 October 2023,186060,10-01-2024 21:45,12-10-2023 23:00
12584,442,3440301225c582d0a5a6a0a5beec84e9589d670ed742b1cf94d7200c,INDY staking reward,12 October 2023,396796,10-01-2024 21:45,12-10-2023 23:00
12585,442,a2d70cfaa0036c4e8ff9d67d82c708bedb8555d2d26d27953aa72b89,INDY staking reward,12 October 2023,218907,10-01-2024 21:45,12-10-2023 23:00
12586,442,425432cbd6145e63f57c6bad51c84a21b6f502f8f4c7e88694c406ca,INDY staking reward,12 October 2023,595,10-01-2024 21:45,12-10-2023 23:00
12587,442,08918c42b18ddf44a0916525988f5b94ee9520a3010ece764b39399b,INDY staking reward,12 October 2023,148770,10-01-2024 21:45,12-10-2023 23:00
12588,442,64b03c94c08691790077f8f113c8f4f5732f44bb689d5a16472a75d2,INDY staking reward,12 October 2023,586603,10-01-2024 21:45,12-10-2023 23:00
12589,442,97e4d04ae43b647e81b6329013697a1417c167be759ae49780568c76,INDY staking reward,12 October 2023,74447,10-01-2024 21:45,12-10-2023 23:00
12590,442,b823d0d448a407860ad0aa3e617622e83c79a6bb50974163b2528203,INDY staking reward,12 October 2023,0,10-01-2024 21:45,12-10-2023 23:00
12591,442,df5c18570b454f7e585d263595f22b72dbd2a3c3651fda8525c38dc8,INDY staking reward,12 October 2023,182218,10-01-2024 21:45,12-10-2023 23:00
12592,442,5a74665e94d4fdcbbc2eb25cb79e0dd7b456c053d6902533daf3cd33,INDY staking reward,12 October 2023,602517,10-01-2024 21:45,12-10-2023 23:00
12593,442,043d8e9713cc891c44063b5ed31d9ad553a4cc5b6e6bd688688f4446,INDY staking reward,12 October 2023,41996,10-01-2024 21:45,12-10-2023 23:00
12594,442,d66e1d8b511f3b4be9dfbb5e1003f75f11c66816975096047969b528,INDY staking reward,12 October 2023,24484,10-01-2024 21:45,12-10-2023 23:00
12595,442,13b074156634e2289f02e34616d97b9aad91069a43173660645f4f04,INDY staking reward,12 October 2023,110217,10-01-2024 21:45,12-10-2023 23:00
12596,442,af9690bc77aae193799caff8fd16cefc4faad635dc5b4628e6b78aea,INDY staking reward,12 October 2023,749069,10-01-2024 21:45,12-10-2023 23:00
12597,442,ad4777b70337d0ced4b52aaa6bacb63de8b472344b8f00f330bd09a1,INDY staking reward,12 October 2023,493415,10-01-2024 21:45,12-10-2023 23:00
12598,442,d7346fcd395de69e62f4a2bafbc32af393ceecb3287b0ff4442ff36e,INDY staking reward,12 October 2023,529,10-01-2024 21:45,12-10-2023 23:00
12599,442,516cd880324ddd13b61bf0a6ff57fe3cb33e72a321fb06ddb6197d9a,INDY staking reward,12 October 2023,13752,10-01-2024 21:45,12-10-2023 23:00
12600,442,4cee593c13ba695c56586d315642f8b954320776b60e6f476123ee9e,INDY staking reward,12 October 2023,20019,10-01-2024 21:45,12-10-2023 23:00
12601,442,a33c563393379855e9b6f66e6830ceac659fac8982b06d4128b21722,INDY staking reward,12 October 2023,31273,10-01-2024 21:45,12-10-2023 23:00
12602,442,63d62b85ce675ee25e9e0da4c846d9843afc136a494b52ccdc2e48e2,INDY staking reward,12 October 2023,3067999,10-01-2024 21:45,12-10-2023 23:00
12603,442,67fffa13350cb5f69efd949568ab2ebf8348f0dabc892dfa86c09360,INDY staking reward,12 October 2023,60672,10-01-2024 21:45,12-10-2023 23:00
12604,442,8f297964f2aba12677120f3774360570f3523237e337b82117fa389c,INDY staking reward,12 October 2023,116378,10-01-2024 21:45,12-10-2023 23:00
12605,442,f1941806e0e53db29741bc66806a13254d63742762ebea9c583b530e,INDY staking reward,12 October 2023,7033041,10-01-2024 21:45,12-10-2023 23:00
12606,442,7f419a2d5cba33daf4b8eb54ca17042d4ba897a8cc3a5049bffc8501,INDY staking reward,12 October 2023,223673,10-01-2024 21:45,12-10-2023 23:00
12607,442,a0ffd156054ecb13d0f10dc4df8234d966e8ddac81e4708f2ed0eafc,INDY staking reward,12 October 2023,2709927,10-01-2024 21:45,12-10-2023 23:00
12608,442,d1b4a2e733c66382f3c60bf7a43803b57e44c07d5efe87bf8c4185ee,INDY staking reward,12 October 2023,13455,10-01-2024 21:45,12-10-2023 23:00
12609,442,02f3ea06fa67b21083427f0a49c061ca2cd4db2b86957973d71aa7ec,INDY staking reward,12 October 2023,2108718,10-01-2024 21:45,12-10-2023 23:00
12610,442,6d705904df855aaa03836cb1566a7ccd2978cbc1d2550f33b5fbc262,INDY staking reward,12 October 2023,214486,10-01-2024 21:45,12-10-2023 23:00
12611,442,1215c650198e8fe85528c3640a864a2b9202f1fdbc5a63e3c7663db5,INDY staking reward,12 October 2023,67920,10-01-2024 21:45,12-10-2023 23:00
12612,442,ff3cbe6f6c7b62690434bd2a5d162c0211c18e5586ecd181cad5f82f,INDY staking reward,12 October 2023,140455,10-01-2024 21:45,12-10-2023 23:00
12613,442,c9e01dc055bd66469fa16356f9912c27f82caec0bc33240e9ff61f30,INDY staking reward,12 October 2023,3514,10-01-2024 21:45,12-10-2023 23:00
12614,442,1f2a219f8fd7f69d2cece503fd8621a7c316eb270736990eb26bdb40,INDY staking reward,12 October 2023,122610,10-01-2024 21:45,12-10-2023 23:00
12615,442,ffa71583cca7e3eee6d517aab1189076939f544f54bcb4fb847024cb,INDY staking reward,12 October 2023,57617,10-01-2024 21:45,12-10-2023 23:00
12616,442,02f7a78d2ffffe4d2c58da06e4bb151478f2f15a63b93a4a453f26cf,INDY staking reward,12 October 2023,161137,10-01-2024 21:45,12-10-2023 23:00
12617,442,ef7cc55c76aa62c6958fe99d919b69596c670434c45b1e48e256baf2,INDY staking reward,12 October 2023,134455,10-01-2024 21:45,12-10-2023 23:00
12618,442,ee8e915802b5f642b6f4d4d30ce94976a6efc51f145c980d9d376034,INDY staking reward,12 October 2023,367930,10-01-2024 21:45,12-10-2023 23:00
12619,442,d042f9789f543c0e9653612b20de19c024ffdedb3b0f79e0b130252e,INDY staking reward,12 October 2023,253908,10-01-2024 21:45,12-10-2023 23:00
12620,442,21224f56aedfc01347daa2276eab9772f0b323acc3ab25027665a999,INDY staking reward,12 October 2023,264094,10-01-2024 21:45,12-10-2023 23:00
12621,442,6ff34446a94a2313ed28b5b3de9e3c8b3b7cbf819f4774f5dc63dade,INDY staking reward,12 October 2023,108099,10-01-2024 21:45,12-10-2023 23:00
12622,442,7da08765498bd8279b24cbf317bda5c9649ae7ffdbdb271e50673374,INDY staking reward,12 October 2023,2517,10-01-2024 21:45,12-10-2023 23:00
12623,442,e5c4eeabb7dd3b0009a7504b99c150ff873d1435f00baa6cdf8f3804,INDY staking reward,12 October 2023,98773,10-01-2024 21:45,12-10-2023 23:00
12624,442,2387805ec55905b81396a1744734c4695abaaf620a73e88092018f58,INDY staking reward,12 October 2023,4451,10-01-2024 21:45,12-10-2023 23:00
12625,442,c1a0dd25fda926f056c11885d1de2de4f20f4cce8f9012cafa734dc2,INDY staking reward,12 October 2023,405381,10-01-2024 21:45,12-10-2023 23:00
12626,442,d33119934f905c46c074d86b01e9ed68d8df9416c1f98311adda04d1,INDY staking reward,12 October 2023,11590,10-01-2024 21:45,12-10-2023 23:00
12627,442,9057a63eaa2afa9e1f67bdb5d29fd62c59c91d0c79a30e225f079aca,INDY staking reward,12 October 2023,3095947,10-01-2024 21:45,12-10-2023 23:00
12628,442,6737a2a66fc4aab5db058a02116a7e5d9c888e7fe20248c2cba643a7,INDY staking reward,12 October 2023,127204,10-01-2024 21:45,12-10-2023 23:00
12629,442,cda0141ed9eedd491c294cf9e57b08aed8604c91efc11353b4f630ce,INDY staking reward,12 October 2023,4555,10-01-2024 21:45,12-10-2023 23:00
12630,442,068a883756f40982465a2975535ff3bb33ca3e5fbca778c1e62674f7,INDY staking reward,12 October 2023,2671,10-01-2024 21:45,12-10-2023 23:00
12631,442,d8873d99d8bac628cb99a6bfc97e0c7c1553286d4a62aedde875354b,INDY staking reward,12 October 2023,71937,10-01-2024 21:45,12-10-2023 23:00
12632,442,3da2ae6522c3716f8904f371c5ef2f48976c47c3aa006bd127c15cca,INDY staking reward,12 October 2023,32664,10-01-2024 21:45,12-10-2023 23:00
12633,442,0aa09220c41d6fad50e703b432527e59c713c9d488264095f9395c01,INDY staking reward,12 October 2023,1046080,10-01-2024 21:45,12-10-2023 23:00
12634,442,bed90820701ec88d79cb4536bc0f0d5d9eadea4038f704ea26aebd7b,INDY staking reward,12 October 2023,523372,10-01-2024 21:45,12-10-2023 23:00
12635,442,fe214b004cc1504fc1544acd5b5e0d6dfe76484168e6c7d57d752b79,INDY staking reward,12 October 2023,217570,10-01-2024 21:45,12-10-2023 23:00
12636,442,8425e1110917c188382ff1e28f3e11c6310ca3c1ee09b4b4bcc41bc1,INDY staking reward,12 October 2023,161476,10-01-2024 21:45,12-10-2023 23:00
12637,442,6c3816993453e96b31a35adbd136cf8781d90bb4df252b6150b3a7fe,INDY staking reward,12 October 2023,2983464,10-01-2024 21:45,12-10-2023 23:00
12638,442,5a4fad55fdeabf0d0dfb5d4b75464bf5ee33a8f1edd2015dc0b39c24,INDY staking reward,12 October 2023,110290,10-01-2024 21:45,12-10-2023 23:00
12639,442,b3b96e6ef5688c0ba3fbcef4d4ac5dc5ef7a6768b6b3d14b7ed7e44c,INDY staking reward,12 October 2023,35510,10-01-2024 21:45,12-10-2023 23:00
12640,442,d80599e8e37d9e4e17519d0c4b97183e604c1cbc4f0c352cb1063e44,INDY staking reward,12 October 2023,2409060,10-01-2024 21:45,12-10-2023 23:00
12641,442,3180bf06a749008ef0454be5a651fdbd1709093e191bbd3119b66dc8,INDY staking reward,12 October 2023,219486,10-01-2024 21:45,12-10-2023 23:00
12642,442,118e1971cf74ab99eb803dab40d03ddbb36aa9fc9d849c8ae8665bd3,INDY staking reward,12 October 2023,11905,10-01-2024 21:45,12-10-2023 23:00
12643,442,9a82275965cdfecd0ebe310969f935a07f7e97dab63af7e35c296767,INDY staking reward,12 October 2023,963557,10-01-2024 21:45,12-10-2023 23:00
12644,442,c7433f16ccc68259a53af788ab3d7178af7b97152636957fb2c62dc1,INDY staking reward,12 October 2023,17957,10-01-2024 21:45,12-10-2023 23:00
12645,442,87b80c609bd7418b83ed61e7449057d629e08dba087b9c602ae33aa8,INDY staking reward,12 October 2023,278399,10-01-2024 21:45,12-10-2023 23:00
12646,442,3c1e2cfc33728127b806c2679ecccabd2c3602a7fe754228f122f754,INDY staking reward,12 October 2023,68625,10-01-2024 21:45,12-10-2023 23:00
12647,442,63ffcea431889194cc4340feb1b96c81251d0dc547fd50203de1eb83,INDY staking reward,12 October 2023,16573,10-01-2024 21:45,12-10-2023 23:00
12648,442,6974e75dc85750b005d67ff220f63cd5ba47d03cdc1f7e5ea5633974,INDY staking reward,12 October 2023,1678807,10-01-2024 21:45,12-10-2023 23:00
12649,442,41b9142b7454e5b49e233904b2df0b298b5143ec45416107a982fc75,INDY staking reward,12 October 2023,641021,10-01-2024 21:45,12-10-2023 23:00
12650,442,f57dc4a07b8a172f7f31f593a34c14ccf609ab4f65ca6b5f93b74769,INDY staking reward,12 October 2023,236447,10-01-2024 21:45,12-10-2023 23:00
12651,442,84a3845f1764ec4c31ea9d3a5d355b0d7ed82567fb46fc65a18685ad,INDY staking reward,12 October 2023,153,10-01-2024 21:45,12-10-2023 23:00
12652,442,b69644c2d28780d027af290185cd6e29356fa45f9090dbffa20b773c,INDY staking reward,12 October 2023,80561,10-01-2024 21:45,12-10-2023 23:00
12653,442,3c425df2751df6cdbbc54f9b46fca6712b63ab5995706ecc9377466e,INDY staking reward,12 October 2023,680664,10-01-2024 21:45,12-10-2023 23:00
12654,442,d00c92d92560223d54d47e2332b1937f37e48f8faf44d2735e119b40,INDY staking reward,12 October 2023,5078,10-01-2024 21:45,12-10-2023 23:00
12655,442,948214e72eb2e68d27c7a9e8eeffe30d0d2631882d13c1b17552a7ca,INDY staking reward,12 October 2023,492720,10-01-2024 21:45,12-10-2023 23:00
12656,442,f1d39751c36b29e842f06a1166cf58e421047fe58c7d91c93e456e53,INDY staking reward,12 October 2023,476220,10-01-2024 21:45,12-10-2023 23:00
12657,442,c8ad769442ff82f6aba25ae992feee52c0459b09489b9098fe932737,INDY staking reward,12 October 2023,26077,10-01-2024 21:45,12-10-2023 23:00
12658,442,5d4b6101ac81b422f8f05c5b436b618eac9f0eb74dbf3d7c42cc89a0,INDY staking reward,12 October 2023,72313,10-01-2024 21:45,12-10-2023 23:00
12659,442,be552efef0ae24a7f47968faea2c71fe28a7b64a31469cfde8731017,INDY staking reward,12 October 2023,1850740,10-01-2024 21:45,12-10-2023 23:00
12660,442,b86e732c78733ceb1d2f18f0e4048aeb5811d302644febabd90f7c29,INDY staking reward,12 October 2023,56566,10-01-2024 21:45,12-10-2023 23:00
12661,442,a39922fbb194ad7cbb312e63adc84aec33bd4e385ff14dfda64e9eb5,INDY staking reward,12 October 2023,116267,10-01-2024 21:45,12-10-2023 23:00
12662,442,d94f9bc0ffe11ad1005b22a6e5c2b471b29c53510aa81514fc24d95a,INDY staking reward,12 October 2023,318942,10-01-2024 21:45,12-10-2023 23:00
12663,442,93fc1d5eda11f4e015acabe138fdf310674c33e9d82a7dc8a7d73d99,INDY staking reward,12 October 2023,1542938,10-01-2024 21:45,12-10-2023 23:00
12664,442,554d72b24f226c6a96cb983ef63b24130d57dc8d585956fc6d22a485,INDY staking reward,12 October 2023,43432,10-01-2024 21:45,12-10-2023 23:00
12665,442,1f0f766a8e46c8eced0352996544acd9bd3d6ae5939ce383ae024ad4,INDY staking reward,12 October 2023,206353,10-01-2024 21:45,12-10-2023 23:00
12666,442,b99ed6beaeb26ac76d6fec241f72766ad444ca3f22a8150f2221f3d9,INDY staking reward,12 October 2023,16578,10-01-2024 21:45,12-10-2023 23:00
12667,442,58ea2420f64fe656ec5943e779e98d1fc110179c2458ed15a54fd121,INDY staking reward,12 October 2023,195718,10-01-2024 21:45,12-10-2023 23:00
12668,442,9b314b76487603dec62a43cfeea584dae73cd42e7f83871495974fdb,INDY staking reward,12 October 2023,22677,10-01-2024 21:45,12-10-2023 23:00
12669,442,f0d666ff26b93bdd461816a4250dd143ac22ce88c57b532238f53125,INDY staking reward,12 October 2023,550206,10-01-2024 21:45,12-10-2023 23:00
12670,442,72b2ee7e7da3d21829fc9e4ef5cb12279c153c3698c60c1d756e3802,INDY staking reward,12 October 2023,38977,10-01-2024 21:45,12-10-2023 23:00
12671,442,caea35af15cd8bd418b0008d09e7f2d90d8e376d33148f262f76ce2c,INDY staking reward,12 October 2023,186223,10-01-2024 21:45,12-10-2023 23:00
12672,442,d2f1c35d851eb05de384f71a90bd96cea58ec616e257062529c8610d,INDY staking reward,12 October 2023,82418,10-01-2024 21:45,12-10-2023 23:00
12673,442,9527209d33e31613f6543e4c5447305c05f8afc334d0f8aa90f6e256,INDY staking reward,12 October 2023,823,10-01-2024 21:45,12-10-2023 23:00
12674,442,abd83cc271275c8ce05f8c41d6c98b6ba15e624dab73eecba84a8b7b,INDY staking reward,12 October 2023,77616,10-01-2024 21:45,12-10-2023 23:00
12675,442,df016c92474a0717d4e35293472b03ce5ecd6810a7f9d6f9520ef3bb,INDY staking reward,12 October 2023,868482,10-01-2024 21:45,12-10-2023 23:00
12676,442,6e026594a22d65113c775c77f54a6fff8db8b97a637e349bc31be577,INDY staking reward,12 October 2023,459156,10-01-2024 21:45,12-10-2023 23:00
12677,442,6b6df95a2ba7e16fdaee7329887ae746e02ecd3850fc682a75116ac0,INDY staking reward,12 October 2023,12501,10-01-2024 21:45,12-10-2023 23:00
12678,442,c7ebe5d764cf43b3e96199c836bf7d11b37a2d42395a130e71dbcdac,INDY staking reward,12 October 2023,226762,10-01-2024 21:45,12-10-2023 23:00
12679,442,4482822ba84d47736ecfc0a9647e3d1f6114b32f6bc944ceb6c67b13,INDY staking reward,12 October 2023,413140,10-01-2024 21:45,12-10-2023 23:00
12680,442,401675eb7edf2bbc4af18cb585a92359a4ce1794c4994894df529944,INDY staking reward,12 October 2023,996417,10-01-2024 21:45,12-10-2023 23:00
12681,442,989665c7ae97e2cc992bf947ce74df013e01b165a2585faeb61328e2,INDY staking reward,12 October 2023,610584,10-01-2024 21:45,12-10-2023 23:00
12682,442,22d6d1a161b389cb0d8a76e3a903d96c76ed20a55ebaa0906b19b257,INDY staking reward,12 October 2023,134472,10-01-2024 21:45,12-10-2023 23:00
12683,442,6c84ff02fbb588bbfc2cf7edd4c93ccb0582bc5563a4034ae39a1db6,INDY staking reward,12 October 2023,104217,10-01-2024 21:45,12-10-2023 23:00
12684,442,e892875d741eeddc536eb15bb8df712f375ee8b043312119ae1b3742,INDY staking reward,12 October 2023,159046,10-01-2024 21:45,12-10-2023 23:00
12685,442,9a61f7971510f411097fd34c7e4f3c4a20b90565017332f7a1d401f6,INDY staking reward,12 October 2023,62504,10-01-2024 21:45,12-10-2023 23:00
12686,442,7910de78b42fa36cac41e451ad498150dd3532e2f2e35777735235bf,INDY staking reward,12 October 2023,626778,10-01-2024 21:45,12-10-2023 23:00
12687,442,25878714265470699b0d97f4087e3c2c40cb133c374012a239fc9b6d,INDY staking reward,12 October 2023,134560,10-01-2024 21:45,12-10-2023 23:00
12688,442,f791a456607c1532c6f056c09bcbdac59fa54e26c62f1304f288c948,INDY staking reward,12 October 2023,1248086,10-01-2024 21:45,12-10-2023 23:00
12689,442,343a6e2b66f769abf99ad58bc6425690fd647ea7221a738a55d94bd6,INDY staking reward,12 October 2023,20395,10-01-2024 21:45,12-10-2023 23:00
12690,442,12cfe9dbdc6f02f00e896c8c0e1875f041f9c08b126b4f593b4b4ea6,INDY staking reward,12 October 2023,1010253,10-01-2024 21:45,12-10-2023 23:00
12691,442,d291291d1332412bf32ca93aa8e80d1c7c19009019b462d9216eeb4a,INDY staking reward,12 October 2023,2244977,10-01-2024 21:45,12-10-2023 23:00
12692,442,c237095d55fa4c123f4a67d49e429bc6c35f2d4c8aadff5ea1a7ab1c,INDY staking reward,12 October 2023,104767,10-01-2024 21:45,12-10-2023 23:00
12693,442,1c348c0ee2a2c36691e877a0058da0def13243399ab568db8db5825c,INDY staking reward,12 October 2023,5513,10-01-2024 21:45,12-10-2023 23:00
12694,442,eafd1c081cc1681238f23ae1b1db7a1ee81f5140c33c256c95134baa,INDY staking reward,12 October 2023,163917,10-01-2024 21:45,12-10-2023 23:00
12695,442,96700814f5d8d43bbcbd1bf9cbc9f6962211a552b1d8bf8435f082ed,INDY staking reward,12 October 2023,79954,10-01-2024 21:45,12-10-2023 23:00
12696,442,c59dfaaf43c38d28e4bf38064a298f6adff6f0ac28a81ca2ba81efd4,INDY staking reward,12 October 2023,4102,10-01-2024 21:45,12-10-2023 23:00
12697,442,8a116fd370e6f96a9c008b885423555af7b57a39644593768bd24ec9,INDY staking reward,12 October 2023,23446,10-01-2024 21:45,12-10-2023 23:00
12698,442,77e222f372bcc8b0be973c9a882839f381170452667df9938babcee5,INDY staking reward,12 October 2023,40640,10-01-2024 21:45,12-10-2023 23:00
12699,442,2922bb18ea7225c2905acb96276ea33273c5e07a0860fb276087115f,INDY staking reward,12 October 2023,45187,10-01-2024 21:45,12-10-2023 23:00
12700,442,6537c4f74f158a9511a2540c52d32fc302f74acb820acb7e938138dd,INDY staking reward,12 October 2023,261437,10-01-2024 21:45,12-10-2023 23:00
12701,442,ac50c97a84362198cd8fde5a960e06f04f3599bc381042bdef7504c4,INDY staking reward,12 October 2023,127137,10-01-2024 21:45,12-10-2023 23:00
12702,442,0be100b577b01fb14cd3163192a4b4ef9862a633c140ae6f2c8bf6c2,INDY staking reward,12 October 2023,80665,10-01-2024 21:45,12-10-2023 23:00
12703,442,7a730560b9ebceba314474dcd86bef107ba8a3ca8b51be98d68c1d05,INDY staking reward,12 October 2023,154284,10-01-2024 21:45,12-10-2023 23:00
12704,442,c2174735c17d772c59d5d19d925f29092b36344e24964b3d115637b7,INDY staking reward,12 October 2023,139929,10-01-2024 21:45,12-10-2023 23:00
12705,442,9afd6723b0d9b844adae3f3babf99e579305f804dc51c9cd0dace11d,INDY staking reward,12 October 2023,6710,10-01-2024 21:45,12-10-2023 23:00
12706,442,bbc6d8e0a8f8fa47238a3df22e1b9a0e39a0de2330ba5b49d69a6bc0,INDY staking reward,12 October 2023,642874,10-01-2024 21:45,12-10-2023 23:00
12707,442,1bac56e704a744c0aaa5ed2dcb2b1b7158c92aa426a6dad5bd84408d,INDY staking reward,12 October 2023,376415,10-01-2024 21:45,12-10-2023 23:00
12708,442,9d6a55eb1359d4a6c2f1466d1d65dd5083a6fa692b69702af90b51bb,INDY staking reward,12 October 2023,779354,10-01-2024 21:45,12-10-2023 23:00
12709,442,808cf9cb378db93de80af61b523f6179e2868445cfbfccd6b4a05cdb,INDY staking reward,12 October 2023,1458493,10-01-2024 21:45,12-10-2023 23:00
12710,442,91aa6ddecfac713f774fe7635bc6804e96e008cd220186a1382b7f1f,INDY staking reward,12 October 2023,31454,10-01-2024 21:45,12-10-2023 23:00
12711,442,e2759266f8550de0789d43375265e9c4f82c017e26b6f7275407acaf,INDY staking reward,12 October 2023,92974,10-01-2024 21:45,12-10-2023 23:00
12712,442,dd92ab2941c033461bfc14e56418e0c0855e1275214b093b1a1cdf28,INDY staking reward,12 October 2023,32859,10-01-2024 21:45,12-10-2023 23:00
12713,442,13f84654d1849786e058f664746ab5d064a1791a92bede515dda943c,INDY staking reward,12 October 2023,3023,10-01-2024 21:45,12-10-2023 23:00
12714,442,aa8a6152ba9489457114006e698286a7ea29469640c1cf703db3d2fc,INDY staking reward,12 October 2023,33374,10-01-2024 21:45,12-10-2023 23:00
12715,442,723423fd6f3096cb93c815875981eafe4e03a9f24fab31efd3b10a76,INDY staking reward,12 October 2023,4762,10-01-2024 21:45,12-10-2023 23:00
12716,442,86a99dbae5591a3ea7274bb23bc1b80d3c1ab2f2741434ff30984d90,INDY staking reward,12 October 2023,44941,10-01-2024 21:45,12-10-2023 23:00
12717,442,a3ad69669ecee78b25f6b796d095ca691912481c72cc3ff42ee41ed1,INDY staking reward,12 October 2023,13966,10-01-2024 21:45,12-10-2023 23:00
12718,442,f9923c442169c78c8497d522bc88de59231aa0f68a45a7d70432fcf7,INDY staking reward,12 October 2023,79108,10-01-2024 21:45,12-10-2023 23:00
12719,442,05f31a17a1444cddbf80cf95b8320c5c56b8fe17cb6601736ff8f115,INDY staking reward,12 October 2023,3000,10-01-2024 21:45,12-10-2023 23:00
12720,442,3b51d0cc84f801364b28475d2d494f4f3fb23fe7ab720ebb6bb75437,INDY staking reward,12 October 2023,11775,10-01-2024 21:45,12-10-2023 23:00
12721,442,5e36c08331d920d1e9dd0b36c8687e005d8be15ea53e163db957767e,INDY staking reward,12 October 2023,219912,10-01-2024 21:45,12-10-2023 23:00
12722,442,b87d7afeea204ff0da808c944243425cf8553f454585df15ba5d9706,INDY staking reward,12 October 2023,89290,10-01-2024 21:45,12-10-2023 23:00
12723,442,200dc300636188ff85a7ff4249863567122b59d8321fb99d48db11bb,INDY staking reward,12 October 2023,648178,10-01-2024 21:45,12-10-2023 23:00
12724,442,851e58aaf8a0c9f3c9abbaf773b05533b5aac52afc6f9dab8d656c91,INDY staking reward,12 October 2023,15765,10-01-2024 21:45,12-10-2023 23:00
12725,442,a199d2ec461153020ee18bbdfe5e4e3a2c9778bc4d265ef7dc64a6b8,INDY staking reward,12 October 2023,36388,10-01-2024 21:45,12-10-2023 23:00
12726,442,c70abdf51107e6cabcdaa8f232c079af39869db4625522522d1d988b,INDY staking reward,12 October 2023,2708032,10-01-2024 21:45,12-10-2023 23:00
12727,442,019f3d35ef1c1067784c46f9b165150919cdefda177dd301af373051,INDY staking reward,12 October 2023,43371,10-01-2024 21:45,12-10-2023 23:00
12728,442,e05979c7922a556392d6db0c2749d7fcd34934e8daf0dfdeed3070a9,INDY staking reward,12 October 2023,119265,10-01-2024 21:45,12-10-2023 23:00
12729,442,affba47e1ee5b89b489064abdd4832751f9e4f647c388d76f7638c1b,INDY staking reward,12 October 2023,310176,10-01-2024 21:45,12-10-2023 23:00
12730,442,ac2fa48e0f73a0d0d2aeef31271f4c5a760d7e7d951bc9132d136cbe,INDY staking reward,12 October 2023,7184115,10-01-2024 21:45,12-10-2023 23:00
12731,442,9db8d3d4abac0e9383f83307212017b966510fc34414e5c75f2e90db,INDY staking reward,12 October 2023,96257,10-01-2024 21:45,12-10-2023 23:00
12732,442,b1f7b45205350ea85fcf6b736477f5fadd617ef9ad9c98a48ad61ec9,INDY staking reward,12 October 2023,100567,10-01-2024 21:45,12-10-2023 23:00
12733,442,29512c5afb810967ddccd68d0b66bdcd884b0a6d84cfb0c0fb5a1c89,INDY staking reward,12 October 2023,415877,10-01-2024 21:45,12-10-2023 23:00
12734,442,a74340a486e8463d7574049adacae6920b126c6776c41ff1fb0ed2ce,INDY staking reward,12 October 2023,326605,10-01-2024 21:45,12-10-2023 23:00
12735,442,5b4146d87658aa97cc91e145316cee33961be704e53e38f993c13fab,INDY staking reward,12 October 2023,154985,10-01-2024 21:45,12-10-2023 23:00
12736,442,2ea8cfe869a9f7f29b36dae2a1fcf19b9e4b47293961ec78dc5ebccf,INDY staking reward,12 October 2023,4503218,10-01-2024 21:45,12-10-2023 23:00
12737,442,b38518e0cc280c2a0b87ceacc44e99ec0324813834e87cb802e806b1,INDY staking reward,12 October 2023,67318,10-01-2024 21:45,12-10-2023 23:00
12738,442,802779073185f0dcf7016714d579ce5fcece5fd82ccc5cceae35b937,INDY staking reward,12 October 2023,210701,10-01-2024 21:45,12-10-2023 23:00
12739,442,a4b80e87136d073229a2eac01e78638540029c1d4cddbd18caadc738,INDY staking reward,12 October 2023,109661,10-01-2024 21:45,12-10-2023 23:00
12740,442,d0c6fb9f09f04b9673f6036d6318a6b5ea4023d875de62d2741b11df,INDY staking reward,12 October 2023,124697,10-01-2024 21:45,12-10-2023 23:00
12741,442,6864029b40a03d1471c7afd0e693d97b4a6c37dc560d4a9a8039e14e,INDY staking reward,12 October 2023,256216,10-01-2024 21:45,12-10-2023 23:00
12742,442,a82da0f271c43c53206d6b6c455b55312ea121d0d445bae2a2600923,INDY staking reward,12 October 2023,28691,10-01-2024 21:45,12-10-2023 23:00
12743,442,0f87c9e4a0a8103f4c6ada1bffe2b608dbcfed9f22ead6d6541ea7f7,INDY staking reward,12 October 2023,926764,10-01-2024 21:45,12-10-2023 23:00
12744,442,5f7915de6b5e822a04f67df657ecea26d6d7a62bf41cb374e8c970ad,INDY staking reward,12 October 2023,15829,10-01-2024 21:45,12-10-2023 23:00
12745,442,f0049b462ec7c1e94b6f38d015e441bab51bc24e2f3adae44928159f,INDY staking reward,12 October 2023,517315,10-01-2024 21:45,12-10-2023 23:00
12746,442,7bfcb0b4a3974232c21fe4440a2befb5aff58093e9582c9d447c1e0d,INDY staking reward,12 October 2023,595476,10-01-2024 21:45,12-10-2023 23:00
12747,442,405966152e910c43c45f1d21d8420d7ce66c604b9750824741970780,INDY staking reward,12 October 2023,8877,10-01-2024 21:45,12-10-2023 23:00
12748,442,658002caf01d1eb9ae484aa16f398f8a27a91c10047cf16bca6ce09e,INDY staking reward,12 October 2023,43205,10-01-2024 21:45,12-10-2023 23:00
12749,442,dec779d04e72bb0665c0e872b0518430c847c7da5652612e24323d1d,INDY staking reward,12 October 2023,17082,10-01-2024 21:45,12-10-2023 23:00
12750,442,7f7147d6af61e9c199387c5afb74d8fb307390dd7fb9853be1fc5764,INDY staking reward,12 October 2023,137923,10-01-2024 21:45,12-10-2023 23:00
12751,442,44184c811e02a722e27d0d0b4d9530f88c2893612d5a66e5197ef987,INDY staking reward,12 October 2023,6383,10-01-2024 21:45,12-10-2023 23:00
12752,442,5c6b98cd052d01a7085d492b90b1e0635de27e729b9c49b70d46834c,INDY staking reward,12 October 2023,36086,10-01-2024 21:45,12-10-2023 23:00
12753,442,f1997edde93c962c05b401ac11d88a8dfc240c543b0ec72c33880d0f,INDY staking reward,12 October 2023,121964,10-01-2024 21:45,12-10-2023 23:00
12754,442,dede5b62baacdf9db0cc4d64e270375f1178959e709025adf86da9ac,INDY staking reward,12 October 2023,4970,10-01-2024 21:45,12-10-2023 23:00
12755,442,45133390b119b3395125f3286a6b28b5ca2eb4ed87c91d230aed2f21,INDY staking reward,12 October 2023,60122,10-01-2024 21:45,12-10-2023 23:00
12756,442,f9760d194827fe3832c91fd9be3c4bc0302e94a087c93e510951f984,INDY staking reward,12 October 2023,3135699,10-01-2024 21:45,12-10-2023 23:00
12757,442,40447f612dfd50fc52beb9d76517972cc5e0e9e02224bd1e379d301c,INDY staking reward,12 October 2023,17978,10-01-2024 21:45,12-10-2023 23:00
12758,442,2f6e8d94a6abb81316eeda88b180faf28515315bd3763b606658d268,INDY staking reward,12 October 2023,34857,10-01-2024 21:45,12-10-2023 23:00
12759,442,1d7e8eb3dd6489dac6e730561c06a6ea6ed72797be71c0e0eb010d24,INDY staking reward,12 October 2023,78881,10-01-2024 21:45,12-10-2023 23:00
12760,442,54933a94ed62ac996582a2c1ad406265d1a5c419f6f7084997fe64bb,INDY staking reward,12 October 2023,178580,10-01-2024 21:45,12-10-2023 23:00
12761,442,d1b647f0bd8cbc6d3120aa72c5bcddf10332dba84cad05eb3f947d29,INDY staking reward,12 October 2023,145411,10-01-2024 21:45,12-10-2023 23:00
12762,442,adf9274c6b2a09d1f352088cee4c939f9c8b95f75f761e6927bded63,INDY staking reward,12 October 2023,315538,10-01-2024 21:45,12-10-2023 23:00
12763,442,7b0fc9c9e92364eb4bcf52d28f9996c8d2278916eb95eb50a18905bd,INDY staking reward,12 October 2023,3430,10-01-2024 21:45,12-10-2023 23:00
12764,442,f417354ea5c9981124310b191613f0e5d1010658a25023da678d457a,INDY staking reward,12 October 2023,29882,10-01-2024 21:45,12-10-2023 23:00
12765,442,add22c6e882297d9257216c1da8bad2fae9424dde9ad582255d0357d,INDY staking reward,12 October 2023,5953,10-01-2024 21:45,12-10-2023 23:00
12766,442,8e5cffec9bc59c2f83a5396628846b2e34c8e4a565b9bd5f85c3a7c5,INDY staking reward,12 October 2023,11633,10-01-2024 21:45,12-10-2023 23:00
12767,442,eaea02e3ff6024efc3056265cfdf90160ac9be3a25413a3659746a7c,INDY staking reward,12 October 2023,119053,10-01-2024 21:45,12-10-2023 23:00
12768,442,6274d31f2a7b5ba0fd901294b69f149ac84c15986976c7ec7fdce7c4,INDY staking reward,12 October 2023,88510,10-01-2024 21:45,12-10-2023 23:00
12769,442,84615b89d9bf1caa3039d56af2ba6bd8ca96a52d12260d3bd5a09be7,INDY staking reward,12 October 2023,8007,10-01-2024 21:45,12-10-2023 23:00
12770,442,cee5ec79ab9e160697c752a98f5da46e24e4c893600f74ebad2be015,INDY staking reward,12 October 2023,42436,10-01-2024 21:45,12-10-2023 23:00
12771,442,170c6964ad2f725504bd190c5293d8b4e7c7770cebb7e7ca798b3c84,INDY staking reward,12 October 2023,4769,10-01-2024 21:45,12-10-2023 23:00
12772,442,c7d1d1f35cb5a363f70a95e3b5884139f07856085242901ad81392ef,INDY staking reward,12 October 2023,2420545,10-01-2024 21:45,12-10-2023 23:00
12773,442,e7dc57922d735adaed887f06044db8b95f9cb86031d73b266028572b,INDY staking reward,12 October 2023,8201,10-01-2024 21:45,12-10-2023 23:00
12774,442,58565b9a0b90f766dad48a3cb365453b452565ecb6773a55a5517b48,INDY staking reward,12 October 2023,1463960,10-01-2024 21:45,12-10-2023 23:00
12775,442,6f5544c69b9863908d6ddc7bcfd733904da28ec67e8df2122d147973,INDY staking reward,12 October 2023,254300,10-01-2024 21:45,12-10-2023 23:00
12776,442,8fee6a42565c9c1ebe2fb3caf8c3f6590df4a8aa40aa37fd672605dd,INDY staking reward,12 October 2023,13137,10-01-2024 21:45,12-10-2023 23:00
12777,442,3eaa1d325b8377e84a7c03e7a65d3ac7ec1189072134edeb699b7434,INDY staking reward,12 October 2023,2284915,10-01-2024 21:45,12-10-2023 23:00
12778,442,fd8b12e5733ab14abac15c45c5640e9b8a8dd42c7da181e367d5a210,INDY staking reward,12 October 2023,3732,10-01-2024 21:45,12-10-2023 23:00
12779,442,815168a6c0d3a19e2ad65b6fa02e16a542991ec447b6bc7cad765df3,INDY staking reward,12 October 2023,945296,10-01-2024 21:45,12-10-2023 23:00
12780,442,2fa90762885118cf0d7de7ae738a15b63e6faef020101de74c581ffb,INDY staking reward,12 October 2023,112940,10-01-2024 21:45,12-10-2023 23:00
12781,442,e35b22edc5f77d44eb2e64e6aa9d5599d1e05fc21e8d3905642ffebd,INDY staking reward,12 October 2023,154736,10-01-2024 21:45,12-10-2023 23:00
12782,442,0dff9f5de0fb48cf8edbed0e1fe451cf26fe9e1096cb6351f820bbf2,INDY staking reward,12 October 2023,108338,10-01-2024 21:45,12-10-2023 23:00
12783,442,c834fa36e98032a55cf687cf0176d43e8db90ebec8d7a2f8dde7e374,INDY staking reward,12 October 2023,257908,10-01-2024 21:45,12-10-2023 23:00
12784,442,8d589e8e00fdadd913c2f769b43d341a03fc6ce5823456e7a3deaa01,INDY staking reward,12 October 2023,13164,10-01-2024 21:45,12-10-2023 23:00
12785,442,746e049236b01ed655d89652e16100bf4836bf374b1f58cae0319d9c,INDY staking reward,12 October 2023,39912,10-01-2024 21:45,12-10-2023 23:00
12786,442,7f3035e70a52858a2e16dc8e6f4ace755235da1866ac6c40ce82158f,INDY staking reward,12 October 2023,72191,10-01-2024 21:45,12-10-2023 23:00
12787,442,a6049fbd2fd723e4f19c5392bfff9019d10ac59d222ee86ba05c9b2e,INDY staking reward,12 October 2023,13547,10-01-2024 21:45,12-10-2023 23:00
12788,442,87b9679714eebad39554239abcc970b4937f19ce07fae769da678184,INDY staking reward,12 October 2023,202762,10-01-2024 21:45,12-10-2023 23:00
12789,442,a4ae6b7d6fde02966811a441c04d72af1ad8a1bafd8684192c5c99f7,INDY staking reward,12 October 2023,471,10-01-2024 21:45,12-10-2023 23:00
12790,442,9f77b7c63ff36fc6bf4b082a77c4a49439ebd5305e184772b63a3aa1,INDY staking reward,12 October 2023,240107,10-01-2024 21:45,12-10-2023 23:00
12791,442,56a31a31d994dd695445965d7862c2025320c4d7a0202bb6e977e74b,INDY staking reward,12 October 2023,446918,10-01-2024 21:45,12-10-2023 23:00
12792,442,581e8bf75c79cf115e3e2b5c5245e9ded124eeaeb1e62d8c04ef1756,INDY staking reward,12 October 2023,88355,10-01-2024 21:45,12-10-2023 23:00
12793,442,b4074a089aa3ce3288bf8e5fdd3e3f83282aab05d126cb6e9bf13c0d,INDY staking reward,12 October 2023,223820,10-01-2024 21:45,12-10-2023 23:00
12794,442,7c4700cf442f1e7a36fd87358d1d31c30de7dc95c87826ba3ba576d6,INDY staking reward,12 October 2023,2976,10-01-2024 21:45,12-10-2023 23:00
12795,442,66245022306cc7bc7c408845ef8eff4b6f3e43b47de7941c95889e62,INDY staking reward,12 October 2023,304408,10-01-2024 21:45,12-10-2023 23:00
12796,442,03957962e6d6b35f0c6198ab2869a543a2b940ced3c2ef5c1b067297,INDY staking reward,12 October 2023,274624,10-01-2024 21:45,12-10-2023 23:00
12797,442,d74a6efc13c28b96e80fa23036353ec62897443d0ee58a7cae63cb0b,INDY staking reward,12 October 2023,19961,10-01-2024 21:45,12-10-2023 23:00
12798,442,3fd8a8ec19e395daa692c6aaba7397ba082c2d9aaa2cb8a7e6b2d7a4,INDY staking reward,12 October 2023,59292,10-01-2024 21:45,12-10-2023 23:00
12799,442,66e3ffd005114cfc21b0c23f3cbabb2b2cfca746286824d372d5d839,INDY staking reward,12 October 2023,345067,10-01-2024 21:45,12-10-2023 23:00
12800,442,d4ddb70ae02f30a72307dcd506af30dd98de2fcf11646c47e9a27067,INDY staking reward,12 October 2023,14882,10-01-2024 21:45,12-10-2023 23:00
12801,442,4e1b5e33ca40177148b9a59b602070a93d08c6d28769fa954879cc34,INDY staking reward,12 October 2023,55433,10-01-2024 21:45,12-10-2023 23:00
12802,442,d8464bd3f7d97352c69d196594849d256d3f53778d98cd27437eb991,INDY staking reward,12 October 2023,35792,10-01-2024 21:45,12-10-2023 23:00
12803,442,faf69519bcc564b0910efbd47f81c2730b0afb05ad41c9fe36fdf85a,INDY staking reward,12 October 2023,186105,10-01-2024 21:45,12-10-2023 23:00
12804,442,f02ed8f193b422cfd67898c1b2a117b29aebebe18c4289149f27b3a9,INDY staking reward,12 October 2023,137215,10-01-2024 21:45,12-10-2023 23:00
12805,442,07426e33ddc1d2a16947172adc9afd6c3b354b95ae78ea5b2404997c,INDY staking reward,12 October 2023,978794,10-01-2024 21:45,12-10-2023 23:00
12806,442,c6c3c85f66fb3455abc3cc8331c2e185b6176425de350ce860e336b6,INDY staking reward,12 October 2023,46433,10-01-2024 21:45,12-10-2023 23:00
12807,442,3caee35d0a5e9a6cf25a30b78787b18bef083a4b6342b9717af1bd73,INDY staking reward,12 October 2023,1863,10-01-2024 21:45,12-10-2023 23:00
12808,442,dcf082d3b0ff3f282c6ec3012fe1e30963441210943907e14366f7ca,INDY staking reward,12 October 2023,424442,10-01-2024 21:45,12-10-2023 23:00
12809,442,fea32511f9a826f9d4356a5153aaba989eb8f31272a64aafb8124769,INDY staking reward,12 October 2023,103773,10-01-2024 21:45,12-10-2023 23:00
12810,442,1b0cbfa819f5a7b1eb06097e9b374f4c240f1a764b9a0a58973fdaa1,INDY staking reward,12 October 2023,897682,10-01-2024 21:45,12-10-2023 23:00
12811,442,e1a70a14406e84b401683a3b044d3fc7dbec76833c7e7e934585b678,INDY staking reward,12 October 2023,477293,10-01-2024 21:45,12-10-2023 23:00
12812,442,a0d41f1fe990c25b4dc74c7a048ae1554d7856bfea01cd994148020b,INDY staking reward,12 October 2023,177320,10-01-2024 21:45,12-10-2023 23:00
12813,442,9d80b9f4238f52c9fde7e7d8fbd39d1e68d713cb166cf74a94a277f5,INDY staking reward,12 October 2023,32859,10-01-2024 21:45,12-10-2023 23:00
12814,442,4aee94f82b932a2562df3cf09485cca90d692f88091f96ab225b58a8,INDY staking reward,12 October 2023,297633,10-01-2024 21:45,12-10-2023 23:00
12815,442,7502c5c924fda27047c2cdff8e5a3ebf823c8427387b674b12b0203d,INDY staking reward,12 October 2023,1234,10-01-2024 21:45,12-10-2023 23:00
12816,442,dceb6f76062e47c7f0824460a7cead1eeb4f9d450f5af0d6fb9b4b07,INDY staking reward,12 October 2023,116685,10-01-2024 21:45,12-10-2023 23:00
12817,442,cac1d5c3dac7588a7b7d4e766f4afe3f20c1555eba7c8ee90c81bc95,INDY staking reward,12 October 2023,22660,10-01-2024 21:45,12-10-2023 23:00
12818,442,b81ebcedfb9cba61d357a4e6a8467f3b7d3aa98538270e2a8c66aee6,INDY staking reward,12 October 2023,1092096,10-01-2024 21:45,12-10-2023 23:00
12819,442,f6659995de5ea8e81322f53758db8ac30c91fab5a4e600ba9ed4ed7d,INDY staking reward,12 October 2023,277206,10-01-2024 21:45,12-10-2023 23:00
12820,442,08be575a6138b69edda2352ceeb7fd72b3c73597bc6138a41fd7014a,INDY staking reward,12 October 2023,81663,10-01-2024 21:45,12-10-2023 23:00
12821,442,29eb12417584cc18ea30624bfdff1b48323d035aad5dc628fe14922e,INDY staking reward,12 October 2023,57193,10-01-2024 21:45,12-10-2023 23:00
12822,442,8b6779ac5f221727adbc379e7f72f65a54a970f9f9f722f46f44f50c,INDY staking reward,12 October 2023,996734,10-01-2024 21:45,12-10-2023 23:00
12823,442,fec237b68474e612919e3f9a0ee966893781d020d5e251773eebf8b6,INDY staking reward,12 October 2023,87931,10-01-2024 21:45,12-10-2023 23:00
12824,442,01a828875ab04d6d3be528f37f92cfdebeeec0bd112dd20a4bd04eb2,INDY staking reward,12 October 2023,18605,10-01-2024 21:45,12-10-2023 23:00
12825,442,d47eeefee6d105593197339c5981b95dc6d0511ad441fdb840820a5b,INDY staking reward,12 October 2023,842466,10-01-2024 21:45,12-10-2023 23:00
12826,442,66c327283efa19d8651c511f5f84dd3f1f0655807859141c95a47409,INDY staking reward,12 October 2023,67009,10-01-2024 21:45,12-10-2023 23:00
12827,442,bae02e6a2396d3b0fbcda8435c00d48a67f651d6b534f745efced7df,INDY staking reward,12 October 2023,357160,10-01-2024 21:45,12-10-2023 23:00
12828,442,0bed2c2e94c280109ce4d57ec548a1a6a30b06775ebbf2aaad1597ff,INDY staking reward,12 October 2023,2976,10-01-2024 21:45,12-10-2023 23:00
12829,442,cf4833a2173fc6c0e752a45e4912da5643103526abc5897d45f44fd0,INDY staking reward,12 October 2023,32859,10-01-2024 21:45,12-10-2023 23:00
12830,442,b8c21297e0ec2895a7a076cdae693742f608a7f9248a2a5f4354df39,INDY staking reward,12 October 2023,60082,10-01-2024 21:45,12-10-2023 23:00
12831,442,15d56a39ceaa8bca40053c7d2defd0c0af63c9572524d9df3db85657,INDY staking reward,12 October 2023,18590,10-01-2024 21:45,12-10-2023 23:00
12832,442,2ba08e5517de98a12a2f8824bee91b5a9287bf5c167e5a137ddc6a7e,INDY staking reward,12 October 2023,152183,10-01-2024 21:45,12-10-2023 23:00
12833,442,427a2560c6cb0728efee10829f995f027daddb8116d1a73b94de2723,INDY staking reward,12 October 2023,35716,10-01-2024 21:45,12-10-2023 23:00
12834,442,3faabb3508ee0fb5a909dd6e5b73d101c7e0d69fe91f75593c8033e0,INDY staking reward,12 October 2023,75644,10-01-2024 21:45,12-10-2023 23:00
12835,442,89b6e6736d0a6643d4f3a5205c5ebb853a1d8fbbc51b8d73723af1e4,INDY staking reward,12 October 2023,3601,10-01-2024 21:45,12-10-2023 23:00
12836,442,eaec8a1a356ed27fb30ce01dca32e642e85c0c7e0c330aa3b5e6143d,INDY staking reward,12 October 2023,116769,10-01-2024 21:45,12-10-2023 23:00
12837,442,2ac676fd0184cb3307587c2dba2d2c01a348aa170be29814d368e771,INDY staking reward,12 October 2023,17858,10-01-2024 21:45,12-10-2023 23:00
12838,442,6ce98ddcb14709f0191f771216fcb60396091a4a004b691baa938fcb,INDY staking reward,12 October 2023,122752,10-01-2024 21:45,12-10-2023 23:00
12839,442,09575db3a66d29e820a464f9a5784aa42e3efd96396413c15d5a1160,INDY staking reward,12 October 2023,35716,10-01-2024 21:45,12-10-2023 23:00
12840,442,e334c9ac9cc8a7f379b6bbd5228bcc12af9b3677a88608f176f592cd,INDY staking reward,12 October 2023,6358,10-01-2024 21:45,12-10-2023 23:00
12841,442,946c74a18ccd97a6cdb64318cb3374ab72e83c616d30d604e1cb8d20,INDY staking reward,12 October 2023,3586164,10-01-2024 21:45,12-10-2023 23:00
12842,442,eda1fcb6f7afd09936ca37674781defef38446ed4a3944b42ec382eb,INDY staking reward,12 October 2023,3572,10-01-2024 21:45,12-10-2023 23:00
12843,442,81164f7787acb19e784bf69e19cdf3e004ea6add6e543a6057b17523,INDY staking reward,12 October 2023,62742,10-01-2024 21:45,12-10-2023 23:00
12844,442,6d23dfac9c6ed0f8152c4d0c73c29cdc27512f4e93593dc73e4d37ab,INDY staking reward,12 October 2023,47241,10-01-2024 21:45,12-10-2023 23:00
12845,442,0d54066357cf1b893f76d88adc3586fc28aa526ab3ac30db74147a50,INDY staking reward,12 October 2023,5953,10-01-2024 21:45,12-10-2023 23:00
12846,442,21c654305eb324675f59e619a6c6af7de11871079f4b86280654f096,INDY staking reward,12 October 2023,59914,10-01-2024 21:45,12-10-2023 23:00
12847,442,83cedd04df8711b2a6adfcb228fb0fa6e1f39f721bbac8e7848b858b,INDY staking reward,12 October 2023,38552,10-01-2024 21:45,12-10-2023 23:00
12848,442,334a7f588c4a509693da71c6496cd2cd5c4d74332d5eca38cf346496,INDY staking reward,12 October 2023,1210235,10-01-2024 21:45,12-10-2023 23:00
12849,442,30abc52c354158400ce2783dc8d58d0564791b5faff1b012d74d7b75,INDY staking reward,12 October 2023,2044068,10-01-2024 21:45,12-10-2023 23:00
12850,442,4fef1de46ca4dffc70cafbce94918dc9e28000d395411532f418a73d,INDY staking reward,12 October 2023,89290,10-01-2024 21:45,12-10-2023 23:00
12851,442,0d28e3cd90d05f96ba4112bae78454630cfe0138b873ea9b5005de30,INDY staking reward,12 October 2023,6829687,10-01-2024 21:45,12-10-2023 23:00
12852,442,cd2a8e62f293d33a81e867b0df1a8f7b391d8e34c11a2246fc5a5b30,INDY staking reward,12 October 2023,38531,10-01-2024 21:45,12-10-2023 23:00
12853,442,fdcb54902dc7bc60e24787419a88341930b50bda3efc4fd2a381ff3d,INDY staking reward,12 October 2023,36158,10-01-2024 21:45,12-10-2023 23:00
12854,442,e212055b9f7770cacf8247603fa17d95e9202fcb43c3100a5166a3ea,INDY staking reward,12 October 2023,80805,10-01-2024 21:45,12-10-2023 23:00
12855,442,1b3c67f6c34c441b86ec2c90a909e7375a4f1aa63d14a56039c74702,INDY staking reward,12 October 2023,444352,10-01-2024 21:45,12-10-2023 23:00
12856,442,764d01e7198d743368fc26bef4a824e745e88e499863d170f68bc8d5,INDY staking reward,12 October 2023,398649,10-01-2024 21:45,12-10-2023 23:00
12857,442,cf160c79e4395e9b17de9ff8fa6d78e9ade6fee1e7080e0c00152e3e,INDY staking reward,12 October 2023,70981,10-01-2024 21:45,12-10-2023 23:00
12858,442,32ccbda6329e7a4eeb9c07b53d1b65e9b2c0816c637638070e4b8e22,INDY staking reward,12 October 2023,31592,10-01-2024 21:45,12-10-2023 23:00
12859,442,5d4a3c04c9a3115bf18cc6a37a4388050eadb756253bedf452d8efa2,INDY staking reward,12 October 2023,1104725,10-01-2024 21:45,12-10-2023 23:00
12860,442,9df0fdd3db0158ed684a408f5e5dd9743ae46de53da4e3d5377447e7,INDY staking reward,12 October 2023,184309,10-01-2024 21:45,12-10-2023 23:00
12861,442,5e22c5aa5a56932e8d75e47e68ae14b5c37c329801ea6b3260a8be73,INDY staking reward,12 October 2023,107122,10-01-2024 21:45,12-10-2023 23:00
12862,442,91c501fa7b80ccc354f2b144c47abc01b12285dc2671b2f42fc9dd05,INDY staking reward,12 October 2023,365760,10-01-2024 21:45,12-10-2023 23:00
12863,442,bd120d13cacc36173e37233dc7218a7e887697a3614d27234b00e009,INDY staking reward,12 October 2023,4279,10-01-2024 21:45,12-10-2023 23:00
12864,442,e6ee639f25bb0d67eee477cc929d90c29ca0d8e4189af8f0379e90e0,INDY staking reward,12 October 2023,35776,10-01-2024 21:45,12-10-2023 23:00
12865,442,c55b4e912c5d71dfaa4f0b7487eecf8ed26a9ae779a9ad422639fd45,INDY staking reward,12 October 2023,40521,10-01-2024 21:45,12-10-2023 23:00
12866,442,bf92fef8296fcbea6208f401d55e081ff3f99a3063820b71b427e250,INDY staking reward,12 October 2023,1810442,10-01-2024 21:45,12-10-2023 23:00
12867,442,3592ef4ae076372133834806bcc2f009acd053c57dbcccd0f3648efc,INDY staking reward,12 October 2023,91021,10-01-2024 21:45,12-10-2023 23:00
12868,442,d70718d3e1db70560f6ed8698916bf4fb99ef5f0b7b013b3dd35c115,INDY staking reward,12 October 2023,1451,10-01-2024 21:45,12-10-2023 23:00
12869,442,5b06d393e8dfcfc2b19ca8ecc91c242dd437ed72d917391264183f36,INDY staking reward,12 October 2023,73430,10-01-2024 21:45,12-10-2023 23:00
12870,442,b5126911fd727bd61d7f137b6aaed0b706e7de1e86199987d3ffa8f4,INDY staking reward,12 October 2023,43642,10-01-2024 21:45,12-10-2023 23:00
12871,442,17e3d3fc02a43bae98b84a8eab7638749627e2246b2b2804a7d3ae12,INDY staking reward,12 October 2023,127425,10-01-2024 21:45,12-10-2023 23:00
12872,442,759d6df20a7f19005a274354accf23be17d066149740f11b76115565,INDY staking reward,12 October 2023,90791,10-01-2024 21:45,12-10-2023 23:00
12873,442,cbf2fe83219efa63b2e1d6c43e53fefa9280e4e862b5cc88d5bdaf7d,INDY staking reward,12 October 2023,649218,10-01-2024 21:45,12-10-2023 23:00
12874,442,b80fbd43190dee7562d7e746af746f44fef0dd19640725d4227e5ec7,INDY staking reward,12 October 2023,548423,10-01-2024 21:45,12-10-2023 23:00
12875,442,96fd26a13808a0837bcf27d13c369a17a98c3f22a3203569958f4183,INDY staking reward,12 October 2023,36298,10-01-2024 21:45,12-10-2023 23:00
12876,442,d1a2c9c2ac9bd2f3108f7b0b9bcd5ce9140b4eb7fdf67c025400fd46,INDY staking reward,12 October 2023,822922,10-01-2024 21:45,12-10-2023 23:00
12877,442,3f268be60cc6780e7f20df3069d724b4b813ad061e3b0ca979d349de,INDY staking reward,12 October 2023,378693,10-01-2024 21:45,12-10-2023 23:00
12878,442,b86d5dffbc00894203fdf272c003fee91969d85b806859edc242b34a,INDY staking reward,12 October 2023,24416,10-01-2024 21:45,12-10-2023 23:00
12879,442,b3628e24f6d8e81e31b7c5dc85cbae7ba04e6f17bbdd1f75eae051c5,INDY staking reward,12 October 2023,1095,10-01-2024 21:45,12-10-2023 23:00
12880,442,2dbce9a05ff3ecdedbaf202ea14e89a4396560be74f4f5748aa289f6,INDY staking reward,12 October 2023,160235,10-01-2024 21:45,12-10-2023 23:00
12881,442,66e2b2931578c427c7178d607338d87801f7b6f7997edf4ec5161bc1,INDY staking reward,12 October 2023,77385,10-01-2024 21:45,12-10-2023 23:00
12882,442,28e6f2f013c597fb1c39699e5bb4c81671f48d77facd478638908785,INDY staking reward,12 October 2023,546706,10-01-2024 21:45,12-10-2023 23:00
12883,442,aa1a27a82bfab1d506df24cdfb3a7700de7e88dec8a8064671dbb846,INDY staking reward,12 October 2023,98427,10-01-2024 21:45,12-10-2023 23:00
12884,442,d773c0adc5c330fed8cbbd56747114a13359f5ca67c48b9263a34760,INDY staking reward,12 October 2023,18407,10-01-2024 21:45,12-10-2023 23:00
12885,442,8989430ad6c5a5fa6d3a46119d893bd1f699828ed6a1adc117e5d566,INDY staking reward,12 October 2023,165590,10-01-2024 21:45,12-10-2023 23:00
12886,442,1afac53a4d1a00fdc5c19991c9ab585d92ed50cb9c71ba9c61a36106,INDY staking reward,12 October 2023,91065,10-01-2024 21:45,12-10-2023 23:00
12887,442,87534dd6b2f92003ee4466e79c7b8210a9d94372f069f9193e6b87b0,INDY staking reward,12 October 2023,174979,10-01-2024 21:45,12-10-2023 23:00
12888,442,c90dfeb23d605971a7c59e29113aecd883e6390ae59b21748a3ef672,INDY staking reward,12 October 2023,2437,10-01-2024 21:45,12-10-2023 23:00
12889,442,a7f36591a463373640ffdb7ecb6222b65e7a6f28944e6d30b5764499,INDY staking reward,12 October 2023,104011,10-01-2024 21:45,12-10-2023 23:00
12890,442,e122dfae82cf0dc0f672851fd0051a019fb7cf74edafc30443e2faa4,INDY staking reward,12 October 2023,5998,10-01-2024 21:45,12-10-2023 23:00
12891,442,09812e479ff8327c29c264ed40a2ef18a743bccfc5dab64cbd6ee32b,INDY staking reward,12 October 2023,55637,10-01-2024 21:45,12-10-2023 23:00
12892,442,c0db7e2df629334f5bfc704d414ae5fc6b2ce09cfd6532728a6f1270,INDY staking reward,12 October 2023,148817,10-01-2024 21:45,12-10-2023 23:00
12893,442,71b03bb1f2db64f230e74c08d8bee62313660b1bf9649fbc28f690bc,INDY staking reward,12 October 2023,121638,10-01-2024 21:45,12-10-2023 23:00
12894,442,495d43a4ab309f1fa086cf3904d3772c79777333c79d8470e5a3bb59,INDY staking reward,12 October 2023,507733,10-01-2024 21:45,12-10-2023 23:00
12895,442,44e24d780aeabeefa584edb5490833b252b7ffeaa1d2bbeb92e41394,INDY staking reward,12 October 2023,1010764,10-01-2024 21:45,12-10-2023 23:00
12896,442,d6834337eb4a8aa5b38f8919697e0cfb33cdcbbede645b95e48882cf,INDY staking reward,12 October 2023,59700,10-01-2024 21:45,12-10-2023 23:00
12897,442,a443b6f8a164a0095b12cf31e780203ce46c3a884e8548461aa61d6e,INDY staking reward,12 October 2023,35759,10-01-2024 21:45,12-10-2023 23:00
12898,442,17b20aff00b6cd78f4ac0c68b92d90346171f461a9e6d22aad787dc9,INDY staking reward,12 October 2023,52248,10-01-2024 21:45,12-10-2023 23:00
12899,442,e7515f9075f064d8d23ac584f85b9b5b497222bc2b8b4d833ddbd4c8,INDY staking reward,12 October 2023,59229,10-01-2024 21:45,12-10-2023 23:00
12900,442,3b95db115617cc38974f8c1c4b3993c2dfdb3c5ec769d8b4859252de,INDY staking reward,12 October 2023,211383,10-01-2024 21:45,12-10-2023 23:00
12901,442,e8d1b19e46e7066a0956d0c8c915c53a0f9fc0cfa47baa4623c2021f,INDY staking reward,12 October 2023,2976,10-01-2024 21:45,12-10-2023 23:00
12902,442,c7844a7008ebbd1b2d88d0897769094aca05b7146c3e54cb92182efd,INDY staking reward,12 October 2023,892900,10-01-2024 21:45,12-10-2023 23:00
12903,442,374b46ff0fc4f269f31c99a12c82159a58207c3e686c437d57dad408,INDY staking reward,12 October 2023,838217,10-01-2024 21:45,12-10-2023 23:00
12904,442,c8af7ec346eb1242adaeebd3ad327b140d37d084dc75a3e026ce4b39,INDY staking reward,12 October 2023,13303,10-01-2024 21:45,12-10-2023 23:00
12905,442,f095b6bf1670a5927349be0c438d63b966d494f62868c47d264ee592,INDY staking reward,12 October 2023,32948,10-01-2024 21:45,12-10-2023 23:00
12906,442,207da1665306e4feb2e839893de459af9e41c57839cd032ba39f6738,INDY staking reward,12 October 2023,19435,10-01-2024 21:45,12-10-2023 23:00
12907,442,c0e3c3f48fe40d4590d65c247488b9ade2c798805901993c095712aa,INDY staking reward,12 October 2023,178200,10-01-2024 21:45,12-10-2023 23:00
12908,442,8a28c4dd17218ab3a0801ac06e12700f4e764caf0cbf2bb6a9b896be,INDY staking reward,12 October 2023,48461,10-01-2024 21:45,12-10-2023 23:00
12909,442,8169a4fe4082e2591078b7c7382f43b12e8c51108181444f7a7c863e,INDY staking reward,12 October 2023,48779,10-01-2024 21:45,12-10-2023 23:00
12910,442,0aaca0ecc770cb15636d6835e7d1800a38b28741c2eb0e51cddac52f,INDY staking reward,12 October 2023,44149,10-01-2024 21:45,12-10-2023 23:00
12911,442,3cb106a8308c9af70ea7a1d158f730a10b2ad6b69fee1a223ee0e73d,INDY staking reward,12 October 2023,106621,10-01-2024 21:45,12-10-2023 23:00
12912,442,43b8e3375ecf90169230d91ce92863d0b041ed4c8668cc87d17ea980,INDY staking reward,12 October 2023,208574,10-01-2024 21:45,12-10-2023 23:00
12913,442,8bb9c1842b5df8a44359e65982adb4d2a7d0cb745a2b8488592e3d9f,INDY staking reward,12 October 2023,700030,10-01-2024 21:45,12-10-2023 23:00
12914,442,e0a1a45ac9fc8b2f545ef76355404c31a0650b032d7ebbfe3eb8a5b1,INDY staking reward,12 October 2023,24115,10-01-2024 21:45,12-10-2023 23:00
12915,442,ab94f5c2f34b6fddd7b3083e22dbef4ba1df4702d25789d6774f7775,INDY staking reward,12 October 2023,32859,10-01-2024 21:45,12-10-2023 23:00
12916,442,5015aba4d3c982a18669bf8a76082f6563b3bb7872f876d3e910644d,INDY staking reward,12 October 2023,3216944,10-01-2024 21:45,12-10-2023 23:00
12917,442,1a24a35a22957c5b8499b319c039c8ea102903a74db9451b9e73a5d8,INDY staking reward,12 October 2023,3572,10-01-2024 21:45,12-10-2023 23:00
12918,442,ef500acce9b7728948264268d5807c40106c9cfc347b884efff9db46,INDY staking reward,12 October 2023,444322,10-01-2024 21:45,12-10-2023 23:00
12919,442,888234b4c89dc4aee2e8307c1f934f413028d33d27a6a9b08fd5866e,INDY staking reward,12 October 2023,133167,10-01-2024 21:45,12-10-2023 23:00
12920,442,cbd45719e9d7a6332688ac3ad8bcec87def6bb55174662ee16b5fa61,INDY staking reward,12 October 2023,117814,10-01-2024 21:45,12-10-2023 23:00
12921,442,50b834c5a9617a6a7d88fc1087764dc7df7d8929a68412245e3ddef9,INDY staking reward,12 October 2023,2118,10-01-2024 21:45,12-10-2023 23:00
12922,442,d40c45fedb937d3d5b0b835c700ab9eab1fec37a8ab10b09bab7a5ac,INDY staking reward,12 October 2023,14893135,10-01-2024 21:45,12-10-2023 23:00
12923,442,3106f6e4a4134df3c3b01a609be2569822f8d662843ad0c6b129ef57,INDY staking reward,12 October 2023,22264,10-01-2024 21:45,12-10-2023 23:00
12924,442,67b7442696af08df16dc9ca0202f8103f63c679a45df9719c7640e70,INDY staking reward,12 October 2023,37759,10-01-2024 21:45,12-10-2023 23:00
12925,442,aada39748edc9f40ec53f879499a837f6badf180413fc03a7a345609,INDY staking reward,12 October 2023,77336,10-01-2024 21:45,12-10-2023 23:00
12926,442,ec3543779054d04588489cf33d9ec5889566af60493f4cbc45a06b20,INDY staking reward,12 October 2023,1391291,10-01-2024 21:45,12-10-2023 23:00
12927,442,ee5592e3bff712a914258c52f57873c0cfc73a7b2c25008fedbcdf9d,INDY staking reward,12 October 2023,535998,10-01-2024 21:45,12-10-2023 23:00
12928,442,9c27d064a05530a230fd70489e45395ffe983454d84321fe4e75f3f9,INDY staking reward,12 October 2023,905805,10-01-2024 21:45,12-10-2023 23:00
12929,442,044a02ac41c4f4bb4377905069e067ed0e0a07bc8d0e145e22dcfab0,INDY staking reward,12 October 2023,59905,10-01-2024 21:45,12-10-2023 23:00
12930,442,bd1facdfaebaaa1e6ad72fe8875efa4365dec911f322dd62e5cc1108,INDY staking reward,12 October 2023,228054,10-01-2024 21:45,12-10-2023 23:00
12931,442,2e9fcf3978fcca97038f81b00ae6d080973ad855997595f618c16df9,INDY staking reward,12 October 2023,30154,10-01-2024 21:45,12-10-2023 23:00
12932,442,832e90183c6eb6269627501eeefd9248d24265205d2b3f92b7e8d5ec,INDY staking reward,12 October 2023,125206,10-01-2024 21:45,12-10-2023 23:00
12933,442,5f841de490d21c2b60d865852552b8a829e6ef4fabd1fee7ac7977bd,INDY staking reward,12 October 2023,117176,10-01-2024 21:45,12-10-2023 23:00
12934,442,9c6b26744bd56fdf8d153edfa533838c64edde179e56ab43ff39d44c,INDY staking reward,12 October 2023,128101,10-01-2024 21:45,12-10-2023 23:00
12935,442,6917228be04ba6acaccef355e2c081ec98b7f8b03ea7150a49b9eddf,INDY staking reward,12 October 2023,249364,10-01-2024 21:45,12-10-2023 23:00
12936,442,bf15c389449c073fd4a6d52d07d8375833c2d6710c9f0a9f752354d6,INDY staking reward,12 October 2023,595589,10-01-2024 21:45,12-10-2023 23:00
12937,442,d5cc8eb6d4400d4f86c6997628000f3c4f70e43afe0ccb121f8ddfcf,INDY staking reward,12 October 2023,72970,10-01-2024 21:45,12-10-2023 23:00
12938,442,c5f5376a911dd67532725964baa964db077e359e2983dfaf2254e737,INDY staking reward,12 October 2023,57507,10-01-2024 21:45,12-10-2023 23:00
12939,442,64e14912b40c1db7d2bfd71e19890295f04e4a0bf0569050e379b62e,INDY staking reward,12 October 2023,10748,10-01-2024 21:45,12-10-2023 23:00
12940,442,e4729bb19b924dbfd36f12059967fc68d1c31537d2ae3b7c2f720751,INDY staking reward,12 October 2023,74084,10-01-2024 21:45,12-10-2023 23:00
12941,442,dc463d66e78fedc35745fc23dd9073df8049027d973305017e40c328,INDY staking reward,12 October 2023,173297,10-01-2024 21:45,12-10-2023 23:00
12942,442,d2a9e3449671da65c467670745d3d5ba2f2f261187808191a95710cf,INDY staking reward,12 October 2023,1153784,10-01-2024 21:45,12-10-2023 23:00
12943,442,071f3b13c008455dda64f68444844dc392779583aca6c553d3f98d39,INDY staking reward,12 October 2023,87965,10-01-2024 21:45,12-10-2023 23:00
12944,442,9d9c672d1261ac30b4605678f451ccda8f90a1cce1633b4fee0f92bd,INDY staking reward,12 October 2023,166513,10-01-2024 21:45,12-10-2023 23:00
12945,442,0118a7e04201305bddea885b6cc1cbea578e98b3eeec45bc06e2b2be,INDY staking reward,12 October 2023,11217,10-01-2024 21:45,12-10-2023 23:00
12946,442,9797a1b44f05c0ef79368313bf12221d6b388d8b7a02cab480df05be,INDY staking reward,12 October 2023,59527,10-01-2024 21:45,12-10-2023 23:00
12947,442,98e854a41cab6d1ea5e38ff1517f5a1b4a1e8e087fc85195ad42f28c,INDY staking reward,12 October 2023,53629,10-01-2024 21:45,12-10-2023 23:00
12948,442,3d4d56f02ddccf47cbebceccd1d5fdf9e2f8020e8fd929e08318922b,INDY staking reward,12 October 2023,690,10-01-2024 21:45,12-10-2023 23:00
12949,442,63d743b740615f2d12bc71458bdd64af6095903c952273123f6201f5,INDY staking reward,12 October 2023,3065121,10-01-2024 21:45,12-10-2023 23:00
12950,442,3eaa831376dc1653d82dd533ad541eac17127eb29d50f4ebacdf2554,INDY staking reward,12 October 2023,253032,10-01-2024 21:45,12-10-2023 23:00
12951,442,b3f6fd4895d5145d55e82ab81c7f6d97470f5affcd28bfc318bc3056,INDY staking reward,12 October 2023,3568355,10-01-2024 21:45,12-10-2023 23:00
12952,442,00f552d264a6ea476b3110914a7d22ae1b9dc63642bf28b8ab868370,INDY staking reward,12 October 2023,55278,10-01-2024 21:45,12-10-2023 23:00
12953,442,29c0e417791dedc303eda7e67643dcbaf430c4cb1ca20916ac22308d,INDY staking reward,12 October 2023,148837,10-01-2024 21:45,12-10-2023 23:00
12954,442,bf97ad99b5269c15e3726290f95f0fc0ec8dbada31183778548d9da0,INDY staking reward,12 October 2023,1860533,10-01-2024 21:45,12-10-2023 23:00
12955,442,bbd31c139830bdb621bc7f6eb3a95a2f1a9e338466cc28e67e0e9176,INDY staking reward,12 October 2023,238107,10-01-2024 21:45,12-10-2023 23:00
12956,442,ff61a732a31922bf132a31f7d5c095f67e85af068bd8391437c03c2b,INDY staking reward,12 October 2023,278473,10-01-2024 21:45,12-10-2023 23:00
12957,442,a0b2ae21e15664c402ce43d78ab63a547f012b3a61238605f90fb11d,INDY staking reward,12 October 2023,771214,10-01-2024 21:45,12-10-2023 23:00
12958,442,38a6b071d8b300a0a8219cb49ae293024f466985a89f62d6188d0388,INDY staking reward,12 October 2023,187546,10-01-2024 21:45,12-10-2023 23:00
12959,442,c3945d89b9f99ee385a09971bc4d7bdeedf5e6f809f8f72816ddd692,INDY staking reward,12 October 2023,101626,10-01-2024 21:45,12-10-2023 23:00
12960,442,b8ced219112270d4dd7fa89c94be9829c28bb4cbe2cc686ca79af0ff,INDY staking reward,12 October 2023,1944896,10-01-2024 21:45,12-10-2023 23:00
12961,442,ffe1965f87ae4ce47a05cbece25d5c618b1dff720f88581f5bd5b2b1,INDY staking reward,12 October 2023,36655,10-01-2024 21:45,12-10-2023 23:00
12962,442,e3c85df20ca80ae819c9e91b969b7ba17ebcb800922cdf39c19e7aec,INDY staking reward,12 October 2023,59939,10-01-2024 21:45,12-10-2023 23:00
12963,442,aaeab9b7684986211df7822d6a65eb2bd62d3ce9abadd1cb60cdc59c,INDY staking reward,12 October 2023,38363,10-01-2024 21:45,12-10-2023 23:00
12964,442,2e36826d65aabaeb8de141a240ba66e04b5b95764abb00acbe9462f6,INDY staking reward,12 October 2023,48565,10-01-2024 21:45,12-10-2023 23:00
12965,442,52217769b6f2503afb4e6064c1f7724f0397cf3dc6d60710a3bafd8d,INDY staking reward,12 October 2023,98417,10-01-2024 21:45,12-10-2023 23:00
12966,442,b0f6f6c285e1711e5cc0b237539ebd40eed3ef96be5b78aac6c389ce,INDY staking reward,12 October 2023,569919,10-01-2024 21:45,12-10-2023 23:00
12967,442,5587b9dfa177b7a4c181b3b4ccfd0704a2c46a13f59bd76044cb6066,INDY staking reward,12 October 2023,215331,10-01-2024 21:45,12-10-2023 23:00
12968,442,8f869974639c5d8b3f9cb2bbfe8233ed48cb10eaec5eff4c3c348443,INDY staking reward,12 October 2023,43762,10-01-2024 21:45,12-10-2023 23:00
12969,442,16108700c74e4e98c9be8419d20b0cc113ca98ec34759d309c926798,INDY staking reward,12 October 2023,63060,10-01-2024 21:45,12-10-2023 23:00
12970,442,30e1d879e58f4b99aad070dce28fc7d759522eacc5e3a06e79aa1279,INDY staking reward,12 October 2023,160589,10-01-2024 21:45,12-10-2023 23:00
12971,442,752ca73ddf1be8dffa36de008da3efa547f9b96354198896f5961e0e,INDY staking reward,12 October 2023,22183,10-01-2024 21:45,12-10-2023 23:00
12972,442,b7cb900c5e8740430eb0b9aca279498d523fb6da96c2bf3ac424ea2f,INDY staking reward,12 October 2023,27362,10-01-2024 21:45,12-10-2023 23:00
12973,442,559d23a5db8f1b809ba9b48e7504582c96af34f68495f3ed51b2cce5,INDY staking reward,12 October 2023,70388,10-01-2024 21:45,12-10-2023 23:00
12974,442,dfeac5dd22c2b53cb43a31cbe0cc5cd71c78f714c5f05a20eaa107db,INDY staking reward,12 October 2023,1191796,10-01-2024 21:45,12-10-2023 23:00
12975,442,5c388590260c27a11e1ee1c0e753ce29e204c58432e25fa2d66bb33a,INDY staking reward,12 October 2023,66362,10-01-2024 21:45,12-10-2023 23:00
12976,442,9b69c30767b8db563276057865c6795a1aa2c8ac2c42905bfd7e45ab,INDY staking reward,12 October 2023,32859,10-01-2024 21:45,12-10-2023 23:00
12977,442,92a18583ff5b6549b812dd1035b420789020d999240b9d122ef5e71b,INDY staking reward,12 October 2023,24995,10-01-2024 21:45,12-10-2023 23:00
12978,442,9e888b8b96c8adc83588187764673c7e357b0c3b404072c997389f74,INDY staking reward,12 October 2023,28738,10-01-2024 21:45,12-10-2023 23:00
12979,442,ad57e9a3ff59c5ba9da95c9c67913454f4be48ee597fe4d83ac0bcb7,INDY staking reward,12 October 2023,289673,10-01-2024 21:45,12-10-2023 23:00
12980,442,fbf90bb28ed258c076a0fa8cb74e59283b7e254ffb2d61ce26cd19c6,INDY staking reward,12 October 2023,118657,10-01-2024 21:45,12-10-2023 23:00
12981,442,87acac5a3d0b41cd1c5e8c03af5be782f261f21beed70970ddee0873,INDY staking reward,12 October 2023,114753,10-01-2024 21:45,12-10-2023 23:00
12982,442,07a678cc14e6db47698094e252044db3014ae3d4008fde18212ee5e0,INDY staking reward,12 October 2023,606607,10-01-2024 21:45,12-10-2023 23:00
12983,442,07bf197f0a2b0ff2dac9489cffa6b99fa0ad8c1f70dfcfa3ae7449f8,INDY staking reward,12 October 2023,1132669,10-01-2024 21:45,12-10-2023 23:00
12984,442,07f8072b057b786413cc9d9d0f4f85401b2cbcefa26ab759e29e4967,INDY staking reward,12 October 2023,87581,10-01-2024 21:45,12-10-2023 23:00
12985,442,2f20b5fb521c5a954e3fdcb2dd35ebacd6b3f115f547669044c34a69,INDY staking reward,12 October 2023,105512,10-01-2024 21:45,12-10-2023 23:00
12986,442,430057946f99d2217df55070a3b81e7a2688e39b3063606a170de1bf,INDY staking reward,12 October 2023,208001,10-01-2024 21:45,12-10-2023 23:00
12987,442,85ead69c8e7ebea3a4b2e2eb7da7da79b3a949a120cf14696afae74e,INDY staking reward,12 October 2023,438064,10-01-2024 21:45,12-10-2023 23:00
12988,442,2c1ef015c1c1f7ebd56316e4f1e06504b9c2fe0542b70c2651235b5f,INDY staking reward,12 October 2023,6097120,10-01-2024 21:45,12-10-2023 23:00
12989,442,b2dbecbe70467741661432fdb755dee0b7d47c5026e4d28e79e92d11,INDY staking reward,12 October 2023,33046,10-01-2024 21:45,12-10-2023 23:00
12990,442,c3f7cbf63fbe8af505359cd58974c2d367282c0fa3917791e14a86a8,INDY staking reward,12 October 2023,76920,10-01-2024 21:45,12-10-2023 23:00
12991,442,95adb311d06d54e4251c9dc4f413de7ae81eb4d19c503d968ae1aad5,INDY staking reward,12 October 2023,37065,10-01-2024 21:45,12-10-2023 23:00
12992,442,3be428fc2cb36728ab76aee104591046834cc83661f5855a7926897f,INDY staking reward,12 October 2023,87469,10-01-2024 21:45,12-10-2023 23:00
12993,442,91e30f2dec5b8023e9047fc7b970c109b9da81e3c1467acf520bf922,INDY staking reward,12 October 2023,52638,10-01-2024 21:45,12-10-2023 23:00
12994,442,e0bc89aa5a19aeb67cabe285f2ac3b3312db9b34d7c62828ff427983,INDY staking reward,12 October 2023,66806,10-01-2024 21:45,12-10-2023 23:00
12995,442,b0d6004a93f5ebcbca3d9df0d90dd40d56118c2d092bf4073450c7cf,INDY staking reward,12 October 2023,78572,10-01-2024 21:45,12-10-2023 23:00
12996,442,5ed1714b3f4a428a3ae384934861525263251cb288aa76738d340b42,INDY staking reward,12 October 2023,473640,10-01-2024 21:45,12-10-2023 23:00
12997,442,0f3a8b0c9da8d23411bdb1e6537227df8550a2d318d533fbfb131ef0,INDY staking reward,12 October 2023,65479,10-01-2024 21:45,12-10-2023 23:00
12998,442,ca3f6b110978fa877451498e360524ac0d9c07f5b954b893653a0ad5,INDY staking reward,12 October 2023,39684,10-01-2024 21:45,12-10-2023 23:00
12999,442,0be72bae471faf8641f78585a0fcdba99ae765de7946e46e8b7eda5d,INDY staking reward,12 October 2023,840059,10-01-2024 21:45,12-10-2023 23:00
13000,442,b2cd3ac1116b5d4d2634eb51a832f9c99dd03abe51b9e05f463bde68,INDY staking reward,12 October 2023,421409,10-01-2024 21:45,12-10-2023 23:00
13001,442,6bfad24902340f4237017493bdf4490613343a1c2f02b7a5b4f4e337,INDY staking reward,12 October 2023,158743,10-01-2024 21:45,12-10-2023 23:00
13002,442,08bee9b93df80b52ef1582cafdc2d00b8ebb1db6f53d42746ba2ee8a,INDY staking reward,12 October 2023,153157,10-01-2024 21:45,12-10-2023 23:00
13003,442,c66ff2b22ca8faa5e24840f40c4b089caa5f5f2531debbbb3eff27ba,INDY staking reward,12 October 2023,307265,10-01-2024 21:45,12-10-2023 23:00
13004,442,a2b3fc71aa466e489bef35c30ca8b4a9388f701ab0cd73c9c81a5409,INDY staking reward,12 October 2023,244306,10-01-2024 21:45,12-10-2023 23:00
13005,442,d6cfcd8292e0da429d067a114c56161e122c712070721d9ade8cc21e,INDY staking reward,12 October 2023,532034,10-01-2024 21:45,12-10-2023 23:00
13006,442,9fbf7f8abb766c67dabd22c2ca7f81e8a97dcb610450906524cf8ab6,INDY staking reward,12 October 2023,53624,10-01-2024 21:45,12-10-2023 23:00
13007,442,ba036b03f28d828e2cda0e639a460960848f941f2b5b11644b490f3f,INDY staking reward,12 October 2023,1209641,10-01-2024 21:45,12-10-2023 23:00
13008,442,bebb0dcd86344819ddfcb5cd80dce5d112aacc7f83c94bd6ae131d13,INDY staking reward,12 October 2023,1209641,10-01-2024 21:45,12-10-2023 23:00
13009,442,6bd530b62ab7384bb1c3587cf52c29ee1e58a8f10abe719db749b887,INDY staking reward,12 October 2023,310989,10-01-2024 21:45,12-10-2023 23:00
13010,442,8da4658888007dc5604d42ff781ff425ae51926af8c15244df8a3052,INDY staking reward,12 October 2023,217576,10-01-2024 21:45,12-10-2023 23:00
13011,442,a181fb98e93e123144d85fee0993bd560ed91d82ccb4b9681bdecc95,INDY staking reward,12 October 2023,1282009,10-01-2024 21:45,12-10-2023 23:00
13012,442,8f8d051d97314d600724ca38b6125405f00603c5277d1b98fbcce864,INDY staking reward,12 October 2023,114266,10-01-2024 21:45,12-10-2023 23:00
13013,442,0e1fdda947e41660678942e74533730397f813f642857338f6f52c27,INDY staking reward,12 October 2023,71655,10-01-2024 21:45,12-10-2023 23:00
13014,442,5b7aa8e711d176dbf9d12930e7367be48986d606c64b3f77fe681393,INDY staking reward,12 October 2023,184061,10-01-2024 21:45,12-10-2023 23:00
13015,442,b9a88f9937812d62270598b7d72d15364271ece5276dac5636f3612a,INDY staking reward,12 October 2023,22346,10-01-2024 21:45,12-10-2023 23:00
13016,442,9258f4edb7f7c0ea8e023896185630faa49ab1a764b9a3b0cb2a872b,INDY staking reward,12 October 2023,59527,10-01-2024 21:45,12-10-2023 23:00
13017,442,24f988ff2d6c698e40546682235b29ce08d28d58610087a8b51d4f7b,INDY staking reward,12 October 2023,580816,10-01-2024 21:45,12-10-2023 23:00
13018,442,0372a6fbac2a937d5746688ff735eac67e157f7be4cfa60d74a862d3,INDY staking reward,12 October 2023,2036036,10-01-2024 21:45,12-10-2023 23:00
13019,442,8cc8de7143bcae8b45dd9ea007670728e4b479f0f874801d9ca7c23c,INDY staking reward,12 October 2023,29763,10-01-2024 21:45,12-10-2023 23:00
13020,442,334c381e046f16bccde3ee6a35a82108e86fcb99ec76b2d2f1f76f9f,INDY staking reward,12 October 2023,722835,10-01-2024 21:45,12-10-2023 23:00
13021,442,b1896ed05f89dc37f90008cbdd3d7aae51e2304a8bb9fa170803290a,INDY staking reward,12 October 2023,2465704,10-01-2024 21:45,12-10-2023 23:00
13022,442,a98843c2533d5681e29cc5257c9cfa172b4eac792a04c4601962c0f8,INDY staking reward,12 October 2023,120150,10-01-2024 21:45,12-10-2023 23:00
13023,442,69db3ddacd4bd728026a19f9e8be6d41771d6cfb8cc1706798b3ad1b,INDY staking reward,12 October 2023,1006059,10-01-2024 21:45,12-10-2023 23:00
13024,442,1f436afa48e9135dd6e2d4e819bcd6f964ffe62f1e3155af51b679ec,INDY staking reward,12 October 2023,174241,10-01-2024 21:45,12-10-2023 23:00
13025,442,4d8a42fbaca129837c77497e86ce3b3eef159f90e4f3f12030e9332f,INDY staking reward,12 October 2023,16023,10-01-2024 21:45,12-10-2023 23:00
13026,442,56e1526eba166e9060a8d8eb258e59df76cf752827d1be7a6de02119,INDY staking reward,12 October 2023,5732,10-01-2024 21:45,12-10-2023 23:00
13027,442,a0ff3365ef9cd002c84b6d003102a2c1004a3cc675b81d72e1afbf9d,INDY staking reward,12 October 2023,483830,10-01-2024 21:45,12-10-2023 23:00
13028,442,8ffba2ee09a9f15a2a821ed6abc1eaf856875f3cbbc6e06579951c8b,INDY staking reward,12 October 2023,80157,10-01-2024 21:45,12-10-2023 23:00
13029,442,066c66ffc288f51e3b819af90ae90defa1cb98ea92b2ba3d792ebc05,INDY staking reward,12 October 2023,69152,10-01-2024 21:45,12-10-2023 23:00
13030,442,441b31c71e56bb58c2c48b7feefa162545421174e754f00b0a538d2b,INDY staking reward,12 October 2023,23811,10-01-2024 21:45,12-10-2023 23:00
13031,442,a5113918bdedb5881ff37ed3c4d45141f8cca161573b5e2be5071f75,INDY staking reward,12 October 2023,198853,10-01-2024 21:45,12-10-2023 23:00
13032,442,a8fe5934b7f4cb3a24db0ae235b002f777c72614d127bb3649809961,INDY staking reward,12 October 2023,169712,10-01-2024 21:45,12-10-2023 23:00
13033,442,bdd04d1556428408b8b1b2b6b95f97bd7a8e4477f1e7d488be45f875,INDY staking reward,12 October 2023,246100,10-01-2024 21:45,12-10-2023 23:00
13034,442,37659fd936489ba08c0f7122f30d034594d20804392ba14cd2a6d362,INDY staking reward,12 October 2023,47243,10-01-2024 21:45,12-10-2023 23:00
13035,442,f531b15c52b61e4120ca0d00900264ff737ce792e8c70f732e301e5e,INDY staking reward,12 October 2023,25125,10-01-2024 21:45,12-10-2023 23:00
13036,442,568b65fadfb32178198768d1bff91956f5dba957701ce300719237b4,INDY staking reward,12 October 2023,2033595,10-01-2024 21:45,12-10-2023 23:00
13037,442,5364aa36780adf2752dd1e01795c71cba4604e91ac87dae7c1104d01,INDY staking reward,12 October 2023,747267,10-01-2024 21:45,12-10-2023 23:00
13038,442,ab7dc86cf7fa1c543685fb6d91810e9362588d242efc1d1970dda2ea,INDY staking reward,12 October 2023,475440,10-01-2024 21:45,12-10-2023 23:00
13039,442,6d74a578d02399914e6e91e30fcc0cb11157d6bb8bfa11e27c1f067f,INDY staking reward,12 October 2023,454784,10-01-2024 21:45,12-10-2023 23:00
13040,442,5df12b63d63b10222bd9fa61b074f72949c4805d17eb18b349b3adaa,INDY staking reward,12 October 2023,1424703,10-01-2024 21:45,12-10-2023 23:00
13041,442,815fbda2445993f02e75d4f6af38e7d9c0e61e1d3578b4bf71c71e55,INDY staking reward,12 October 2023,421271,10-01-2024 21:45,12-10-2023 23:00
13042,442,049f5531c5ce45f52010ace6f997dda2bf73c2f124fb5392d797be31,INDY staking reward,12 October 2023,3206,10-01-2024 21:45,12-10-2023 23:00
13043,442,2150b9ec8877b50d07e54d5b5828c1eb189029f26a28d84ceaab7f35,INDY staking reward,12 October 2023,734332,10-01-2024 21:45,12-10-2023 23:00
13044,442,1d1e78ba84f5a9015924bedcd40840f4eec248ab7f43138f0fd40bb6,INDY staking reward,12 October 2023,18074,10-01-2024 21:45,12-10-2023 23:00
13045,442,b9ae0a9794afc25fac209078be4fb4bbcd4b93174dd8b8dd1e153e62,INDY staking reward,12 October 2023,131309,10-01-2024 21:45,12-10-2023 23:00
13046,442,bf1cbf18995ecd67ad865a0089109b5414093d0c41e9d02fcd9038f5,INDY staking reward,12 October 2023,119166,10-01-2024 21:45,12-10-2023 23:00
13047,442,1de7b5c57a2c321f4d30e829c98ca17967671555659cd4679963a702,INDY staking reward,12 October 2023,62989,10-01-2024 21:45,12-10-2023 23:00
13048,442,c9943f5e7c0688644afd7dbc518f505a0ba36f3afa555cd1001bfbf6,INDY staking reward,12 October 2023,108478,10-01-2024 21:45,12-10-2023 23:00
13049,442,f90286cdbcbcace1a08c240643031a82a7e443d38affc318b3203340,INDY staking reward,12 October 2023,160318,10-01-2024 21:45,12-10-2023 23:00
13050,442,8d56b95df6113023461ebfe3d7be31dbd1f67ee4dbe6fe4d7536c099,INDY staking reward,12 October 2023,806453,10-01-2024 21:45,12-10-2023 23:00
13051,442,c214f971817ec33475a5eac9bfffae52c003824739d38caaecd05265,INDY staking reward,12 October 2023,596004,10-01-2024 21:45,12-10-2023 23:00
13052,442,6a2c3a7d1e485d49c7efe91575984b72c9fdaf47da535a79cf8c455e,INDY staking reward,12 October 2023,3801,10-01-2024 21:45,12-10-2023 23:00
13053,442,0f34fe3191fc19946b657ddad79c6cba4fbf6f3c5be68eaa76ac1937,INDY staking reward,12 October 2023,1548901,10-01-2024 21:45,12-10-2023 23:00
13054,442,8fd369b6dda38f92043d8595e10ba47a47f2f48f71e37951a6af4fcd,INDY staking reward,12 October 2023,1304,10-01-2024 21:45,12-10-2023 23:00
13055,442,286ad3b19328beb1a9794af815ad8c71651a0369cd8da4aa57104735,INDY staking reward,12 October 2023,29763,10-01-2024 21:45,12-10-2023 23:00
13056,442,ef9efef8728d54bf24063b5537757e982a21e3f83f62eef138dbcdae,INDY staking reward,12 October 2023,86180,10-01-2024 21:45,12-10-2023 23:00
13057,442,b6f16173bb13f9ffc0b9f25426ec7219bc2cef6683f3edb36fad318c,INDY staking reward,12 October 2023,16895870,10-01-2024 21:45,12-10-2023 23:00
13058,442,040ef2d3dcda8343fc298416745f781764c418cecc4af2de27173075,INDY staking reward,12 October 2023,541501,10-01-2024 21:45,12-10-2023 23:00
13059,442,384e4f4c87a5bd3dd8d09c1a1c6338326c83a6a2269c1c184402d6f2,INDY staking reward,12 October 2023,1048187,10-01-2024 21:45,12-10-2023 23:00
13060,442,3e1da21cd09f86d2f4dc32dd486e2608216f04a87ff382c02fcbfc76,INDY staking reward,12 October 2023,984854,10-01-2024 21:45,12-10-2023 23:00
13061,442,867fe7a72474f0196492264be02bbafeb93d0f2b3ad356035ec416ad,INDY staking reward,12 October 2023,677368,10-01-2024 21:45,12-10-2023 23:00
13062,442,6379e30665c29aa64ccacdc708f8d843168c67f265ac42fc9a6e5903,INDY staking reward,12 October 2023,11498,10-01-2024 21:45,12-10-2023 23:00
13063,442,a6be7d28f5a2681872964d54f7af65e2dac61d5074c4af1e533e97fd,INDY staking reward,12 October 2023,5765304,10-01-2024 21:45,12-10-2023 23:00
13064,442,8fd1c10f23d010cb70527dfa179041722d39ecbb73a759bc2b88639c,INDY staking reward,12 October 2023,106872,10-01-2024 21:45,12-10-2023 23:00
13065,442,58277770764adf47e180857e542f677795912680b460899c362d2294,INDY staking reward,12 October 2023,1190594,10-01-2024 21:45,12-10-2023 23:00
13066,442,c3830b9a5c243a77b2326f19f0edcbdaf25b24d271c10effc510dd1e,INDY staking reward,12 October 2023,23176,10-01-2024 21:45,12-10-2023 23:00
13067,442,623f00f49ed872b8fde76a4d5520f4ff63e50dec00b938701fe2aedd,INDY staking reward,12 October 2023,261999,10-01-2024 21:45,12-10-2023 23:00
13068,442,abea178bb304c0bd759506bb689998a5fdc8ac173b88f71dd36a67c1,INDY staking reward,12 October 2023,573696,10-01-2024 21:45,12-10-2023 23:00
13069,442,1ec35cc7e933953ef129dc5adf6c6773f0400d20a0c3966ffa19b253,INDY staking reward,12 October 2023,807969,10-01-2024 21:45,12-10-2023 23:00
13070,442,646e8696947a0c57eb58f392443eef74dd69b2b22e66ecab0f8af785,INDY staking reward,12 October 2023,272823,10-01-2024 21:45,12-10-2023 23:00
13071,442,3e10263d5b2ba0da4de992fabb8c5f84d8a1ab8714c671a6d5856b77,INDY staking reward,12 October 2023,479298,10-01-2024 21:45,12-10-2023 23:00
13072,442,2a38fe999e0e75a82a46c4841e9cb6c5cc1ad23da92ebcd58f2181f4,INDY staking reward,12 October 2023,130274,10-01-2024 21:45,12-10-2023 23:00
13073,442,6e1af944114d0b0f4e9ca648a1a8bef65cc380f25f26ad97df13ad54,INDY staking reward,12 October 2023,309800,10-01-2024 21:45,12-10-2023 23:00
13074,442,2d7f83bee28f29bf82eb41de3d59674e71af6a2faf3cce9eb95d6026,INDY staking reward,12 October 2023,111242,10-01-2024 21:45,12-10-2023 23:00
13075,442,38f0144422fa44ab4880fe15fbf9056968ea7abe89c7e5a07b347f61,INDY staking reward,12 October 2023,14981,10-01-2024 21:45,12-10-2023 23:00
13076,442,9b6747eb7991dc0a8b5fa0192ce9431a85b2c64b3c4db6dd31415ea6,INDY staking reward,12 October 2023,109968,10-01-2024 21:45,12-10-2023 23:00
13077,442,860fe50b46f99f50253e4c88bf0c80c30c05b2047f3f9925b575092f,INDY staking reward,12 October 2023,147031,10-01-2024 21:45,12-10-2023 23:00
13078,442,ac2046ccb667a00d612e1d217598538ff8534c61a606aa5cea610b0e,INDY staking reward,12 October 2023,230658,10-01-2024 21:45,12-10-2023 23:00
13079,442,b90a52312094525fd5625f11df6dd72246a7ba3d3a5195f5fdc207c8,INDY staking reward,12 October 2023,24420,10-01-2024 21:45,12-10-2023 23:00
13080,442,d1e84ced90cffff9442cc47648e7e407a8fc75dbd8eda0c7940d0ba7,INDY staking reward,12 October 2023,219005,10-01-2024 21:45,12-10-2023 23:00
13081,442,66cbbaeabd729d99931787ed8131e73a68c9c975c11371fbf3385cbf,INDY staking reward,12 October 2023,297661,10-01-2024 21:45,12-10-2023 23:00
13082,442,771cfa350bd4fdc1e17319971cc30b1f224eb81d8afd8ab7866deeb6,INDY staking reward,12 October 2023,271801,10-01-2024 21:45,12-10-2023 23:00
13083,442,a5519ef18d12dae09537ad81bef88d2cf26f0a098a611e2c38312c99,INDY staking reward,12 October 2023,480758,10-01-2024 21:45,12-10-2023 23:00
13084,442,60b04f1650ff0c9f6faa15be8ffff7e5cd37bf4a991b0a339189a45f,INDY staking reward,12 October 2023,38542,10-01-2024 21:45,12-10-2023 23:00
13085,442,16af0db2d287df23f43f80b06b04415537fd9b6408c1cb5894da1329,INDY staking reward,12 October 2023,377459,10-01-2024 21:45,12-10-2023 23:00
13086,442,60fea11a301aa81b05dfa5a6f2894e614324dcd7a40b3c2df7888ae8,INDY staking reward,12 October 2023,47932,10-01-2024 21:45,12-10-2023 23:00
13087,442,7e7cf0f8895addc5cee4e2c2139707a3ff156c06ab0158772912a1ae,INDY staking reward,12 October 2023,1275893,10-01-2024 21:45,12-10-2023 23:00
13088,442,31ab20da63adf95f5a9e4ecf297d1d3eb8730f6d8d17946696e8ed91,INDY staking reward,12 October 2023,1500635,10-01-2024 21:45,12-10-2023 23:00
13089,442,f6babe82e81a1d51f5e4368647e69d71363450dec2d259c239658201,INDY staking reward,12 October 2023,77856,10-01-2024 21:45,12-10-2023 23:00
13090,442,9e50685ab277c256faccb96797ca4a94bdff89291b969ed2371c5abb,INDY staking reward,12 October 2023,338634,10-01-2024 21:45,12-10-2023 23:00
13091,442,ea491e5bdcca2da23120077ecafc459f13a696d7ba3541c58e2bbe7b,INDY staking reward,12 October 2023,36687,10-01-2024 21:45,12-10-2023 23:00
13092,442,459c833e1a7547ffd56df2b61dc0deb0c93da2b86301d9701f38978f,INDY staking reward,12 October 2023,390808,10-01-2024 21:45,12-10-2023 23:00
13093,442,966c8c683271fb81c24235f265eac3d02095b67ca0613e08a0de963f,INDY staking reward,12 October 2023,523425,10-01-2024 21:45,12-10-2023 23:00
13094,442,7c5a3ffd4843cf9bb750918cb453a87e71b3b21d63b02dd45dd3ea31,INDY staking reward,12 October 2023,9129,10-01-2024 21:45,12-10-2023 23:00
13095,442,b6bc4e90822568488aa20ecd8726708ac5bd4a6b284ab350af337222,INDY staking reward,12 October 2023,520026,10-01-2024 21:45,12-10-2023 23:00
13096,442,20dbc91dd83004def0b7b5ee1073d012cd8369571bba1892e37990fe,INDY staking reward,12 October 2023,112642,10-01-2024 21:45,12-10-2023 23:00
13097,442,f2159d88e36153596ac462a28a71795a908c7c08a7cb8d815b0f091d,INDY staking reward,12 October 2023,295,10-01-2024 21:45,12-10-2023 23:00
13098,442,18e4a3d3fcc5dee4b932b901795dd9f7e6ac57c448fca07e2f564029,INDY staking reward,12 October 2023,866992,10-01-2024 21:45,12-10-2023 23:00
13099,442,d20a972f5bddebc47975b4d78f5a5ea7113b8311a84623fe58891b45,INDY staking reward,12 October 2023,21188,10-01-2024 21:45,12-10-2023 23:00
13100,442,631f77220115edda619b7e2d20c31a56e5b7c3406d37992ceada8d4f,INDY staking reward,12 October 2023,3246641,10-01-2024 21:45,12-10-2023 23:00
13101,442,76bd0706659b380bf2acb2259850bdd90488151424877d178eaa4c2d,INDY staking reward,12 October 2023,477415,10-01-2024 21:45,12-10-2023 23:00
13102,442,0cb7f81755ae43fbe5aa4f7683cdd67e87ab8d7b814995bd5dcb9b50,INDY staking reward,12 October 2023,1886261,10-01-2024 21:45,12-10-2023 23:00
13103,442,092b7b9ae9bfed9f25757ce431f885b079ba820ec102294ec9f18c5b,INDY staking reward,12 October 2023,60603,10-01-2024 21:45,12-10-2023 23:00
13104,442,fde99c5446fa0a9d8337fd28293649bd0b5d9a9264c5b33f975ecda7,INDY staking reward,12 October 2023,92053,10-01-2024 21:45,12-10-2023 23:00
13105,442,c3c614b91979338ff59a089ce6ecd0ef84fe80a3e42fb434a3489f32,INDY staking reward,12 October 2023,850209,10-01-2024 21:45,12-10-2023 23:00
13106,442,daad3e5d63d0918c01fa88c8b461c006f020c43e58f77a80d7ec95fd,INDY staking reward,12 October 2023,193010,10-01-2024 21:45,12-10-2023 23:00
13107,442,cc61886cd84b2810e7509648dbac8024a15547b5253af083842d07d3,INDY staking reward,12 October 2023,251471,10-01-2024 21:45,12-10-2023 23:00
13108,442,38912a457ed1811244cdbc1c358671491a7b2844953774a86fa765dc,INDY staking reward,12 October 2023,58201,10-01-2024 21:45,12-10-2023 23:00
13109,442,55ef464ca22cf92698284b40810e51777b3bbaece5007d513dd80d3d,INDY staking reward,12 October 2023,25318,10-01-2024 21:45,12-10-2023 23:00
13110,442,c939e67d1b064f4ce7494926542f57cb5d8df4487955418e4eb1fd8f,INDY staking reward,12 October 2023,116807,10-01-2024 21:45,12-10-2023 23:00
13111,442,3fa723d85547eea636575f8bda15e471370042d7142c50378b8928e4,INDY staking reward,12 October 2023,631611,10-01-2024 21:45,12-10-2023 23:00
13112,442,0ad45bd4425847c0893b6a9135dc9086793f21620bf46205901be98a,INDY staking reward,12 October 2023,84368,10-01-2024 21:45,12-10-2023 23:00
13113,442,616ae6f4803b2d581ebd1d5cf6b74c35cd5ab3a1b9bd992a9cbee44b,INDY staking reward,12 October 2023,100839,10-01-2024 21:45,12-10-2023 23:00
13114,442,c54d3b3eac586665a5d2406aaaab7f12c2f43bf15eed59de51bb81ad,INDY staking reward,12 October 2023,769849,10-01-2024 21:45,12-10-2023 23:00
13115,442,058a5ab0c66647dcce82d7244f80bfea41ba76c7c9ccaf86a41b00fe,INDY staking reward,12 October 2023,147513,10-01-2024 21:45,12-10-2023 23:00
13116,442,ff6f1a1500c463068faa3a4aee28ee0e9bdb7cd667b3ac131aaa6f2c,INDY staking reward,12 October 2023,97051,10-01-2024 21:45,12-10-2023 23:00
13117,442,509902b30c77bc1acc7de0f4d68e08b575f8f9ae8da1ebf462a133ba,INDY staking reward,12 October 2023,324795,10-01-2024 21:45,12-10-2023 23:00
13118,442,ab36593689a7f2c767df136a7dc71218547764e7ea66739e1d25c510,INDY staking reward,12 October 2023,156715,10-01-2024 21:45,12-10-2023 23:00
13119,442,149bf3b0553c58d4de93a0cad5c0bacc8d6c2ec1ae55a73402aa4fdb,INDY staking reward,12 October 2023,3602,10-01-2024 21:45,12-10-2023 23:00
13120,442,966a95b282a746b3cac3e6d31752efc50b97425e5570fab70d45b0fb,INDY staking reward,12 October 2023,68201,10-01-2024 21:45,12-10-2023 23:00
13121,442,0a82a837af1a325a9e6659189dbc86d8c9c4c83ab6ddaea4be87045a,INDY staking reward,12 October 2023,20827,10-01-2024 21:45,12-10-2023 23:00
13122,442,543dbea1a4955e257d3568d640b1ceeeefcad09e2cf93f16c15e49d4,INDY staking reward,12 October 2023,97481,10-01-2024 21:45,12-10-2023 23:00
13123,442,7f8e44829cfa592b7198af832600fa6279f440a1eab915074d8b7820,INDY staking reward,12 October 2023,637703,10-01-2024 21:45,12-10-2023 23:00
13124,442,f9328b14f7918e07af661c42694ba036d47590787fa8af621cc02b0d,INDY staking reward,12 October 2023,20360318,10-01-2024 21:45,12-10-2023 23:00
13125,442,8882040c52f06ec0ddbb69b43fb12ff177a723f1a87ba44bdb783729,INDY staking reward,12 October 2023,212452,10-01-2024 21:45,12-10-2023 23:00
13126,442,7904815d0e98aed4060226763de69217ae5d863e7a7cd71634d64987,INDY staking reward,12 October 2023,104794,10-01-2024 21:45,12-10-2023 23:00
13127,442,e0f3e44d96ee509d6ab6e2da8f461254ca01f70093af4449dc4872f7,INDY staking reward,12 October 2023,238505,10-01-2024 21:45,12-10-2023 23:00
13128,442,89a01cf2bd9ed786ec21c34dbcf0c12c30fb04e0b703f7aaa5493804,INDY staking reward,12 October 2023,207488,10-01-2024 21:45,12-10-2023 23:00
13129,442,6e1beb91f97d5743780e42d9a3deeb8102c716ae69bafe5f99a26e79,INDY staking reward,12 October 2023,2784360,10-01-2024 21:45,12-10-2023 23:00
13130,442,d23af189dfd9dca942127a0859d3f9067f14a39da809165eea25ceea,INDY staking reward,12 October 2023,150296,10-01-2024 21:45,12-10-2023 23:00
13131,442,344b062d324fb1d5c2604c5381acd0e0dc8eac7fe94613a1dd1c9ee5,INDY staking reward,12 October 2023,307603,10-01-2024 21:45,12-10-2023 23:00
13132,442,8c5626c9e662752024df18952fa8540323f25adc94d1ddf19cbbe93a,INDY staking reward,12 October 2023,432243,10-01-2024 21:45,12-10-2023 23:00
13133,442,bcd7d0e8839b24551996bbec8f229f4f6788f31974b86088e50cc325,INDY staking reward,12 October 2023,247596,10-01-2024 21:45,12-10-2023 23:00
13134,442,c05a3bb916f898f5a4bb6886e7eca889c8f0e337ca7d0ac8a23aadf3,INDY staking reward,12 October 2023,991851,10-01-2024 21:45,12-10-2023 23:00
13135,442,8077fac34aefc0f232a6b6fea2d6c75fa899ebeca2a6ba357b216d82,INDY staking reward,12 October 2023,666882,10-01-2024 21:45,12-10-2023 23:00
13136,442,67e387d10636eab53e1f7fd5f44dc6bb69c34b171e9bc101d9ee6b17,INDY staking reward,12 October 2023,9108,10-01-2024 21:45,12-10-2023 23:00
13137,442,8be6732aed7a8fae40c977123a8c351f24783273e129f986fa3f1eff,INDY staking reward,12 October 2023,2406332,10-01-2024 21:45,12-10-2023 23:00
13138,442,85dccd823a8eda33c9f680bb5dd7c09479fae10c95732a968f39ddad,INDY staking reward,12 October 2023,631488,10-01-2024 21:45,12-10-2023 23:00
13139,442,eb4a2568fc0cb815af4739588fb17032142766a1b3878e090a71e3da,INDY staking reward,12 October 2023,108934,10-01-2024 21:45,12-10-2023 23:00
13140,442,7c134532a8bb72a435c2168b50fdbfb03c0c1cc207953dfb9c248a35,INDY staking reward,12 October 2023,1191278,10-01-2024 21:45,12-10-2023 23:00
13141,442,add22687547b52ee682e6d576776af097ef9374ecce09681b9b43715,INDY staking reward,12 October 2023,85890,10-01-2024 21:45,12-10-2023 23:00
13142,442,727a8cee0f9f9e8a9bee8fb8234ccb65ab6d5f14ab87bc19160f710d,INDY staking reward,12 October 2023,1768538,10-01-2024 21:45,12-10-2023 23:00
13143,442,3021143b6b83e4f436dabb5a10f484686d06c9a0de1a223c7427f5b9,INDY staking reward,12 October 2023,85623,10-01-2024 21:45,12-10-2023 23:00
13144,442,8d936446136ef1c56b2be4d5a4f98e6fa1012788406a466f9b713fd0,INDY staking reward,12 October 2023,110961,10-01-2024 21:45,12-10-2023 23:00
13145,442,b853f02fc861b655e981baba6d5966f508073101756edc0a8acf015f,INDY staking reward,12 October 2023,330563,10-01-2024 21:45,12-10-2023 23:00
13146,442,2c792d2d01687a97c4788e1822ecc017ce0063767d9a4db2335806a0,INDY staking reward,12 October 2023,29339353,10-01-2024 21:45,12-10-2023 23:00
13147,442,f147a65284a3034d08fd58efce9f05b460b471e65460ec659dbde6e2,INDY staking reward,12 October 2023,24238749,10-01-2024 21:45,12-10-2023 23:00
13148,442,e73f8221818a9210e967ecb08660f46173cbf8e00e4abc582d751bcd,INDY staking reward,12 October 2023,42283,10-01-2024 21:45,12-10-2023 23:00
13149,442,d13077d5b036f1895fba9b1ecd9c5fae30d8cd30022c6481c175eed0,INDY staking reward,12 October 2023,206477,10-01-2024 21:45,12-10-2023 23:00
13150,442,bd96fe20f8f49764a9bf949244b85abf65f8e99cd523619b535e4b96,INDY staking reward,12 October 2023,2295577,10-01-2024 21:45,12-10-2023 23:00
13151,442,1c17a2b47f85fbfb39d92c74636c3febf1c4171c923fcb69f1d9cc15,INDY staking reward,12 October 2023,1505639,10-01-2024 21:45,12-10-2023 23:00
13152,442,77a1b379e48df6426e5cc09831d89c98ab884006386249023012566b,INDY staking reward,12 October 2023,88293,10-01-2024 21:45,12-10-2023 23:00
13153,442,6a16c17ea482a0fa5c4c6ff7eec79c3aaf70c3b930527755c8f04a2d,INDY staking reward,12 October 2023,394519,10-01-2024 21:45,12-10-2023 23:00
13154,442,3763f45c7d35bfe90ca08bf7715f3bb84347e80cb3ed92ee67367b1e,INDY staking reward,12 October 2023,440906,10-01-2024 21:45,12-10-2023 23:00
13155,442,0cc8211b4e1b8ad56ffa00ba5b8a54b14c58f48d692bb0957c1364d1,INDY staking reward,12 October 2023,107614,10-01-2024 21:45,12-10-2023 23:00
13156,442,8d727e5efe8b4f92eec8dc33c48f000e3c6a310b8c7931468eef5695,INDY staking reward,12 October 2023,1020,10-01-2024 21:45,12-10-2023 23:00
13157,442,52c268db5373bd8341a1b9966bcf911fbbe609186d7e1ba0d3374c41,INDY staking reward,12 October 2023,232035,10-01-2024 21:45,12-10-2023 23:00
13158,442,2161db96d295a9cc37a86484037afb0ad7338aa0b293d4c5acc2818f,INDY staking reward,12 October 2023,649760,10-01-2024 21:45,12-10-2023 23:00
13159,442,4378058a7cccac8210e262f05c01a199aba092f30c3819ac2528fe2b,INDY staking reward,12 October 2023,1648226,10-01-2024 21:45,12-10-2023 23:00
13160,442,f013b77ae6ab1f09b5bef9c18f26089ddf57e2e780dc6f1c70746f8c,INDY staking reward,12 October 2023,456047,10-01-2024 21:45,12-10-2023 23:00
13161,442,bfafa728e2977bfd051374321b88dc56458b666ab3b45151b201e2c2,INDY staking reward,12 October 2023,158365,10-01-2024 21:45,12-10-2023 23:00
13162,442,9bcae20f9730d8e55cb358674a1ca16eb2410444afa637cb818c01db,INDY staking reward,12 October 2023,29791,10-01-2024 21:45,12-10-2023 23:00
13163,442,d5ffa4e09c6eaa4c882e10d3cc94b6c604e5982bf3715d40d4ec5351,INDY staking reward,12 October 2023,99469,10-01-2024 21:45,12-10-2023 23:00
13164,442,a79e3310327ff57aec9921c729d9a81389fe10aaa398fda3e5ae0fb3,INDY staking reward,12 October 2023,545783,10-01-2024 21:45,12-10-2023 23:00
13165,442,619db89e32d3347ca98cb4718f91695154e3a3f7d383af693a4dabc8,INDY staking reward,12 October 2023,88513,10-01-2024 21:45,12-10-2023 23:00
13166,442,4c80764f5b682045f12a83303d017d4dbe90f09f76b2108a5c44ae54,INDY staking reward,12 October 2023,193073,10-01-2024 21:45,12-10-2023 23:00
13167,442,86be47e3f02ade0055290f56554a21cd9f6d9e3f037b34301a28890c,INDY staking reward,12 October 2023,3976740,10-01-2024 21:45,12-10-2023 23:00
13168,442,a66f3589c69139fbd204ad42b34a70b65dba7834ce7641ae649c5171,INDY staking reward,12 October 2023,2196409,10-01-2024 21:45,12-10-2023 23:00
13169,442,a7793000be35ab0dd64570208d714684e292588d3067948d9cab4b62,INDY staking reward,12 October 2023,1860704,10-01-2024 21:45,12-10-2023 23:00
13170,442,b3a5fe47788308ea5a281d3f804c02ebb5cd4c2882819a197279d3c1,INDY staking reward,12 October 2023,1318724,10-01-2024 21:45,12-10-2023 23:00
13171,442,69cc71ae506283df9ddbc57cdbf9a22e090ac05fcb9ba3d1c88445b6,INDY staking reward,12 October 2023,192569,10-01-2024 21:45,12-10-2023 23:00
13172,442,0734a5973d3de6cf214d64d15b03a424c976d8bc6550207c064444b0,INDY staking reward,12 October 2023,192611,10-01-2024 21:45,12-10-2023 23:00
13173,442,3c91dddff87a11d5e059789c7ddd81191849b439902c6e208407d1fb,INDY staking reward,12 October 2023,4606559,10-01-2024 21:45,12-10-2023 23:00
13174,442,c2d5b272e2f3d057756e4c300cc19643ad3ba2a2be7ad02573d127e2,INDY staking reward,12 October 2023,335344,10-01-2024 21:45,12-10-2023 23:00
13175,442,dfed1e960ff73a09e1fccc0edfb226e3b4460cc5a75cce2232b93166,INDY staking reward,12 October 2023,52662,10-01-2024 21:45,12-10-2023 23:00
13176,442,af7ea0c07f8c05d8c8e27b25a70ae93cff2159b4224f0f032e366d3a,INDY staking reward,12 October 2023,462811,10-01-2024 21:45,12-10-2023 23:00
13177,442,2a7d3f01332ce5cf2ad417750bb81cc273d63c6442a146b77d8ddd9b,INDY staking reward,12 October 2023,973418,10-01-2024 21:45,12-10-2023 23:00
13178,442,31479ac784262fd77e8f9e7199441161b91e24cc31cf2fc8f38817c2,INDY staking reward,12 October 2023,31237,10-01-2024 21:45,12-10-2023 23:00
13179,442,8e6dcfe2738a7246c0d4e8786ce30a4b62e7f9a1e1264777973532f3,INDY staking reward,12 October 2023,388441,10-01-2024 21:45,12-10-2023 23:00
13180,442,9038d358c8b68ef303e14fd92dfebe6208fbe1e39e7b1a9deaa8bda8,INDY staking reward,12 October 2023,240375,10-01-2024 21:45,12-10-2023 23:00
13181,442,6e28b59e19214ab1183da6d83408a4348497e6d0af5cba25228806de,INDY staking reward,12 October 2023,2155293,10-01-2024 21:45,12-10-2023 23:00
13182,442,2eb9864731e7c42b616da7800a00b034d4fee07940c59e7d8566f96b,INDY staking reward,12 October 2023,30198,10-01-2024 21:45,12-10-2023 23:00
13183,442,fbffa3ca1aa8b1911628181e1757f2976c4981da8ce4a1cd62cde4f0,INDY staking reward,12 October 2023,328423,10-01-2024 21:45,12-10-2023 23:00
13184,442,b441ca29dc1d111c2bd998f8b347f57613bc68458a0ffda06ad65066,INDY staking reward,12 October 2023,1476443,10-01-2024 21:45,12-10-2023 23:00
13185,442,6487ce4a259e4b3bb19fa9c25e788f68f30fdaa7d3f8f9afdcce2f70,INDY staking reward,12 October 2023,255990,10-01-2024 21:45,12-10-2023 23:00
13186,442,2a2af801d6d80d6d209060a6844f279eb52d0bfd485a66a001bf4863,INDY staking reward,12 October 2023,1548532,10-01-2024 21:45,12-10-2023 23:00
13187,442,2930cafa7a43d98c175f6714b78c01ead31d802ebd6c0102f16de275,INDY staking reward,12 October 2023,3572,10-01-2024 21:45,12-10-2023 23:00
13188,442,73761bdecaf3b16b1ac8cfbc32a46cfb73f3086cd854b57855bcf16e,INDY staking reward,12 October 2023,197784,10-01-2024 21:45,12-10-2023 23:00
13189,442,df027e77e46f186b37c7dd5ef8df0aa6e03402fc383f90bcb28eec6c,INDY staking reward,12 October 2023,41033,10-01-2024 21:45,12-10-2023 23:00
13190,442,d65a728bcadfc7a322256780b59a9727c28dc96f1471d03923e6935d,INDY staking reward,12 October 2023,744226,10-01-2024 21:45,12-10-2023 23:00
13191,442,7968a748b588347106eebc57fb2cf6afc0bfebd72784ab489dbd0ad5,INDY staking reward,12 October 2023,585,10-01-2024 21:45,12-10-2023 23:00
13192,442,9a169573055a08c7a92d9e743d715bd9846f4433a574d515fbdfaaf9,INDY staking reward,12 October 2023,297633,10-01-2024 21:45,12-10-2023 23:00
13193,442,adfa05b38e47fd0dd027217e2e2b26c8bbeef24b73ac056cd653e96a,INDY staking reward,12 October 2023,423536,10-01-2024 21:45,12-10-2023 23:00
13194,442,6cbf184a25fa514aba15fe559a5bc340ba2a8feefd282529c3b46916,INDY staking reward,12 October 2023,11905,10-01-2024 21:45,12-10-2023 23:00
13195,442,9c8aec49d745d235f31947cec55e7d22010df0d07bbe94e7b7b4d18b,INDY staking reward,12 October 2023,156005,10-01-2024 21:45,12-10-2023 23:00
13196,442,1b18be6b9c7e629aac41cb1679aae9df1dfb09dbb1c20ad853472b17,INDY staking reward,12 October 2023,89290,10-01-2024 21:45,12-10-2023 23:00
13197,442,337cc0ebe91c677d32b45378aa718afb46e731d20dedca7e71fab356,INDY staking reward,12 October 2023,7595656,10-01-2024 21:45,12-10-2023 23:00
13198,442,ad397033e75060b31ecb2d07be8b315c9c27ec739aa7779703d70a6f,INDY staking reward,12 October 2023,35302,10-01-2024 21:45,12-10-2023 23:00
13199,442,c590affd526db47b19bcb411793bba5d639c1f5885fafc47838cd22e,INDY staking reward,12 October 2023,2466375,10-01-2024 21:45,12-10-2023 23:00
13200,442,e1474a89069da20d265960f25737f471d48d625898190e481c1803f3,INDY staking reward,12 October 2023,112134,10-01-2024 21:45,12-10-2023 23:00
13201,442,c1e127e6f4fe215c3dcf7cc66335711c354e4e032a91919b7bb304d7,INDY staking reward,12 October 2023,4508201,10-01-2024 21:45,12-10-2023 23:00
13202,442,95724cd5312fab6330ca447a9fc9a115509dd26b1840709f744d7b92,INDY staking reward,12 October 2023,56649,10-01-2024 21:45,12-10-2023 23:00
13203,442,37d0d7bacd94e0c31b8a3a88a5b9e075dc47a7c11720e9806eed4ecc,INDY staking reward,12 October 2023,488421,10-01-2024 21:45,12-10-2023 23:00
13204,442,f4eb41f8243e24808d91e0e79196fb9ab7c95280d8be1ab75e36cb0d,INDY staking reward,12 October 2023,30574,10-01-2024 21:45,12-10-2023 23:00
13205,442,ba0a5189328a2fc2a06074174a8cae39b7c8fcb57e03038b5f74e410,INDY staking reward,12 October 2023,285298,10-01-2024 21:45,12-10-2023 23:00
13206,442,5502991103fb3f6ebfd0bae6995312e29b4ffafb852dd5d0d8ff2ce8,INDY staking reward,12 October 2023,50378,10-01-2024 21:45,12-10-2023 23:00
13207,442,731f87d5ee7275023a1a2e34e209e32844edf304e4f34ad54ace3ec9,INDY staking reward,12 October 2023,4357406,10-01-2024 21:45,12-10-2023 23:00
13208,442,10234d3260ad2d57ef9745823f37b6796e16cd12484cd483995c3b05,INDY staking reward,12 October 2023,585823,10-01-2024 21:45,12-10-2023 23:00
13209,442,a8b70658a1a21d670b1f8f106b42cdb6d320115943a909a4e3fd2d3e,INDY staking reward,12 October 2023,487073,10-01-2024 21:45,12-10-2023 23:00
13210,442,cb2b4570726c6675a37c6a6a64b482eb461e2b5b1a75359d4ae3a8d1,INDY staking reward,12 October 2023,54122,10-01-2024 21:45,12-10-2023 23:00
13211,442,6fd0086d3e92f9f98e4959febf7fb31e8d20d3aca70a025f19e41d19,INDY staking reward,12 October 2023,16890,10-01-2024 21:45,12-10-2023 23:00
13212,442,dcc2117fe7b56fbf5a0c7ae4bd3e33a3a4ed07cd25e02c4c6e34d510,INDY staking reward,12 October 2023,210408,10-01-2024 21:45,12-10-2023 23:00
13213,442,44b04fc084652243f6602627cd8ca285d93f3f3454967a05157309f4,INDY staking reward,12 October 2023,87504,10-01-2024 21:45,12-10-2023 23:00
13214,442,058f356380a71f1d3d1e14c7f1abba5f716847dfe200f36c3a5aa949,INDY staking reward,12 October 2023,2765346,10-01-2024 21:45,12-10-2023 23:00
13215,442,d5113d9fda58f5ae5e6c70f99a3bca807ccac296d7cc95500b68fa7f,INDY staking reward,12 October 2023,271152,10-01-2024 21:45,12-10-2023 23:00
13216,442,87e121b32e070e0e9a35188935b562630ae9cb525f15c4d6b952a419,INDY staking reward,12 October 2023,64446,10-01-2024 21:45,12-10-2023 23:00
13217,442,9dec3c4964c4cb0bfbf95809b692f75f98161934226d9b1cb0e5999d,INDY staking reward,12 October 2023,665932,10-01-2024 21:45,12-10-2023 23:00
13218,442,17abbdbbee649dac78243c157c3238f34b9368e0e7d2c0232951484c,INDY staking reward,12 October 2023,706238,10-01-2024 21:45,12-10-2023 23:00
13219,442,2e5a4c00de5e5ae25ec3d16e50b1da6b651d07ba33d3af5358becf71,INDY staking reward,12 October 2023,23161,10-01-2024 21:45,12-10-2023 23:00
13220,442,fabbe2e8d3cb9d28308daec83505e4eacaec50dd0c8f30a92e98dcc1,INDY staking reward,12 October 2023,411276,10-01-2024 21:45,12-10-2023 23:00
13221,442,930a5a40fb419b4ca1a3d0a2f8cba25c0baeb5949e794034a7fbd1b4,INDY staking reward,12 October 2023,39870,10-01-2024 21:45,12-10-2023 23:00
13222,442,46c02bcf34f831b8605940841374d4dbd7400ad080322461e8c9bfca,INDY staking reward,12 October 2023,89290,10-01-2024 21:45,12-10-2023 23:00
13223,442,1e204f0840bbba9bf453fb8cac6bfadf5609a5ab80a4d7f998428ae8,INDY staking reward,12 October 2023,36077,10-01-2024 21:45,12-10-2023 23:00
13224,442,bd0f8a958763197ef563ab8d4d85fc21fee6f7b894d6c7c8d82db00c,INDY staking reward,12 October 2023,119238,10-01-2024 21:45,12-10-2023 23:00
13225,442,f7fbc9291c83560868ab7e3ba41ae900800b74940e117d044bf7dae4,INDY staking reward,12 October 2023,4786,10-01-2024 21:45,12-10-2023 23:00
13226,442,742e13aeb9130597e75cb1e4201368884b223a027760b1614ddcd514,INDY staking reward,12 October 2023,82267,10-01-2024 21:45,12-10-2023 23:00
13227,442,4d72f0b1c2659c94c8ab807bc0bbcee155289e264da0dbb3fdfd693e,INDY staking reward,12 October 2023,290741,10-01-2024 21:45,12-10-2023 23:00
13228,442,bf909d05ff1a6d1c02af70932384a6e3d457d460b2fb54c93aa2e021,INDY staking reward,12 October 2023,98727,10-01-2024 21:45,12-10-2023 23:00
13229,442,1b99baff37f78cb05032d29923df20a494564fec68842dd49b314905,INDY staking reward,12 October 2023,1210445,10-01-2024 21:45,12-10-2023 23:00
13230,442,e4bc3b67e91156254c24aae85ad6f0ed737280820d34d6d5db4585b9,INDY staking reward,12 October 2023,180316,10-01-2024 21:45,12-10-2023 23:00
13231,442,619b6b3a2835612d57f1fd005a20a950d5d17f31434599d983f4f066,INDY staking reward,12 October 2023,139888,10-01-2024 21:45,12-10-2023 23:00
13232,442,31d8b91405a871aad37acf784c07755fa1af02b93c1db9212cc80252,INDY staking reward,12 October 2023,331898,10-01-2024 21:45,12-10-2023 23:00
13233,442,783a0ce543f351d7963c5c65e1b83331748d20f67a54bb28a05a56ea,INDY staking reward,12 October 2023,1231075,10-01-2024 21:45,12-10-2023 23:00
13234,442,c72e850b91ecabf6af5dd3da40a26689b9f94b93c00a374c8b3119b8,INDY staking reward,12 October 2023,689564,10-01-2024 21:45,12-10-2023 23:00
13235,442,babe42db0633be78c314aa09cf09473f4d027287857b2d42368f69bb,INDY staking reward,12 October 2023,30381,10-01-2024 21:45,12-10-2023 23:00
13236,442,cee52f54bcc35cb36bd96e1b47e33be1b6cd35bfabdf74a4ec958f86,INDY staking reward,12 October 2023,95183,10-01-2024 21:45,12-10-2023 23:00
13237,442,ccb220201f3cb6b293ae4aa8f4c4280591f300897fa0354851c616f7,INDY staking reward,12 October 2023,31975,10-01-2024 21:45,12-10-2023 23:00
13238,442,bdf1dd8c87f1379368a2f3914007874982d8247be71c171fc2fec9ee,INDY staking reward,12 October 2023,1394806,10-01-2024 21:45,12-10-2023 23:00
13239,442,93527fb732328f1de9e8acc3162cd5a871757f4d843c2335ec900f90,INDY staking reward,12 October 2023,242479,10-01-2024 21:45,12-10-2023 23:00
13240,442,b6cdf3c4560e284a5d05fdc1e919565e5e3b6bd51640855b450ccb41,INDY staking reward,12 October 2023,723763,10-01-2024 21:45,12-10-2023 23:00
13241,442,fdf0a8011a7e976d9659c2cb25975ca8bc604215572f91449d0a41ba,INDY staking reward,12 October 2023,10235878,10-01-2024 21:45,12-10-2023 23:00
13242,442,ce613f5570fe5e5c3afb0c22c54be59d12c0dc76328f0145750cca07,INDY staking reward,12 October 2023,16667,10-01-2024 21:45,12-10-2023 23:00
13243,442,ff459cbd1daf01031d056e85b0495b66ae7167dca9cbfa0f6a77b73c,INDY staking reward,12 October 2023,22373,10-01-2024 21:45,12-10-2023 23:00
13244,442,009db4768f9eaf740e4de81848de05581bc52b543577fa5b70a89169,INDY staking reward,12 October 2023,878049,10-01-2024 21:45,12-10-2023 23:00
13245,442,2bf19e5ce4f0086dad389475d508a89c11155297aa2eb2333479e0c4,INDY staking reward,12 October 2023,29763,10-01-2024 21:45,12-10-2023 23:00
13246,442,9ef82b39ec0521ee2054f18b3811007af895c6a3248eb9bf458ebedd,INDY staking reward,12 October 2023,402098,10-01-2024 21:45,12-10-2023 23:00
13247,442,ad23281296f0b832cb6e835c46056903fac762d56f345a1af9988836,INDY staking reward,12 October 2023,561888,10-01-2024 21:45,12-10-2023 23:00
13248,442,339b73b1b15979d187c162f22707d3d86918dedd5716e748d9a8478b,INDY staking reward,12 October 2023,1963802,10-01-2024 21:45,12-10-2023 23:00
13249,442,d2cb4ce1de90a00c3c930185073e3c041f638555713136d3b3bdea81,INDY staking reward,12 October 2023,123348,10-01-2024 21:45,12-10-2023 23:00
13250,442,2aff53e9324e6069c0831a508c4af2403a56fd588cf30ef061383a53,INDY staking reward,12 October 2023,931,10-01-2024 21:45,12-10-2023 23:00
13251,442,929695c172f6c2841df1482161ec1a2716ee2f166c27c86b20736e71,INDY staking reward,12 October 2023,9078,10-01-2024 21:45,12-10-2023 23:00
13252,442,7e3647ab5fe908f2e38c09794ac6c9f2718167d6b12b66cc10c43802,INDY staking reward,12 October 2023,509333,10-01-2024 21:45,12-10-2023 23:00
13253,442,57ea5d39c88f246532413ccaecf9f3b992b3ee65abcddd5c921190e1,INDY staking reward,12 October 2023,5200054,10-01-2024 21:45,12-10-2023 23:00
13254,442,c8ca667b94b226c0400fc4f3f8ce935ef841edd752b09fbf28b1cb16,INDY staking reward,12 October 2023,15435283,10-01-2024 21:45,12-10-2023 23:00
13255,442,62d9741a02b688f04b4fae2ed7e9d039dcb65e80e7baf0b98b8191b8,INDY staking reward,12 October 2023,391756,10-01-2024 21:45,12-10-2023 23:00
13256,442,b0d375a666929853733c41ede207d3cc753e58870379f1d35a5981a1,INDY staking reward,12 October 2023,356366,10-01-2024 21:45,12-10-2023 23:00
13257,442,927fc7c9604b1b86803b1e6c79b229cbba70ff722d91214cfc33d8f4,INDY staking reward,12 October 2023,24696,10-01-2024 21:45,12-10-2023 23:00
13258,442,037e28af67f2f46508f4f97a151f1b693cfd758194d7f9c9e07794f7,INDY staking reward,12 October 2023,166463,10-01-2024 21:45,12-10-2023 23:00
13259,442,4124c3e26995ec7c090c879512610191389cb3a1ec92c0cb7df3c9ce,INDY staking reward,12 October 2023,502824,10-01-2024 21:45,12-10-2023 23:00
13260,442,b8c227cee34d9dbf5d26db07c2b7a0e873838135cf86021c2232fef9,INDY staking reward,12 October 2023,603218,10-01-2024 21:45,12-10-2023 23:00
13261,442,6f47cbf71699a17dff2d3039f2dd0eb49adccb6b7ea8c245d9fb8952,INDY staking reward,12 October 2023,224712,10-01-2024 21:45,12-10-2023 23:00
13262,442,348d43721c576c36f1b424b5589ae658cfa0ddd3e765fe0b9c5aae0b,INDY staking reward,12 October 2023,127982,10-01-2024 21:45,12-10-2023 23:00
13263,442,30f71e8f66d9f908f0a47173cccb4127341e557e9f3d9d60e0d60178,INDY staking reward,12 October 2023,1005267,10-01-2024 21:45,12-10-2023 23:00
13264,442,94275840268d6b1ef5de783596d50183aeca94277944210de3e2ee30,INDY staking reward,12 October 2023,1280706,10-01-2024 21:45,12-10-2023 23:00
13265,442,867d0bbc161fa9b4c7fb242b55ac34e39a4c5cb3945ecee645ad2061,INDY staking reward,12 October 2023,194606,10-01-2024 21:45,12-10-2023 23:00
13266,442,d496336a162d0f7e4d66409661ca127bd1cf9cdc18a1d7222bb9e314,INDY staking reward,12 October 2023,8064391,10-01-2024 21:45,12-10-2023 23:00
13267,442,23a7588cd931c33b933ccb72c23c71dc7e14165318b91761b52e0fae,INDY staking reward,12 October 2023,318387,10-01-2024 21:45,12-10-2023 23:00
13268,442,b03fc0f810dd2efc888d5f89243e67bf584b1baeb0085d00336fd44f,INDY staking reward,12 October 2023,143443,10-01-2024 21:45,12-10-2023 23:00
13269,442,3de5bd9affd4d3a8f02cdf5c1fc30889db7338396507f4309c1c48b3,INDY staking reward,12 October 2023,91537,10-01-2024 21:45,12-10-2023 23:00
13270,442,d8120b7ff6f379164a6238e94a02be9607348d66de8cdd6ad923a1e3,INDY staking reward,12 October 2023,157160,10-01-2024 21:45,12-10-2023 23:00
13271,442,15606a30af237ef3bfca6b3b7f22d22fe320630f02c84787d533896d,INDY staking reward,12 October 2023,185441,10-01-2024 21:45,12-10-2023 23:00
13272,442,a3fcd9ac08aaba066110a8e2492e9f777f9cf49e56331dab600ec8b9,INDY staking reward,12 October 2023,28990,10-01-2024 21:45,12-10-2023 23:00
13273,442,a5fe1c5e233fea6007d4886b01be3551000f376431f8dbabebafa2ea,INDY staking reward,12 October 2023,1083189,10-01-2024 21:45,12-10-2023 23:00
13274,442,f28c3220c1ae8fc4846b5a19a3f967b01d23baf00eceb0a1d20798a4,INDY staking reward,12 October 2023,123594,10-01-2024 21:45,12-10-2023 23:00
13275,442,5ecab13ff044936c1995f6878a507ab30072dbd58fbac220dac6bbfe,INDY staking reward,12 October 2023,740556,10-01-2024 21:45,12-10-2023 23:00
13276,442,91a484d734334a3069b53ae5373393a8ea8f93d88627670c00f8e8f9,INDY staking reward,12 October 2023,61145,10-01-2024 21:45,12-10-2023 23:00
13277,442,c4c6e2c645f453f6f7ca990b7ade2b2b2de868c0aeb5c7511e481fe9,INDY staking reward,12 October 2023,311158,10-01-2024 21:45,12-10-2023 23:00
13278,442,e8aa119715131d1dc98e1703729210cc98b1883773fefc5177cbfdb9,INDY staking reward,12 October 2023,768426,10-01-2024 21:45,12-10-2023 23:00
13279,442,c11f654d8903679a66bb77686c7c6f49d09af62f797185f8c7c0e49f,INDY staking reward,12 October 2023,71082,10-01-2024 21:45,12-10-2023 23:00
13280,442,36f4acc790ade8685561ee452d290cddfaae730872d02a25fd4d65cc,INDY staking reward,12 October 2023,246794,10-01-2024 21:45,12-10-2023 23:00
13281,442,4a327222227863b7a44a7d9ef1e8148060bf75334ea1015e18617e17,INDY staking reward,12 October 2023,5595510,10-01-2024 21:45,12-10-2023 23:00
13282,442,e73dedb1ad601b2c565d3d5abd31f368cc8b8b8e94faa13de79475c3,INDY staking reward,12 October 2023,11905,10-01-2024 21:45,12-10-2023 23:00
13283,442,1344872b9f56ea8bf5cfea1753d52d41f5241bddc9b5f870e4ab83e9,INDY staking reward,12 October 2023,564882,10-01-2024 21:45,12-10-2023 23:00
13284,442,94a5143288799b2e88456e07d6693f03edc4fec71fd1338ee69f6740,INDY staking reward,12 October 2023,73181363,10-01-2024 21:45,12-10-2023 23:00
13285,442,c76c0ad06dfa9dbcaecbadec7d71c5e89b1b5efdbb480932fc9bce2f,INDY staking reward,12 October 2023,2994948,10-01-2024 21:45,12-10-2023 23:00
13286,442,f3130be9403c8d8e8ceb4803c8ebd09bca4bc858cc1a2f3d5df7df44,INDY staking reward,12 October 2023,639954,10-01-2024 21:45,12-10-2023 23:00
13287,442,ca0f77040a2b74ee79cb3a2c8046083e364c853648d64885a75ae35e,INDY staking reward,12 October 2023,91867,10-01-2024 21:45,12-10-2023 23:00
13288,442,ad7fe2d8b9b3cf82a37e9633c0e48784f788f352c5314d5a5e20bf08,INDY staking reward,12 October 2023,338376,10-01-2024 21:45,12-10-2023 23:00
13289,442,5cbf5f0ea9260bb305078b3bbfdca41a598d232d74c9a30db243ab67,INDY staking reward,12 October 2023,581825,10-01-2024 21:45,12-10-2023 23:00
13290,442,abd768ffa460e4578bd7a72296552532e2e463ac8727396b752aeef9,INDY staking reward,12 October 2023,103766,10-01-2024 21:45,12-10-2023 23:00
13291,442,3fbdca8a85a77bb7448f2aed7fc255737afce334c27beb34abea0f98,INDY staking reward,12 October 2023,565843,10-01-2024 21:45,12-10-2023 23:00
13292,442,d60e724de921571ec9a732fad7ec0673fb9665e2b41040cfc8193289,INDY staking reward,12 October 2023,154448,10-01-2024 21:45,12-10-2023 23:00
13293,442,a249e0d4dab1b164dd033043cbabdf204b34f7ecbdb994bec90d7216,INDY staking reward,12 October 2023,106238,10-01-2024 21:45,12-10-2023 23:00
13294,442,31161a3f479812bb1b676672d89d870a9eb53209c5ac33bec960388e,INDY staking reward,12 October 2023,1587701,10-01-2024 21:45,12-10-2023 23:00
13295,442,dc02ccd3782cd2a25908214624aef4b201639744163010a68cfbb484,INDY staking reward,12 October 2023,104454,10-01-2024 21:45,12-10-2023 23:00
13296,442,2b4aa51896041c905eac490447f886afe8eb67f3b05b1000ce976cb8,INDY staking reward,12 October 2023,129834,10-01-2024 21:45,12-10-2023 23:00
13297,442,35fc0d9a0b03f48768465620b16a3d5902a30dab99d4a7d2c08add5c,INDY staking reward,12 October 2023,1049591,10-01-2024 21:45,12-10-2023 23:00
13298,442,24ed67be281a66a82b581b4c0ece31fa5ed6ea53a587fe9f0b9c9548,INDY staking reward,12 October 2023,608140,10-01-2024 21:45,12-10-2023 23:00
13299,442,b1cf6e2d6f48b04ca81b5240c6863c43be3dde6202a121800a79efad,INDY staking reward,12 October 2023,483615,10-01-2024 21:45,12-10-2023 23:00
13300,442,d293f90ea2fd8c346edc313e42d1d8e3e739282dca078926377f6e1d,INDY staking reward,12 October 2023,150237,10-01-2024 21:45,12-10-2023 23:00
13301,442,1227be2193b0f03f9ced11395f01fec9baab09491e545787377e5787,INDY staking reward,12 October 2023,1367561,10-01-2024 21:45,12-10-2023 23:00
13302,442,4d5da618c7b48388366354c11d5e897d2449b087b523fd083fa0970f,INDY staking reward,12 October 2023,659225,10-01-2024 21:45,12-10-2023 23:00
13303,442,35f31e0e99aa11179513402c64432bf50299e9a87276e8acd9fe765a,INDY staking reward,12 October 2023,1103886,10-01-2024 21:45,12-10-2023 23:00
13304,442,fcc20a843a102f03b5a67e2d9567fc74c70c2c2c294b85fa83086611,INDY staking reward,12 October 2023,10641878,10-01-2024 21:45,12-10-2023 23:00
13305,442,741934bd37c4397abd4a082de2246e631b9e217eda5e0fc2d49f962e,INDY staking reward,12 October 2023,211929,10-01-2024 21:45,12-10-2023 23:00
13306,442,9f95cb7929fd219396797e5ed4c48b69cd18f58370858927236619cf,INDY staking reward,12 October 2023,11527841,10-01-2024 21:45,12-10-2023 23:00
13307,442,43d0a98cb18fe49f759a593585010bd4b4947c7e7b3493de6d96849f,INDY staking reward,12 October 2023,317412,10-01-2024 21:45,12-10-2023 23:00
13308,442,9bd32d0c896ecfd22af41a2328d4e1d7bc2e8be07e61ce7eb5caa536,INDY staking reward,12 October 2023,7172742,10-01-2024 21:45,12-10-2023 23:00
13309,442,5f431f57ad76f9c3feaf03809fb3ba95da61f53fda601021a73f8040,INDY staking reward,12 October 2023,1519303,10-01-2024 21:45,12-10-2023 23:00
13310,442,ee0d3f0402347e81228151903cf5249eb6303bf0e78b4f488263db90,INDY staking reward,12 October 2023,540643,10-01-2024 21:45,12-10-2023 23:00
13311,442,9e56b28c6ebeb632b7144c800618f085d67742c165f03ed5626a56a4,INDY staking reward,12 October 2023,622194,10-01-2024 21:45,12-10-2023 23:00
13312,442,e369f9a894744f3c1bf4e714426f0e9753cdcab22a9cf0ab620bd642,INDY staking reward,12 October 2023,3845733,10-01-2024 21:45,12-10-2023 23:00
13313,442,3657a92f82da5d852f3757b0d144117b3fce7353181e8a8202843d54,INDY staking reward,12 October 2023,1404998,10-01-2024 21:45,12-10-2023 23:00
13314,442,477246487885da2080ac3ba82751d27a45e14f90175f8f358547939e,INDY staking reward,12 October 2023,307348,10-01-2024 21:45,12-10-2023 23:00
13315,442,ff935aa9517ed6dbb666d91a00c0172972ac4f6de32420c025a23e37,INDY staking reward,12 October 2023,61567082,10-01-2024 21:45,12-10-2023 23:00
13316,442,05b8794c06e90623641bbc36252326edc2040d3f75ee94b9effbbda7,INDY staking reward,12 October 2023,1833,10-01-2024 21:45,12-10-2023 23:00
13317,442,c480783df5b96cc1a051c2bbe8c96d842a2743c747f303c656613e19,INDY staking reward,12 October 2023,8546,10-01-2024 21:45,12-10-2023 23:00
13318,442,e0ea68c3e09114bb8b746e67a3e44b5e4c0cdce33c07391dc1f61be2,INDY staking reward,12 October 2023,6432258,10-01-2024 21:45,12-10-2023 23:00
13319,442,7f7c5324f392ad3e9c21587cfcdc0a526ab5e3541dd2caa56f3836bf,INDY staking reward,12 October 2023,18685929,10-01-2024 21:45,12-10-2023 23:00
13320,442,c89afc2da9175089b41172171fccd8eab4fab0a4c4576d3240e0e2a0,INDY staking reward,12 October 2023,1202400,10-01-2024 21:45,12-10-2023 23:00
13321,442,1344c6719d8058b88f756f2ee293581dab8214b388113a46e95cb2e8,INDY staking reward,12 October 2023,60393,10-01-2024 21:45,12-10-2023 23:00
13322,442,0e6cdb5fa7bf493d9ed69f78d665fce1444b9ab01581708f065883a8,INDY staking reward,12 October 2023,599618,10-01-2024 21:45,12-10-2023 23:00
13323,442,d399a98b14f6eee4454a0b840974ac6a305258a268bef3241822b2a1,INDY staking reward,12 October 2023,124998,10-01-2024 21:45,12-10-2023 23:00
13324,442,72ba40a581a33978b374cf6853ad75c0f9c8e3e56377e8769cd3b140,INDY staking reward,12 October 2023,297633,10-01-2024 21:45,12-10-2023 23:00
13325,442,23c91e5a1ef52f1009f60d112978fb5c94b7e7d2692c59eaa9fea37d,INDY staking reward,12 October 2023,1935586,10-01-2024 21:45,12-10-2023 23:00
13326,442,b82989f36f9471ddeb5cb48abfc4b3db92692b938d9adb90b2f52437,INDY staking reward,12 October 2023,3197518,10-01-2024 21:45,12-10-2023 23:00
13327,442,e6926c176666e9fd9ca952aba71247472a1ab5358f38204d1ddfc79e,INDY staking reward,12 October 2023,220714,10-01-2024 21:45,12-10-2023 23:00
13328,442,574394ab415b836d98d86245093f59942aeec40decbda39751f3e7d7,INDY staking reward,12 October 2023,197926,10-01-2024 21:45,12-10-2023 23:00
13329,442,eec262031b5b78bd61e1f5aaeb37110ab6599407ab82682ad1798d21,INDY staking reward,12 October 2023,156785,10-01-2024 21:45,12-10-2023 23:00
13330,442,de5771cbff7cd2960f946f9752679084b94af12484abc3e14ac4ad97,INDY staking reward,12 October 2023,356712,10-01-2024 21:45,12-10-2023 23:00
13331,442,b895c57b4e6630d050de5e09138efc20f7e640d2bc8ffe1c0d14cfba,INDY staking reward,12 October 2023,103250,10-01-2024 21:45,12-10-2023 23:00
13332,442,94e3beb786d9d3048080817b141ae743b671017a735ad33c21a7dadc,INDY staking reward,12 October 2023,330070,10-01-2024 21:45,12-10-2023 23:00
13333,442,85bcc68578fe0326ae00e8aac5e6c5e734dfc3fc04d8e9a31d27c1ef,INDY staking reward,12 October 2023,2399287,10-01-2024 21:45,12-10-2023 23:00
13334,442,b56fdbb66dec9c967d89b574589a540521feb3e33cf3153e02d443e8,INDY staking reward,12 October 2023,70570,10-01-2024 21:45,12-10-2023 23:00
13335,442,d7093cc9caa740381045e3c433dfc849c3403ecf066fac9233e14246,INDY staking reward,12 October 2023,131191,10-01-2024 21:45,12-10-2023 23:00
13336,442,2e4fa47bb79e7a949afe7120907ed104d82118f209433130746e7c87,INDY staking reward,12 October 2023,94966,10-01-2024 21:45,12-10-2023 23:00
13337,442,7346e0ad8dce5c04702ca60dd0d4526e2df5d483f1761718ee53aad5,INDY staking reward,12 October 2023,41492,10-01-2024 21:45,12-10-2023 23:00
13338,442,7922b7b982018c9fb7dc9eba6ff0130ef2785f3b69febda1b3ebd513,INDY staking reward,12 October 2023,23572,10-01-2024 21:45,12-10-2023 23:00
13339,442,0cc3fd8d76cf6637dd2bcf040015bb20a7845bee40ac164df50254b6,INDY staking reward,12 October 2023,114272,10-01-2024 21:45,12-10-2023 23:00
13340,442,63aade055d90301cd816870ee5a3c9fc67d769274b8633e7a7893f05,INDY staking reward,12 October 2023,1718829,10-01-2024 21:45,12-10-2023 23:00
13341,442,875e0983da57293df20690f6504edbb7db8eb69efadbb8c9724f508e,INDY staking reward,12 October 2023,2028,10-01-2024 21:45,12-10-2023 23:00
13342,442,cb57b003edf212f5f09920822915fc2e42c6623428df6c2f9a4aadcd,INDY staking reward,12 October 2023,13024430,10-01-2024 21:45,12-10-2023 23:00
13343,442,f2b6cf66cf3dced0bd0a5048a91cff7d79670d90adfd6db96278e62a,INDY staking reward,12 October 2023,1175652,10-01-2024 21:45,12-10-2023 23:00
13344,442,92f06e24bbb228d53258680895e44237dfe20aaea32e957011ee14f7,INDY staking reward,12 October 2023,12793,10-01-2024 21:45,12-10-2023 23:00
13345,442,06126a123250e0920b44678709da9d6d06d9edca5ecc7c532ac49aad,INDY staking reward,12 October 2023,863904,10-01-2024 21:45,12-10-2023 23:00
13346,442,fa9b92b3f0c4a0a756c6d39c8e7015bdb593ca4c4e3f051b10d5eaa5,INDY staking reward,12 October 2023,155348,10-01-2024 21:45,12-10-2023 23:00
13347,442,09ade3dcf55b892702acbac162b2e04fe41a747b70c505fd141ad07e,INDY staking reward,12 October 2023,1154789,10-01-2024 21:45,12-10-2023 23:00
13348,442,fd0172cfb6d4f7289491b5316afb91c0f416ce5ca33fc39727bd691c,INDY staking reward,12 October 2023,325166,10-01-2024 21:45,12-10-2023 23:00
13349,442,efba2e5fca1401309845dd0bf246ae0cf015e3db98caff1ecc8343ec,INDY staking reward,12 October 2023,3140358,10-01-2024 21:45,12-10-2023 23:00
13350,442,fcf7c612df9c7d2d6df8723d4b9ee558c3398a75b43c329f73539bdb,INDY staking reward,12 October 2023,39446,10-01-2024 21:45,12-10-2023 23:00
13351,442,255a97c61a4b63163aeb3a1d584129068b6a9dc221de67e776d2cb3e,INDY staking reward,12 October 2023,350400,10-01-2024 21:45,12-10-2023 23:00
13352,442,f04e3a2f427f303624958a861d18f657e307e65da73922e8d823d573,INDY staking reward,12 October 2023,948367,10-01-2024 21:45,12-10-2023 23:00
13353,442,27e19a4d47b49657009c6265473dd7191ec0908bdcffdc0fe37ee348,INDY staking reward,12 October 2023,877978,10-01-2024 21:45,12-10-2023 23:00
13354,442,277fd1b973fb696cd511a2382770f137bedb994b2395d476db829938,INDY staking reward,12 October 2023,694451,10-01-2024 21:45,12-10-2023 23:00
13355,442,9cdf11e9f7832510865cf609be23fce37c331324a087d334801d435d,INDY staking reward,12 October 2023,268143,10-01-2024 21:45,12-10-2023 23:00
13356,442,356aa4fa03e001aafa876b3eff7ed8f2abd9bc2cb3533de1432ebd07,INDY staking reward,12 October 2023,2666466,10-01-2024 21:45,12-10-2023 23:00
13357,442,13dd85c67472864399334d40bd57d4bbfcdd5ea0436ed478f6c2409c,INDY staking reward,12 October 2023,242780,10-01-2024 21:45,12-10-2023 23:00
13358,442,6584bcf113af500d0a3da31cf71613891b5ec591bf920e03518cd20a,INDY staking reward,12 October 2023,46848,10-01-2024 21:45,12-10-2023 23:00
13359,442,a90c9789e1cc4e2b2b3f0623af62cf6c143918214776980f29b12d12,INDY staking reward,12 October 2023,431660,10-01-2024 21:45,12-10-2023 23:00
13360,442,756668ceaa6ce6e4d7496885a50692025b312e14e59277ee2df592cc,INDY staking reward,12 October 2023,1608748,10-01-2024 21:45,12-10-2023 23:00
13361,442,cf59324e35572473a1c164ace3b16a04c1893f82aae9557abe429d89,INDY staking reward,12 October 2023,82629,10-01-2024 21:45,12-10-2023 23:00
13362,442,d8ea32380f765a16065b25757c08ae9d7de9d6a0e059ea18c3e3a5b3,INDY staking reward,12 October 2023,116327,10-01-2024 21:45,12-10-2023 23:00
13363,442,577e72bce8dcba58ea3423dce45e9e8a8a270f65339ac6e64b22e6e5,INDY staking reward,12 October 2023,254206,10-01-2024 21:45,12-10-2023 23:00
13364,442,5187bd9ddecc2fdfae36f4e67526cc8368478db4478c08bff6a708dc,INDY staking reward,12 October 2023,6427535,10-01-2024 21:45,12-10-2023 23:00
13365,442,1be221caa2e043e3f2ac88126788bbab75a92f69f96c4ebd85e5d3da,INDY staking reward,12 October 2023,594933,10-01-2024 21:45,12-10-2023 23:00
13366,442,d683ff7b8b7ec25d210d61d015c0aa66c0befccaa031851d067af87b,INDY staking reward,12 October 2023,68350,10-01-2024 21:45,12-10-2023 23:00
13367,442,8732d6ae48c07b2694e9918fcdfff84e0995b165d4615c32fc76a978,INDY staking reward,12 October 2023,1188301,10-01-2024 21:45,12-10-2023 23:00
13368,442,a843952052121af4fbe1030d1f04efc1e600e34c01c56f48ac6c7dda,INDY staking reward,12 October 2023,33320,10-01-2024 21:45,12-10-2023 23:00
13369,442,024856b442278b7d5e63295585fa42f12113724292d75a5288822367,INDY staking reward,12 October 2023,286614,10-01-2024 21:45,12-10-2023 23:00
13370,442,2dd51dc59fc48714fbea2a956a327478d6689ca34cb4b153d0d9bc74,INDY staking reward,12 October 2023,714510,10-01-2024 21:45,12-10-2023 23:00
13371,442,eb399c4149c7004a187d460e10d8e524215b9b39e600560ce8f42806,INDY staking reward,12 October 2023,2521219,10-01-2024 21:45,12-10-2023 23:00
13372,442,460b03e4c9be9f26635bbb42db1bb7757c65f8bdafa5155fcc3ca9df,INDY staking reward,12 October 2023,1973627,10-01-2024 21:45,12-10-2023 23:00
13373,442,5a3d4f39ee17e2b67b6dd93ba71379a098b16f5f1839a069ce9533f4,INDY staking reward,12 October 2023,1359121,10-01-2024 21:45,12-10-2023 23:00
13374,442,db65acac4f16266b7f8a861554967ce8269de3b2b3a37ce6d225711b,INDY staking reward,12 October 2023,708092,10-01-2024 21:45,12-10-2023 23:00
13375,442,1385472fec065e645adad4da5662368191ca8f5f6fe59fe849d7002e,INDY staking reward,12 October 2023,2925,10-01-2024 21:45,12-10-2023 23:00
13376,442,e6fdaba56d087a16a9d4cd4a298d537bb25843159bbe8c9dfcfa3530,INDY staking reward,12 October 2023,99961,10-01-2024 21:45,12-10-2023 23:00
13377,442,01bef998896e98a7da9e8c730f444f02531fbf1d3ab31f5dac05823b,INDY staking reward,12 October 2023,718833,10-01-2024 21:45,12-10-2023 23:00
13378,442,bb32c423f9a82af12f10a7ddfbb3e06a6160ad5b75827a14c2975eb5,INDY staking reward,12 October 2023,65385,10-01-2024 21:45,12-10-2023 23:00
13379,442,33aa2d901716ff3f637169a618cb88361d1c8a9fc3a1eb34e4e27b80,INDY staking reward,12 October 2023,34974,10-01-2024 21:45,12-10-2023 23:00
13380,442,5f75978f9c34609c4720a15d2cb51b1384ef0711a8e4afa7de0d060a,INDY staking reward,12 October 2023,375559,10-01-2024 21:45,12-10-2023 23:00
13381,442,299eca15c1fa5d35980dc122ac3799ee69dfb47b6e92dbb4106487b6,INDY staking reward,12 October 2023,1555759,10-01-2024 21:45,12-10-2023 23:00
13382,442,a836e9f32647485865548db5a020c7cbbb98ecdd4bd7886b257ed155,INDY staking reward,12 October 2023,1026692,10-01-2024 21:45,12-10-2023 23:00
13383,442,cb7cb7825c61148750bb1569f658df2f54872e4a21378797628893f9,INDY staking reward,12 October 2023,2335835,10-01-2024 21:45,12-10-2023 23:00
13384,442,114f4683535d7ae8121d8287e8507d705177dd8d6eb449751ae88d9e,INDY staking reward,12 October 2023,1027317,10-01-2024 21:45,12-10-2023 23:00
13385,442,775ef1ace4264239a1f7713dfcf2509b35664a69ff58631d9ca7b43d,INDY staking reward,12 October 2023,32070,10-01-2024 21:45,12-10-2023 23:00
13386,442,496e24a484a1bf94a303a2f0d5940dfe34db0b07386f73ea6996271b,INDY staking reward,12 October 2023,617748,10-01-2024 21:45,12-10-2023 23:00
13387,442,bea9456d8a820a6b82986ab9bd2811338e120d02c04be3d01280c1fc,INDY staking reward,12 October 2023,717384,10-01-2024 21:45,12-10-2023 23:00
13388,442,9a2468984f0481f9e23b7537207c3f5ebee0803e8cd93be6e89b18da,INDY staking reward,12 October 2023,198973,10-01-2024 21:45,12-10-2023 23:00
13389,442,5bdd4037f2764926f4dd31d36b409f8e8bcaa81bf28557e1ff770a77,INDY staking reward,12 October 2023,650993,10-01-2024 21:45,12-10-2023 23:00
13390,442,1d80deffae03e338ff08903a41506c45b274b85f6a9b439391226cd6,INDY staking reward,12 October 2023,1441857,10-01-2024 21:45,12-10-2023 23:00
13391,442,9bf780683ee09b92d00a465c519ef7febf74a26e6ff45fd9af96e496,INDY staking reward,12 October 2023,27758465,10-01-2024 21:45,12-10-2023 23:00
13392,442,597619e9233ddb715df243a0d183d89891f3204dcac08dcd692732ef,INDY staking reward,12 October 2023,651973,10-01-2024 21:45,12-10-2023 23:00
13393,442,230b51af049fb21eb6aa6c1da19f1ac3e3d70b406e1fdd0ce14c6701,INDY staking reward,12 October 2023,398739,10-01-2024 21:45,12-10-2023 23:00
13394,442,f00f927995925d46c18314ed041f55e32d1e9bc0da7b18b5f9d56602,INDY staking reward,12 October 2023,8361636,10-01-2024 21:45,12-10-2023 23:00
13395,442,72840ba35a6e9ce8a523d6ba64bb70ea14031f2875a718c129800680,INDY staking reward,12 October 2023,580309,10-01-2024 21:45,12-10-2023 23:00
13396,442,1aa4a2376f5c551e5679a0e6fc01596c8820e1c53fb3b00713eb78a7,INDY staking reward,12 October 2023,704501,10-01-2024 21:45,12-10-2023 23:00
13397,442,530e91da3662110b551799b066ca208a143fc6258d65641f9b6c456c,INDY staking reward,12 October 2023,1042144,10-01-2024 21:45,12-10-2023 23:00
13398,442,cb44c5c6f0a6109c2baee173a210a726ce921c72880f256b3451fecb,INDY staking reward,12 October 2023,297633,10-01-2024 21:45,12-10-2023 23:00
13399,442,de8488c64fd5fc8383668f550cb79f2c2548238b214e2a332eb953b0,INDY staking reward,12 October 2023,6197741,10-01-2024 21:45,12-10-2023 23:00
13400,442,0caac09ff220e441884a7a73eef7a39f1372cf9bf052c92db4155457,INDY staking reward,12 October 2023,595606,10-01-2024 21:45,12-10-2023 23:00
13401,442,e7f13a2465edd8eb64fa1929e365ff34fdfe3984530dc79d2bf994c6,INDY staking reward,12 October 2023,952392,10-01-2024 21:45,12-10-2023 23:00
13402,442,9e14c25514abd4e463b4b90cc16403eed16e70212e55fa09651e5426,INDY staking reward,12 October 2023,376697,10-01-2024 21:45,12-10-2023 23:00
13403,442,594b5cf4b90fa03498e94b259e4462f7b838acbb727e5fb27a1512a2,INDY staking reward,12 October 2023,309791,10-01-2024 21:45,12-10-2023 23:00
13404,442,a1a74800f83cfcd051c20ecc8b18afb386e111657b3166f35208880e,INDY staking reward,12 October 2023,37142,10-01-2024 21:45,12-10-2023 23:00
13405,442,9bd3f69b4c63d599fdad5b151e8ea20bb61a05995cba211562730ec5,INDY staking reward,12 October 2023,1819635,10-01-2024 21:45,12-10-2023 23:00
13406,442,0a36d2059eac53b46045092125f8419d455cf63ba48a7f2285a1a691,INDY staking reward,12 October 2023,329384,10-01-2024 21:45,12-10-2023 23:00
13407,442,e292dc90457553865ecf16f586d72185fe4ef1afb2dc708f7099e4dd,INDY staking reward,12 October 2023,309008,10-01-2024 21:45,12-10-2023 23:00
13408,442,6c304017a8e3e052142f75d2a85ac1cfc10243686113023b889c8968,INDY staking reward,12 October 2023,143290,10-01-2024 21:45,12-10-2023 23:00
13409,442,94383c0e1505b2041179e4c62e9de5178cd95e9c4884a5a369e4bfdd,INDY staking reward,12 October 2023,1115509,10-01-2024 21:45,12-10-2023 23:00
13410,442,a8c1686a9c2c6898f87608a0a687bbbbae3c2c0f9772c578eb79d983,INDY staking reward,12 October 2023,1125090,10-01-2024 21:45,12-10-2023 23:00
13411,442,590d2732226bce1245e4da51d3c55e00f3e7ec6a16c5117904558405,INDY staking reward,12 October 2023,246744,10-01-2024 21:45,12-10-2023 23:00
13412,442,607b30e34270b5537d464438b4610e8ef7b31dbec118f1300f9c011e,INDY staking reward,12 October 2023,563303,10-01-2024 21:45,12-10-2023 23:00
13413,442,4902bdbac91e34e0e012dab5ff46ccd5aa39ccb3db22e7054f73854d,INDY staking reward,12 October 2023,2667973,10-01-2024 21:45,12-10-2023 23:00
13414,442,15e617e9ae667413f2b17c82378d0aaabe6d2d243dbce24421e7163c,INDY staking reward,12 October 2023,9808324,10-01-2024 21:45,12-10-2023 23:00
13415,442,05f8ebd54f40e71508f9cfec116a05dc8256562162f8024666821248,INDY staking reward,12 October 2023,159173,10-01-2024 21:45,12-10-2023 23:00
13416,442,659be01a2bc53981c075ba6c748400548f97fdf3d84a7f898d96460d,INDY staking reward,12 October 2023,1012463,10-01-2024 21:45,12-10-2023 23:00
13417,442,2e530d847ecf4e70e5ef5bbebc8f4491fcf73b57dc705bef1513fbcf,INDY staking reward,12 October 2023,516695,10-01-2024 21:45,12-10-2023 23:00
13418,442,c24c11b60bce7b960db8a2bb414f0e00db247f70db04a0a4de0e96a9,INDY staking reward,12 October 2023,725630,10-01-2024 21:45,12-10-2023 23:00
13419,442,ea2c2133ee987bb3a06fa2dac1dd112768e64282a37e9be7e426fbb8,INDY staking reward,12 October 2023,94248,10-01-2024 21:45,12-10-2023 23:00
13420,442,bb2c6f3da5959416cf6c82bd5d1772ebf58c05c00c2b06ea699a2a25,INDY staking reward,12 October 2023,687295,10-01-2024 21:45,12-10-2023 23:00
13421,442,ab0ee7328a6643b8b0f1b0990ad8d05a6aec2ca1f80e0c34877a4dcc,INDY staking reward,12 October 2023,10092687,10-01-2024 21:45,12-10-2023 23:00
13422,442,f1fd5fd7154759c785737edd86ea83fcedaa305ca780e20d69cf294a,INDY staking reward,12 October 2023,276303,10-01-2024 21:45,12-10-2023 23:00
13423,442,b18c6ec043fe8be54994fea40737423de41f59bf46b00920c2f9001d,INDY staking reward,12 October 2023,1091217,10-01-2024 21:45,12-10-2023 23:00
13424,442,95aab629810acf425e4448592d1a5a0265255116e5451f90d7034b58,INDY staking reward,12 October 2023,30678,10-01-2024 21:45,12-10-2023 23:00
13425,442,af28fb0c496ec12e14bd2b811c3e0b14af9b5f18832209c9403015b3,INDY staking reward,12 October 2023,59469,10-01-2024 21:45,12-10-2023 23:00
13426,442,338f6ad73e0886541751486f71ceb084279c1ef0babe1ca9a2d58687,INDY staking reward,12 October 2023,1024325,10-01-2024 21:45,12-10-2023 23:00
13427,442,abb253e5b6a7d55fa17e1b44d424d331db044cae077e8cd02c52c35a,INDY staking reward,12 October 2023,162540,10-01-2024 21:45,12-10-2023 23:00
13428,442,c2caa3f52fdfe4424d8aab68f691aa1617988acdb86a37b2850795ac,INDY staking reward,12 October 2023,68228,10-01-2024 21:45,12-10-2023 23:00
13429,442,20d18838ef5fa3dffc2a081cd2d818d5107b9eedae2acf54e11fb5e6,INDY staking reward,12 October 2023,62182,10-01-2024 21:45,12-10-2023 23:00
13430,442,c6f107c42cc71a66e32aa050e10e55847bea744aa74e1b2134435e05,INDY staking reward,12 October 2023,459392,10-01-2024 21:45,12-10-2023 23:00
13431,442,6a22c66b1ac47584e99999b61de170878547bb5a6b87946a6f1e018e,INDY staking reward,12 October 2023,351181,10-01-2024 21:45,12-10-2023 23:00
13432,442,725fca12f5495b2d9c9be40376355bb56f673261a0c0fefcc0e83128,INDY staking reward,12 October 2023,598129,10-01-2024 21:45,12-10-2023 23:00
13433,442,5cdd7f4959486306226ebcf1e43d45d7bfe2c4acd7ebafaf2c647248,INDY staking reward,12 October 2023,891831,10-01-2024 21:45,12-10-2023 23:00
13434,442,7efb273865feb908d7ddba513de17352e1554b62e62f9f417113749b,INDY staking reward,12 October 2023,36653,10-01-2024 21:45,12-10-2023 23:00
13435,442,b4f996116c0db0db28209974912dc72ee8c725912d4812e4ef6fc30d,INDY staking reward,12 October 2023,23339,10-01-2024 21:45,12-10-2023 23:00
13436,442,3d6e46df3ed362c84cae2d3baa5c9928b77a4a57e67a9160bb29ef06,INDY staking reward,12 October 2023,275365,10-01-2024 21:45,12-10-2023 23:00
13437,442,772e948ec345913bb1f86e295f4ff0d3b1f70e1b4ebca5831c6532a9,INDY staking reward,12 October 2023,30851,10-01-2024 21:45,12-10-2023 23:00
13438,442,20e6fbd5dc1f0edd267fd7d81a4ee11caa622a2d9f0bf88f98bdec4f,INDY staking reward,12 October 2023,238089,10-01-2024 21:45,12-10-2023 23:00
13439,442,5a1495f98852fd394dfe23119301d750e8c6e2cdece6a0085c87b9de,INDY staking reward,12 October 2023,160851,10-01-2024 21:45,12-10-2023 23:00
13440,442,942d9144b96215136acec99af4371c38bcf6451a7ede083e9663d401,INDY staking reward,12 October 2023,6098051,10-01-2024 21:45,12-10-2023 23:00
13441,442,bd1ef25d7138bdecb0e6eb7efeef0b3338628a4406d7e482670cdb7c,INDY staking reward,12 October 2023,351343,10-01-2024 21:45,12-10-2023 23:00
13442,442,18ace5c61146b0b26f7d74e411da1394b5975350078e18d652c0f6a5,INDY staking reward,12 October 2023,177563,10-01-2024 21:45,12-10-2023 23:00
13443,442,c7a86c9c19def585d674247d860174f22835041153f5d755700ca691,INDY staking reward,12 October 2023,515517,10-01-2024 21:45,12-10-2023 23:00
13444,442,fdc9272f3ac1db456c05ea777081d86566f69baf4bc13fb50ff98f6e,INDY staking reward,12 October 2023,52381,10-01-2024 21:45,12-10-2023 23:00
13445,442,b9979b3a9ceee50179595a54a5e1224aee35f9d541d2bb807636c085,INDY staking reward,12 October 2023,7037,10-01-2024 21:45,12-10-2023 23:00
13446,442,c249b8f615fe76ae4d217fe9e2b4ecfa11fc079508b9b72c670b1738,INDY staking reward,12 October 2023,745138,10-01-2024 21:45,12-10-2023 23:00
13447,442,5834339402f6bd810d57a87203feb467b602289e6cdce6d204216ce2,INDY staking reward,12 October 2023,36352,10-01-2024 21:45,12-10-2023 23:00
13448,442,ac05ab1c2cd7af13f13b2f9eb5c7d1a1f35216613c58f6e78b35f67d,INDY staking reward,12 October 2023,1003953560,10-01-2024 21:45,12-10-2023 23:00
13449,442,616c3e9cba8f160677242c76a07b025d605f0ffa90b5862c4446e8c6,INDY staking reward,12 October 2023,596529,10-01-2024 21:45,12-10-2023 23:00
13450,442,b47ead9c1c659d7d927c23212bd62d475f71d986236aafe16bde23ee,INDY staking reward,12 October 2023,297908,10-01-2024 21:45,12-10-2023 23:00
13451,442,2795b7b51bdf9be9e61f92f50bf27bf425f80dcb1044d6bc240c1ed0,INDY staking reward,12 October 2023,992148,10-01-2024 21:45,12-10-2023 23:00
13452,442,bb065d2662a76b6a4be9b01e41d5c3f50462c1dda589da692b9754da,INDY staking reward,12 October 2023,4610154,10-01-2024 21:45,12-10-2023 23:00
13453,442,8bb0865bb4db24f54f482407ac29261fdb00c959aafa4117d0ede5d9,INDY staking reward,12 October 2023,20510,10-01-2024 21:45,12-10-2023 23:00
13454,442,ba9cdccfb43c0bb8236d5819a7086f1093d0c0a4d6b631ea5eed67bc,INDY staking reward,12 October 2023,1571250,10-01-2024 21:45,12-10-2023 23:00
13455,442,a65059f2283e5ff29d0c818cba02d9f700fc7c3e891c324bdfd5d1ca,INDY staking reward,12 October 2023,188948,10-01-2024 21:45,12-10-2023 23:00
13456,442,f28382adfa047a0f4258f6ebe2dc27f1b31852ad0afa692e553d75e0,INDY staking reward,12 October 2023,56550,10-01-2024 21:45,12-10-2023 23:00
13457,442,4e97aa6be7488877b0e0444a7499b89db7dc6e2b6cd2c84aa4396025,INDY staking reward,12 October 2023,4220432,10-01-2024 21:45,12-10-2023 23:00
13458,442,1940d3fec85e9061523ad6a42f216ae820eb69c4a54d83cf9aee3896,INDY staking reward,12 October 2023,598766,10-01-2024 21:45,12-10-2023 23:00
13459,442,6dbf473f01620695d0930a0e068f2c71af6993d5fd65f395ceaa11af,INDY staking reward,12 October 2023,89887,10-01-2024 21:45,12-10-2023 23:00
13460,442,4c8ddc960d7cbccc1b16fdc6b9df07cb932c655bf0b596435b5e08ab,INDY staking reward,12 October 2023,913420,10-01-2024 21:45,12-10-2023 23:00
13461,442,71dac4f7e5ac1c417558796fcea66a1e2dd109f0c9433f89907fc722,INDY staking reward,12 October 2023,1401623,10-01-2024 21:45,12-10-2023 23:00
13462,442,895dbda6ce8ae6e05cb8936861ffdc934ef3f8b289ecbaf06f20da59,INDY staking reward,12 October 2023,749079,10-01-2024 21:45,12-10-2023 23:00
13463,442,c85e5827ec3620637c26781bb5ea0dbb047692badb517adfbad80321,INDY staking reward,12 October 2023,339244,10-01-2024 21:45,12-10-2023 23:00
13464,442,54b7fb4b69eed7358b816f23a08ec3a96fe6b80be6477682caffa420,INDY staking reward,12 October 2023,250713,10-01-2024 21:45,12-10-2023 23:00
13465,442,c1b6645d779259c35eb76b24c1246268cab805bccea9e202efa61910,INDY staking reward,12 October 2023,2428661,10-01-2024 21:45,12-10-2023 23:00
13466,442,529828b5fb8e3347ffc11e615fead9d06250f5457c828595bba6d3ba,INDY staking reward,12 October 2023,147731,10-01-2024 21:45,12-10-2023 23:00
13467,442,34cf2ba5230a0707a588f234af528b54521803ee0e42652343a50860,INDY staking reward,12 October 2023,1125001,10-01-2024 21:45,12-10-2023 23:00
13468,442,2fbdf41fac86b8215049143086655832bbab1c197f3768f20cd72cc6,INDY staking reward,12 October 2023,22084,10-01-2024 21:45,12-10-2023 23:00
13469,442,e544d0152f17bacc61736bea720477a416dbd60ead88c42cf6dda564,INDY staking reward,12 October 2023,179586,10-01-2024 21:45,12-10-2023 23:00
13470,442,a3857f6dc9fa15ac685d02ad13824292ec40648c7af5b4fbe064c0d8,INDY staking reward,12 October 2023,8281,10-01-2024 21:45,12-10-2023 23:00
13471,442,2b3f8ce415f63a81454d53882a00a4d2225e1284c257a8b14ecb4c22,INDY staking reward,12 October 2023,59876,10-01-2024 21:45,12-10-2023 23:00
13472,442,d4bed2ddaa7dfa8f582a33dae7d0f0e0dca95bc6a7d9674807386af3,INDY staking reward,12 October 2023,290543,10-01-2024 21:45,12-10-2023 23:00
13473,442,8ae7c1900973787d73c17eb1ee974babede3d21b69489f0413815b9b,INDY staking reward,12 October 2023,117575,10-01-2024 21:45,12-10-2023 23:00
13474,442,73eaddefb62742a782b956b5f4a1b60290ce88471b29d850364a130a,INDY staking reward,12 October 2023,41716,10-01-2024 21:45,12-10-2023 23:00
13475,442,17269abdb3bb645af9437a9cdef77713ae3d8c1702f4a9666f249df3,INDY staking reward,12 October 2023,83717,10-01-2024 21:45,12-10-2023 23:00
13476,442,fc1c84e08e8e47cda82dfe5d2778002da43570516efe2517c7878226,INDY staking reward,12 October 2023,33173,10-01-2024 21:45,12-10-2023 23:00
13477,442,db231f5a41c37979a50a5aa285c16412510e1b4fed6f61e4bdd990f1,INDY staking reward,12 October 2023,119383,10-01-2024 21:45,12-10-2023 23:00
13478,442,02b80d9935da7f00d97323735ff2641d938b14f3ecd24b01a990afe5,INDY staking reward,12 October 2023,372400,10-01-2024 21:45,12-10-2023 23:00
13479,442,eb3c8afd6a7957c098588ae417a828fa7406802a50c8cdda441b341f,INDY staking reward,12 October 2023,37154,10-01-2024 21:45,12-10-2023 23:00
13480,442,134772ad86746619dd39c1bcfd82c5cbec2872f3fbbae1c289e2c7c4,INDY staking reward,12 October 2023,595829,10-01-2024 21:45,12-10-2023 23:00
13481,442,69884af0dc99065a6ae881fd2e4593ecc279742106e0d13f8d154888,INDY staking reward,12 October 2023,15733332,10-01-2024 21:45,12-10-2023 23:00
13482,442,0ca27288940ae37a9b16ed805ec83cb8b6b901df59d6cb99f2f5f974,INDY staking reward,12 October 2023,724822,10-01-2024 21:45,12-10-2023 23:00
13483,442,95fa00657c1613aa2f6a3ff39b636d93ae3106ec72498d3e39b0fa8e,INDY staking reward,12 October 2023,4078154,10-01-2024 21:45,12-10-2023 23:00
13484,442,de9e07a730e94137fa7ae2b40f4956b8a504e10e95fb197f0e108b73,INDY staking reward,12 October 2023,3879806,10-01-2024 21:45,12-10-2023 23:00
13485,442,8d6ea93063eb24cfda5ccf10dca2247e899a25134395eded5a9ef8cd,INDY staking reward,12 October 2023,1011710,10-01-2024 21:45,12-10-2023 23:00
13486,442,725e7e835250b2cc02881e8bb55e8264c38fb4fdf15e478ab0621720,INDY staking reward,12 October 2023,29591227,10-01-2024 21:45,12-10-2023 23:00
13487,442,68fb726d104e615aa74b865aa28f0e8460ef489721ee26413f190a2b,INDY staking reward,12 October 2023,8892,10-01-2024 21:45,12-10-2023 23:00
13488,442,fd79020d34bdd47dbdfbc9bd9b330d43a0ab87be0e6f96a7328591d0,INDY staking reward,12 October 2023,954540,10-01-2024 21:45,12-10-2023 23:00
13489,442,4026ad84915429299bf28a8dd1a8f5b4df65d5a8a49c4e729d0f2250,INDY staking reward,12 October 2023,4206480,10-01-2024 21:45,12-10-2023 23:00
13490,442,3993f803206b3c6d823fd5286f5dc1d4c91135afbafd3e54f651a411,INDY staking reward,12 October 2023,61866380,10-01-2024 21:45,12-10-2023 23:00
13491,442,fe4cf1daff7052d78068d03148718bfa73ce6d7dd0218380801bd768,INDY staking reward,12 October 2023,1515033,10-01-2024 21:45,12-10-2023 23:00
13492,442,c79af53e134e47647c2b3b2a2a0f2470e5d780cd76fe4d756f679609,INDY staking reward,12 October 2023,1543927,10-01-2024 21:45,12-10-2023 23:00
13493,442,8e10e8a74dd1d2d16fb65bd52c367a037f7058195832a2c0681e8e02,INDY staking reward,12 October 2023,256447,10-01-2024 21:45,12-10-2023 23:00
13494,442,10dfaf8f45029dd387c9e8a0e4ccb632be14d609d0040fad126069f4,INDY staking reward,12 October 2023,3507024,10-01-2024 21:45,12-10-2023 23:00
13495,442,01f8201d8a816667a60991c48558305e0b2bafa074ff269a195b000b,INDY staking reward,12 October 2023,41928,10-01-2024 21:45,12-10-2023 23:00
13496,442,0e0e12df3f3f5a2cd59f3d2b767cbe947e7e4892e027033457eeaa75,INDY staking reward,12 October 2023,1581200,10-01-2024 21:45,12-10-2023 23:00
13497,442,c6aef9c4dd86f4d87ee64da60a47365ddefcce6afe4f81ab201dcd59,INDY staking reward,12 October 2023,503125,10-01-2024 21:45,12-10-2023 23:00
13498,442,00a84e32288ae7b4e6b88e0924ba39bcf4ee1648099eaef3ee634cf5,INDY staking reward,12 October 2023,1213112,10-01-2024 21:45,12-10-2023 23:00
13499,442,cdbdf7d866e346aba892d77fc23376527bba88bf00b5e3f4af760fdb,INDY staking reward,12 October 2023,441956,10-01-2024 21:45,12-10-2023 23:00
13500,442,f04b68fae7139e08a0830a7ff9a4146ba44d4404c1e843b8ec59d2a8,INDY staking reward,12 October 2023,3362680,10-01-2024 21:45,12-10-2023 23:00
13501,442,a7781aebe586f1b79c3cc0dd71780c1051b385472120bc62a9c66992,INDY staking reward,12 October 2023,105334,10-01-2024 21:45,12-10-2023 23:00
13502,442,55aee1007f4467b0d4ce1b67cf131be02a0c040d3123964525a75703,INDY staking reward,12 October 2023,74131,10-01-2024 21:45,12-10-2023 23:00
13503,442,a599571d436d6d4796f955247b1e358fa4275e063273d81dc5845a47,INDY staking reward,12 October 2023,64258,10-01-2024 21:45,12-10-2023 23:00
13504,442,38a8fc64092a8494a51aa737c5ed6d1a719646dc471a3b5e71a8aa70,INDY staking reward,12 October 2023,1691371,10-01-2024 21:45,12-10-2023 23:00
13505,442,268b50ad94f59bf74b844db64a206111490bce164673364de01ade99,INDY staking reward,12 October 2023,442015,10-01-2024 21:45,12-10-2023 23:00
13506,442,854d1dc14f7716190009c257c268624ea1e9df64c53cad2c8c858b81,INDY staking reward,12 October 2023,30189,10-01-2024 21:45,12-10-2023 23:00
13507,442,5dab3fd5d3fcd16456322797fb97bfffb7fe5422621e5fbcb24a8e4b,INDY staking reward,12 October 2023,91400,10-01-2024 21:45,12-10-2023 23:00
13508,442,d1d795290a3d33966342eccfa48370fd31be84d20da657cfde20f293,INDY staking reward,12 October 2023,6228384,10-01-2024 21:45,12-10-2023 23:00
13509,442,699495d278ad65e6cca01c2672c7a14e5520799efce571e6460d8d01,INDY staking reward,12 October 2023,46350,10-01-2024 21:45,12-10-2023 23:00
13510,442,96623e8c15842d11060747474564901af30f1cc64ecceafcd118ae8f,INDY staking reward,12 October 2023,447694,10-01-2024 21:45,12-10-2023 23:00
13511,442,52697db9fbd69b5e179c7efa4b0d97cda28024087875c212e0a7a627,INDY staking reward,12 October 2023,1689076,10-01-2024 21:45,12-10-2023 23:00
13512,442,eff15a8eee7dbe991d1c3779f3bd9c07e99324872ae6cc7dadd673c4,INDY staking reward,12 October 2023,4379,10-01-2024 21:45,12-10-2023 23:00
13513,442,08abc365d15eb5a450ff8ed2a6207bfa3cb5a0df4ec1ddd0e6636026,INDY staking reward,12 October 2023,9220,10-01-2024 21:45,12-10-2023 23:00
13514,442,e172372e095955f0de4785d670f61f41e8d1db5fa06ec22ea9ae934f,INDY staking reward,12 October 2023,265457,10-01-2024 21:45,12-10-2023 23:00
13515,442,4f8edf63fddd78518ee36c8b5d0366c3f57cca7707320c9b6d3b434b,INDY staking reward,12 October 2023,246371,10-01-2024 21:45,12-10-2023 23:00
13516,442,7a64f9307cd367eb3fb4a1f9ee3540a97f92384e95cb16d875c7bdb1,INDY staking reward,12 October 2023,717936,10-01-2024 21:45,12-10-2023 23:00
13517,442,de2741b180b358007312e37d9f95bb2a9d9fe21e501077c097242bb6,INDY staking reward,12 October 2023,595266,10-01-2024 21:45,12-10-2023 23:00
13518,442,9124156d56646d11e50b702724ceb71ffb59238add6deebc4e176f9b,INDY staking reward,12 October 2023,622582,10-01-2024 21:45,12-10-2023 23:00
13519,442,c754d731ec135c7eb6db99ff3eb80365fc88c3224b88efc4bef016e6,INDY staking reward,12 October 2023,15449183,10-01-2024 21:45,12-10-2023 23:00
13520,442,de39f7ab04f04a2bc7ae856070da9c729ab014f9fbc7366ccf04b6a2,INDY staking reward,12 October 2023,54191,10-01-2024 21:45,12-10-2023 23:00
13521,442,aa80189636dcc8158a3867734374b720e2478b679496c05430f410cf,INDY staking reward,12 October 2023,3083037,10-01-2024 21:45,12-10-2023 23:00
13522,442,9a87e01b2fc854b5c7c70267da8f3ed2d1343329aa8e86efde7748aa,INDY staking reward,12 October 2023,1063614,10-01-2024 21:45,12-10-2023 23:00
13523,442,7c5378fa54feb8a83d9a2a241503e07eee3876d90931e1953788c3e4,INDY staking reward,12 October 2023,332538,10-01-2024 21:45,12-10-2023 23:00
13524,442,cb07fef02adf81a4bb0ee3ec992f392a4ecd92774619a97be8f086b9,INDY staking reward,12 October 2023,366859,10-01-2024 21:45,12-10-2023 23:00
13525,442,112a2e39403b4c465eba58266531b82db8c7950ebae17b0aed8a6d88,INDY staking reward,12 October 2023,21911,10-01-2024 21:45,12-10-2023 23:00
13526,442,7328ab6d917830c7db07347e34d628bd76421d260b9064231a34955e,INDY staking reward,12 October 2023,392097,10-01-2024 21:45,12-10-2023 23:00
13527,442,edb0c1b08e873184c25ab99e045c1331c2a8009d5d6abafef20429d7,INDY staking reward,12 October 2023,1228583,10-01-2024 21:45,12-10-2023 23:00
13528,442,6cfbc28fa54b2920b6cad9531f7071724ecaf253e52c0c7686613e98,INDY staking reward,12 October 2023,26214,10-01-2024 21:45,12-10-2023 23:00
13529,442,7df064a2b84feb197eb72951b573bfbf85e20d5ad55dc4e344595bd2,INDY staking reward,12 October 2023,275670,10-01-2024 21:45,12-10-2023 23:00
13530,442,f9ebcc2a02bd2984112729a5cc52f5fc0bfc126efaa2b38d4bef4637,INDY staking reward,12 October 2023,49422,10-01-2024 21:45,12-10-2023 23:00
13531,442,520656bf9131c244f7925816da91de7e7b8f96b868d358641128120b,INDY staking reward,12 October 2023,222580,10-01-2024 21:45,12-10-2023 23:00
13532,442,e01c3445b0cb419904ece29143d8fb015d498e90c33f8052545ba1da,INDY staking reward,12 October 2023,45955,10-01-2024 21:45,12-10-2023 23:00
13533,442,8d995bf956bbf2a69b6549ca3a6830e9292b0d2641e9fa520d0f294d,INDY staking reward,12 October 2023,862872,10-01-2024 21:45,12-10-2023 23:00
13534,442,83d6a70fc8175ef9b6c28e852325b084bd687a20eee6a91a074032b1,INDY staking reward,12 October 2023,54626976,10-01-2024 21:45,12-10-2023 23:00
13535,442,264b3be253f8b7ded1b7c01a483256379777df963ce59e49167e95d4,INDY staking reward,12 October 2023,368733,10-01-2024 21:45,12-10-2023 23:00
13536,442,ef1b8e5788243f98f97c531b88761b54587163b6478ac6ff99fe359e,INDY staking reward,12 October 2023,71621,10-01-2024 21:45,12-10-2023 23:00
13537,442,d98b28723b3d2830bb326cac6f5c2f24a33372bf70df45a8edec720d,INDY staking reward,12 October 2023,109694,10-01-2024 21:45,12-10-2023 23:00
13538,442,2772388f1b0f2a02ac50c87a58f500ebda9b80a4fe8faa0237326e74,INDY staking reward,12 October 2023,897402,10-01-2024 21:45,12-10-2023 23:00
13539,442,0ad4bf4161c215d65398fa2f913d6f73df8a757c07416870792b1c98,INDY staking reward,12 October 2023,81220,10-01-2024 21:45,12-10-2023 23:00
13540,442,bf80faca49b6c4b820d11fd8028343afde02b4e9cfeded543c4650b9,INDY staking reward,12 October 2023,121803,10-01-2024 21:45,12-10-2023 23:00
13541,442,7ca3a364c1e90a3c896a1aab4309edca21fb3c566ab2d06a11d6bafc,INDY staking reward,12 October 2023,1250086,10-01-2024 21:45,12-10-2023 23:00
13542,442,b9127ad6a07fb42d0a5323ce8a79edbf1fbec2c87d010884d650799f,INDY staking reward,12 October 2023,60529,10-01-2024 21:45,12-10-2023 23:00
13543,442,5a07650ecbf89caccc2f7d54f4078a05c043ceb0a77c8445d780c2b9,INDY staking reward,12 October 2023,5956693,10-01-2024 21:45,12-10-2023 23:00
13544,442,fdcb2ad56f90c49a73ace602f2f459055f75c9b42f6b186731da60e0,INDY staking reward,12 October 2023,58790,10-01-2024 21:45,12-10-2023 23:00
13545,442,c8c9d5886fd51b0bf99c157f318f95c46574d5e63818de450654d02d,INDY staking reward,12 October 2023,2450888,10-01-2024 21:45,12-10-2023 23:00
13546,442,7c2a7c8eae8f702727b8d97db0c5d20142350d4e2809100039755cbf,INDY staking reward,12 October 2023,357834,10-01-2024 21:45,12-10-2023 23:00
13547,442,cc49c427436479201845dee1a19f6148e015b178c5cace194f9628ef,INDY staking reward,12 October 2023,309,10-01-2024 21:45,12-10-2023 23:00
13548,442,9df87edb89f15cfbbc1d2bc31d67a045860d2eed2e9b5c7f81317e41,INDY staking reward,12 October 2023,5407964,10-01-2024 21:45,12-10-2023 23:00
13549,442,d6a625657c0efe8f8a026c58b4889627baaa18a5526fea421477989f,INDY staking reward,12 October 2023,163513,10-01-2024 21:45,12-10-2023 23:00
13550,442,345149f4d560c0301f7177e9d6b2af8bf3c724b869b6fea31232bcaa,INDY staking reward,12 October 2023,866849,10-01-2024 21:45,12-10-2023 23:00
13551,442,b1c6df6e3d4ae24f71db345b1c3cda7a1ddfb7d25171bf0ff739253b,INDY staking reward,12 October 2023,149959,10-01-2024 21:45,12-10-2023 23:00
13552,442,d901310b443168e1fc2d91faeb7f64e19312a8f9ffa2280ad775c1fe,INDY staking reward,12 October 2023,212663,10-01-2024 21:45,12-10-2023 23:00
13553,442,42a1f1254b83222880c10986170dff3d174299a9b6601511d369a189,INDY staking reward,12 October 2023,45408,10-01-2024 21:45,12-10-2023 23:00
13554,442,5549e47cc751bd3ea39c302038ed15de03593797992f85d62ec3588b,INDY staking reward,12 October 2023,595,10-01-2024 21:45,12-10-2023 23:00
13555,442,e26d9bd3d7f0c3284ceaf52727499f877bed82efb6b2a987cebf4f66,INDY staking reward,12 October 2023,237622,10-01-2024 21:45,12-10-2023 23:00
13556,442,65be0ee61cc8cc3f6ff9687c6f1c8dedf12ae28ca1510ad182c8029f,INDY staking reward,12 October 2023,69386,10-01-2024 21:45,12-10-2023 23:00
13557,442,e7e403e44dba57de0f385a4cc97784eb053d1a864e4932f72939ca66,INDY staking reward,12 October 2023,30656222,10-01-2024 21:45,12-10-2023 23:00
13558,442,1611fa3eb440c2acdedc10f818112d545373c96ea039d02a060d6960,INDY staking reward,12 October 2023,2006075,10-01-2024 21:45,12-10-2023 23:00
13559,442,9d03958dbc161d2be261ca4abefe912514d0aab8fae4c6fa675179e5,INDY staking reward,12 October 2023,1291728,10-01-2024 21:45,12-10-2023 23:00
13560,442,a5979c9662c7afff1bc7d6022d2aeabf06f64539c5bd127145b3e9f2,INDY staking reward,12 October 2023,310050,10-01-2024 21:45,12-10-2023 23:00
13561,442,213a6315a3adfd1ec92b7975944a66e033cafbc8af03c734093cdaec,INDY staking reward,12 October 2023,1799171,10-01-2024 21:45,12-10-2023 23:00
13562,442,1644f631cb0096793b4eeeb991a948a568595a544dd46d2257778071,INDY staking reward,12 October 2023,42170,10-01-2024 21:45,12-10-2023 23:00
13563,442,ecdd6a81ee434c3d773a0b6b27d426b3d86ee4f8edbb4016e5a6883d,INDY staking reward,12 October 2023,283691,10-01-2024 21:45,12-10-2023 23:00
13564,442,4a56c29fe51cedb6d52c5fb17efea3451759a14b6931ec212aeea070,INDY staking reward,12 October 2023,4078559,10-01-2024 21:45,12-10-2023 23:00
13565,442,4a38898a0404df7306a94a9845665147ccaee0aee1777b550855a42a,INDY staking reward,12 October 2023,20702,10-01-2024 21:45,12-10-2023 23:00
13566,442,f4697c86ead895814fb6821d6a4ec1c7ca3792097d703231f54b2fea,INDY staking reward,12 October 2023,528922,10-01-2024 21:45,12-10-2023 23:00
13567,442,e22e374a65731b7dca2bbcfafaed3cd6bf64cf8a3e69bf898d5a9426,INDY staking reward,12 October 2023,66005,10-01-2024 21:45,12-10-2023 23:00
13568,442,0c92fa5f3f54c836a2e650cae5cdcba7fb1c73465484b6e5870aa541,INDY staking reward,12 October 2023,952187,10-01-2024 21:45,12-10-2023 23:00
13569,442,664f46aae6f6b141f25a4e365c46e76e5a40e3654c132dba68363a42,INDY staking reward,12 October 2023,741175,10-01-2024 21:45,12-10-2023 23:00
13570,442,48b0743ae3cb7f03a705cc0283e31fee0bde1fada52fca0985980c5a,INDY staking reward,12 October 2023,655183,10-01-2024 21:45,12-10-2023 23:00
13571,442,c1392bf9eb9d060a2a46e64d01409eef8d3d9056fefa25591d403ff9,INDY staking reward,12 October 2023,40012,10-01-2024 21:45,12-10-2023 23:00
13572,442,12c1a4f0877bc5d86b191e32da401a2a80062bcc318337a796f07773,INDY staking reward,12 October 2023,5567666,10-01-2024 21:45,12-10-2023 23:00
13573,442,8c1879394f01e671306b6e8f2d2f67383a3ce75a387ecf3c18e3d87d,INDY staking reward,12 October 2023,1465362,10-01-2024 21:45,12-10-2023 23:00
13574,442,2a8f72452e663bb59bfb77272eec0b72556f3f3b7a4de91d4cfebd54,INDY staking reward,12 October 2023,476265,10-01-2024 21:45,12-10-2023 23:00
13575,442,da9ba0bf74f46e68765fe32f6af623ab73d4a375a2cb2b1c768b4778,INDY staking reward,12 October 2023,5358574,10-01-2024 21:45,12-10-2023 23:00
13576,442,bb82dd3ca6f7570361047fb5a249ad46b6eb949a8bf99d68eca5a158,INDY staking reward,12 October 2023,1448039,10-01-2024 21:45,12-10-2023 23:00
13577,442,65676cd26721b57b8744e0dbc45a58d2f71577fc8d53075a0ac724a8,INDY staking reward,12 October 2023,2976,10-01-2024 21:45,12-10-2023 23:00
13578,442,a6275c87fe29638ec63e529f7ccbc3f29b77d181cee3bb24945a9fe0,INDY staking reward,12 October 2023,220109,10-01-2024 21:45,12-10-2023 23:00
13579,442,569124adbb5d1457305f93056568f6e6744675288b6ede04630140e4,INDY staking reward,12 October 2023,2270854,10-01-2024 21:45,12-10-2023 23:00
13580,442,9d998bb702a15e161b5322925d9d673702fa85f8da2cc23fc8ebf212,INDY staking reward,12 October 2023,14286,10-01-2024 21:45,12-10-2023 23:00
13581,442,a9ebddec029cc2c29d6d041ac7687f1c123ac135cf258ebcf4775159,INDY staking reward,12 October 2023,1668911,10-01-2024 21:45,12-10-2023 23:00
13582,442,5aa6c0a272274e26404c4a61647a0f3640aef587a5f070346d2ad1d7,INDY staking reward,12 October 2023,37204,10-01-2024 21:45,12-10-2023 23:00
13583,442,96cf25856115165a58985a79380745ff06a21e5000559d8f98bccf5c,INDY staking reward,12 October 2023,36669,10-01-2024 21:45,12-10-2023 23:00
13584,442,a0cee6e15f6846fd716614ec5a50af48bea1082e9773a50867f81a18,INDY staking reward,12 October 2023,1955867,10-01-2024 21:45,12-10-2023 23:00
13585,442,718607c6f9f1e8594a276ef720e9700b9a3c8ef74994c63ea81a8a48,INDY staking reward,12 October 2023,10714796,10-01-2024 21:45,12-10-2023 23:00
13586,442,3403fe6e055b5bb87ac7ba4ea21ef8b1ec230896f64993845e7aeda5,INDY staking reward,12 October 2023,37278,10-01-2024 21:45,12-10-2023 23:00
13587,442,cf80384d5c45b66114334e9aa2ceb2c5fc762a94301c4c6787c69edc,INDY staking reward,12 October 2023,4047812,10-01-2024 21:45,12-10-2023 23:00
13588,442,5b62f434ba377dc6d251365600f5dccf1880ee9acd9dc414757ea9ad,INDY staking reward,12 October 2023,1603437,10-01-2024 21:45,12-10-2023 23:00
13589,442,08cbee0ddd0a6225413ce76fabd993683a6f88a8a9874c0dc9f7b7e3,INDY staking reward,12 October 2023,70848,10-01-2024 21:45,12-10-2023 23:00
13590,442,d6da8505265361305b0d3b31990c6c68aacb8db033b9b5bfc07c9961,INDY staking reward,12 October 2023,35461,10-01-2024 21:45,12-10-2023 23:00
13591,442,c3eb3b2832a0dfe636e32898b28ed9d178086edbbf29a8a2f5c45c7c,INDY staking reward,12 October 2023,34843,10-01-2024 21:45,12-10-2023 23:00
13592,442,5a124a638a5f07ccbc904f558c13921ce0926ac207018cd23b9bbb67,INDY staking reward,12 October 2023,671835,10-01-2024 21:45,12-10-2023 23:00
13593,442,34b9eb31c69076b836788f32cc4f00a21725cbccace3077105c00801,INDY staking reward,12 October 2023,60635,10-01-2024 21:45,12-10-2023 23:00
13594,442,cbcdb1400fc1381ecb4744ae2f4cf1b1612a1d974ee0fe4326dee3c5,INDY staking reward,12 October 2023,64640,10-01-2024 21:45,12-10-2023 23:00
13595,442,099acbe816cc9495c629b0e0a5bf3bcf7cd77d9b842fba4deb665a9d,INDY staking reward,12 October 2023,15381,10-01-2024 21:45,12-10-2023 23:00
13596,442,539e71bdafc8260d49a31090a363f19f627bb412677e9af47eaaf7ee,INDY staking reward,12 October 2023,160755,10-01-2024 21:45,12-10-2023 23:00
13597,442,9f32afb76121b1f7b8f95eeb67e2e8c13346bd110e2f99ee02647139,INDY staking reward,12 October 2023,398569,10-01-2024 21:45,12-10-2023 23:00
13598,442,54007dd63152ad9122e7bab424920e99fc9421ab02842f578cbfc909,INDY staking reward,12 October 2023,31761,10-01-2024 21:45,12-10-2023 23:00
13599,442,ffdd039503cc055c683d4c9448a5de6b8440d2537d7f22d509be0244,INDY staking reward,12 October 2023,2989123,10-01-2024 21:45,12-10-2023 23:00
13600,442,7cc0c1c93ada5378c112c7e9be6b5feec3b91f5b054fd8b3b333f5e3,INDY staking reward,12 October 2023,595266,10-01-2024 21:45,12-10-2023 23:00
13601,442,2170acba5d68a11a0c3fdf0e6f0b76284d166441c3306076a8868a2d,INDY staking reward,12 October 2023,71487,10-01-2024 21:45,12-10-2023 23:00
13602,442,af750b916874672682ceb0bc47f47c5291d0959f21af0c220d247e2f,INDY staking reward,12 October 2023,53266,10-01-2024 21:45,12-10-2023 23:00
13603,442,0a86135c115a70ae45ee452937d5b526a5644a9a5f0e66d6ab46948e,INDY staking reward,12 October 2023,91029,10-01-2024 21:45,12-10-2023 23:00
13604,442,0c427a38f091cbb25edef7ac1773ad91184e64888b68833d93237d79,INDY staking reward,12 October 2023,2095594,10-01-2024 21:45,12-10-2023 23:00
13605,442,b85c65419443c985ea4e118e9fd94475fc35a76bbfaa67b350d5a4f6,INDY staking reward,12 October 2023,8001931,10-01-2024 21:45,12-10-2023 23:00
13606,442,328a3f0c132a145c9f1b9edbc7155b953bab10310a94f0a1bad6175f,INDY staking reward,12 October 2023,599181,10-01-2024 21:45,12-10-2023 23:00
13607,442,b0a222c6bfdd962ede1dda2efc895e8d4e79dd5e493694ac784bc7c9,INDY staking reward,12 October 2023,4844291,10-01-2024 21:45,12-10-2023 23:00
13608,442,ecf1cb14a49abe481c4930be126426df3a7468257a129575cd49b41b,INDY staking reward,12 October 2023,3157247,10-01-2024 21:45,12-10-2023 23:00
13609,442,fed154b8ff375c8855f72ae202abee80483810f0a2cc1d8da7594735,INDY staking reward,12 October 2023,298136,10-01-2024 21:45,12-10-2023 23:00
13610,442,8fdade66cf4413e5af751c4c0fa1be65b5605c3cc16bb4b831f65e19,INDY staking reward,12 October 2023,303588,10-01-2024 21:45,12-10-2023 23:00
13611,442,ec622c8600f497bc464d08f69666891b2f18e189b73765e83105245a,INDY staking reward,12 October 2023,101385,10-01-2024 21:45,12-10-2023 23:00
13612,442,1be7677761b8b57ac596e6eea4b189c82347c81a16883994ecab3bd1,INDY staking reward,12 October 2023,238268,10-01-2024 21:45,12-10-2023 23:00
13613,442,8dbb3099607cc9f74025f213b14113690c80a9213786b14a99578a7f,INDY staking reward,12 October 2023,702134,10-01-2024 21:45,12-10-2023 23:00
13614,442,57ddeaa392fd68799959ed26225a53efdda10ad0b297ce71a8c6b8eb,INDY staking reward,12 October 2023,16824,10-01-2024 21:45,12-10-2023 23:00
13615,442,e1a8082c47e07a5033dac58e317d904b814c3a3d26d9abe1647274b7,INDY staking reward,12 October 2023,59528,10-01-2024 21:45,12-10-2023 23:00
13616,442,4c73918d3e3dc67b301ce43a5fe15bbe5adce6215fd2ccba13ff7e10,INDY staking reward,12 October 2023,84970,10-01-2024 21:45,12-10-2023 23:00
13617,442,0bb67baf3148157625daeb00d942466bc473a3ff85dd49afa7658f89,INDY staking reward,12 October 2023,962188,10-01-2024 21:45,12-10-2023 23:00
13618,442,1c084aaa1b821b6e7d21126bd6889b7f3401ebed2d199f53a64e26fa,INDY staking reward,12 October 2023,39407,10-01-2024 21:45,12-10-2023 23:00
13619,442,3029f0f969f6d032862cbf74a5fba13bab59de16247d002ee7a7993b,INDY staking reward,12 October 2023,5978596,10-01-2024 21:45,12-10-2023 23:00
13620,442,56e68836d9442b1b775266433f285f78676d3961059100d89b72f60d,INDY staking reward,12 October 2023,38326,10-01-2024 21:45,12-10-2023 23:00
13621,442,ce02af70cd0bcfe812e8a5e6b7663c64a0b5a785fa1c14b00fedd521,INDY staking reward,12 October 2023,16170772,10-01-2024 21:45,12-10-2023 23:00
13622,442,fba0d2c2242bf4794c16df6438f63a677f173b53f5e57c3646431f3e,INDY staking reward,12 October 2023,813865,10-01-2024 21:45,12-10-2023 23:00
13623,442,b3c72cc872a682f6b3d1b8f87ff3976f088126529a6fc791da10f8bf,INDY staking reward,12 October 2023,308437,10-01-2024 21:45,12-10-2023 23:00
13624,442,1ba2ea8285e0bbba7e21b479579ac18fa99832b93752a7d5817ab96b,INDY staking reward,12 October 2023,271851,10-01-2024 21:45,12-10-2023 23:00
13625,442,0a7bc8293ae50dd74ae399b261446abff238ea7c564ad52a52168e0b,INDY staking reward,12 October 2023,139973,10-01-2024 21:45,12-10-2023 23:00
13626,442,17847aaa1e8f5041d5591347a6337e9992eb0f565f725cf43191558a,INDY staking reward,12 October 2023,158630,10-01-2024 21:45,12-10-2023 23:00
13627,442,9dcf132042889673839ea86796d3ea30d6fd52682b5bdf524dfa15ce,INDY staking reward,12 October 2023,250719,10-01-2024 21:45,12-10-2023 23:00
13628,442,48d0e3a17973c514a8e6d4f8bb3642a6873ce9b2240ccce4ef953e09,INDY staking reward,12 October 2023,435540,10-01-2024 21:45,12-10-2023 23:00
13629,442,23a833160c3d6a9c09c95cae9035dacdb5be88b00fd1c34ca6399bd7,INDY staking reward,12 October 2023,494929,10-01-2024 21:45,12-10-2023 23:00
13630,442,c7b903384f76c40512a0b94a9b3ee72ff77ee966bcc69f789de7b852,INDY staking reward,12 October 2023,407175,10-01-2024 21:45,12-10-2023 23:00
13631,442,d54a29b20fe890c66f79ade9b7bf5b59756b1cd17d76d6100794a37b,INDY staking reward,12 October 2023,595266,10-01-2024 21:45,12-10-2023 23:00
13632,442,afd88bccd3a8ac6e08b70a68fd80335692bb5f2b34229232139c76c3,INDY staking reward,12 October 2023,62819,10-01-2024 21:45,12-10-2023 23:00
13633,442,7715ea9b7284bacb2675cdc4a89dfeb34ce4245f956510eaa294e1d7,INDY staking reward,12 October 2023,9456,10-01-2024 21:45,12-10-2023 23:00
13634,442,d45412bd659b743dc194f012b7d5fb89e23cb3752460ce286879e9c8,INDY staking reward,12 October 2023,639542,10-01-2024 21:45,12-10-2023 23:00
13635,442,5702f52da640d5a34f3ab8ee04deedcd5afdbcecee453820caf77825,INDY staking reward,12 October 2023,735154,10-01-2024 21:45,12-10-2023 23:00
13636,442,476b50ba222061304df4ef1e7da2a370fc1a452f4100e862d5555269,INDY staking reward,12 October 2023,149745,10-01-2024 21:45,12-10-2023 23:00
13637,442,afa9cd53f1ec464d6bfde2b373505033e6b70197394f66a695b89f9e,INDY staking reward,12 October 2023,49817,10-01-2024 21:45,12-10-2023 23:00
13638,442,f4111bbae46475ee2fe4ddcc9b4e56b6bde1b12464cf0ffd1da01dbe,INDY staking reward,12 October 2023,2976,10-01-2024 21:45,12-10-2023 23:00
13639,442,fc5543c66855df3872fc1c6bedbd95bb592feb158a7656d0964358b1,INDY staking reward,12 October 2023,166699,10-01-2024 21:45,12-10-2023 23:00
13640,442,fba8d8b4540834cf4a429dd21d96df1b9aa9232c87cb7c22e5a91ec4,INDY staking reward,12 October 2023,269581,10-01-2024 21:45,12-10-2023 23:00
13641,442,b55349cac57fc68649e10791c0de0c9ec36bf9040b310cc22405e6ad,INDY staking reward,12 October 2023,1552798,10-01-2024 21:45,12-10-2023 23:00
13642,442,0f602b5d99125a213ff9978c6dfca3147a2daf71d7baa9807b6d395b,INDY staking reward,12 October 2023,4757,10-01-2024 21:45,12-10-2023 23:00
13643,442,5a0753a73151a92d166c9ffb167fa2af1b46be45b76b6f9417366d01,INDY staking reward,12 October 2023,29883,10-01-2024 21:45,12-10-2023 23:00
13644,442,5c704662b0f709ad9ff512bbe5ea1f24f1a1ac2a73053e12c55a50c5,INDY staking reward,12 October 2023,97,10-01-2024 21:45,12-10-2023 23:00
13645,442,914c346cd6bb0b50ae48c301419981cf847e1a056eb56f7d91d30734,INDY staking reward,12 October 2023,231182,10-01-2024 21:45,12-10-2023 23:00
13646,442,4bc42a51d5b86d192f74c6f89fff93b8b4bd983b5afa88f1f30fc307,INDY staking reward,12 October 2023,699438,10-01-2024 21:45,12-10-2023 23:00
13647,442,75840f9ca325b001d5aba750b5179a78a2d018f47952f2cbf2b49919,INDY staking reward,12 October 2023,69582,10-01-2024 21:45,12-10-2023 23:00
13648,442,9a9f9ad845523a55422b5720db7abbdf827733b0945a3aafbd5e33f9,INDY staking reward,12 October 2023,10310,10-01-2024 21:45,12-10-2023 23:00
13649,442,a03ccad35de77af874c2bd83cf91b7cdf3ecee94ba071ebc6364cdae,INDY staking reward,12 October 2023,4749821,10-01-2024 21:45,12-10-2023 23:00
13650,442,78b355ef81f783f5efe26565142565159adb6d0fe2ff17631c37540c,INDY staking reward,12 October 2023,156888,10-01-2024 21:45,12-10-2023 23:00
13651,442,5841691340afe9da06fa9b6183312767278be1ba7ca99c752ef50fd6,INDY staking reward,12 October 2023,63521,10-01-2024 21:45,12-10-2023 23:00
13652,442,a906c9214bfd42f7299dedeed943496d866cb18ce0f178b0e37d9a97,INDY staking reward,12 October 2023,270405,10-01-2024 21:45,12-10-2023 23:00
13653,442,4613c7a03b53d3a7de1991289304d848749b9602fb602bab2ed697cd,INDY staking reward,12 October 2023,118865,10-01-2024 21:45,12-10-2023 23:00
13654,442,548fece8d2f6e55efda4a70452343bc1f92cac3c1cf8ef250535c048,INDY staking reward,12 October 2023,60876,10-01-2024 21:45,12-10-2023 23:00
13655,442,811d81c21b08352b6d13adc8815022f120336e4eadd03f4ee1a1b0fa,INDY staking reward,12 October 2023,8495959,10-01-2024 21:45,12-10-2023 23:00
13656,442,a979154de7e1ed449882a66bb0f56e04b214d521c4d43f9eb9377c7a,INDY staking reward,12 October 2023,46487083,10-01-2024 21:45,12-10-2023 23:00
13657,442,036a229505824a38d579a4bd5f28bd8814f5ca46e4eac149b60ead16,INDY staking reward,12 October 2023,8929,10-01-2024 21:45,12-10-2023 23:00
13658,442,d5ab2ba7e7439ada99468b8529cad9f9ab4e1baf8f3814d9ecad2792,INDY staking reward,12 October 2023,186381,10-01-2024 21:45,12-10-2023 23:00
13659,442,6ba6df9ada53d51fd8acf6f81da00fb012a0bdf6a94cf8f369a399e4,INDY staking reward,12 October 2023,2800489,10-01-2024 21:45,12-10-2023 23:00
13660,442,ebb3c77c9d613815a380172a1ccc3f14b656b3a637c068209100501e,INDY staking reward,12 October 2023,439348,10-01-2024 21:45,12-10-2023 23:00
13661,442,a39926586271cd40910a9efa7a9bb2d6a53d7852b444ec240a99f0f9,INDY staking reward,12 October 2023,535817,10-01-2024 21:45,12-10-2023 23:00
13662,442,91fdab5eb1f6bcd9115ec56e9b26f5ffaa903266d640442220a86e19,INDY staking reward,12 October 2023,78763,10-01-2024 21:45,12-10-2023 23:00
13663,442,0427bab53bbcf176ad9d41e24459494800befa37b0009aeb61f46bec,INDY staking reward,12 October 2023,606937,10-01-2024 21:45,12-10-2023 23:00
13664,442,00d5a046be21b4c6c5c6c90c6f831f2b6413cf7c22bd0e0affddf169,INDY staking reward,12 October 2023,44406,10-01-2024 21:45,12-10-2023 23:00
13665,442,f22884c68cb845cbba534a40bc7c2d3cd362c70741bc3632c0bbf772,INDY staking reward,12 October 2023,952549,10-01-2024 21:45,12-10-2023 23:00
